100
# x y z
0	0	0
0.5	0	0
1	0	0
1.5	0	0
2	0	0
2.5	0	0
3	0	0
3.5	0	0
4	0	0
4.5	0	0
5	0	0
5.5	0	0
6	0	0
6.5	0	0
7	0	0
7.5	0	0
8	0	0
8.5	0	0
9	0	0
9.5	0	0
10	0	0
10.5	0	0
11	0	0
11.5	0	0
12	0	0
12.5	0	0
13	0	0
13.5	0	0
14	0	0
14.5	0	0
15	0	0
15.5	0	0
16	0	0
16.5	0	0
17	0	0
17.5	0	0
18	0	0
18.5	0	0
19	0	0
19.5	0	0
20	0	0
20.5	0	0
21	0	0
21.5	0	0
22	0	0
22.5	0	0
23	0	0
23.5	0	0
24	0	0
24.5	0	0
25	0	0
25.5	0	0
26	0	0
26.5	0	0
27	0	0
27.5	0	0
28	0	0
28.5	0	0
29	0	0
29.5	0	0
30	0	0
30.5	0	0
31	0	0
31.5	0	0
32	0	0
32.5	0	0
33	0	0
33.5	0	0
34	0	0
34.5	0	0
35	0	0
35.5	0	0
36	0	0
36.5	0	0
37	0	0
37.5	0	0
38	0	0
38.5	0	0
39	0	0
39.5	0	0
40	0	0
40.5	0	0
41	0	0
41.5	0	0
42	0	0
42.5	0	0
43	0	0
43.5	0	0
44	0	0
44.5	0	0
45	0	0
45.5	0	0
46	0	0
46.5	0	0
47	0	0
47.5	0	0
48	0	0
48.5	0	0
49	0	0
49.5	0	0
1541
# a b m n u i
1	4	2	3	7.26750000000000e-03	1.00000000000000e-03
2	5	3	4	7.22210000000000e-03	1.00000000000000e-03
3	6	4	5	6.01550000000000e-03	1.00000000000000e-03
4	7	5	6	5.77740000000000e-03	1.00000000000000e-03
5	8	6	7	5.11170000000000e-03	1.00000000000000e-03
6	9	7	8	4.94330000000000e-03	1.00000000000000e-03
7	10	8	9	4.74740000000000e-03	1.00000000000000e-03
8	11	9	10	4.77380000000000e-03	1.00000000000000e-03
9	12	10	11	4.20610000000000e-03	1.00000000000000e-03
10	13	11	12	4.76760000000000e-03	1.00000000000000e-03
11	14	12	13	3.70830000000000e-03	1.00000000000000e-03
12	15	13	14	4.10810000000000e-03	1.00000000000000e-03
13	16	14	15	3.81640000000000e-03	1.00000000000000e-03
14	17	15	16	3.85340000000000e-03	1.00000000000000e-03
15	18	16	17	4.11660000000000e-03	1.00000000000000e-03
16	19	17	18	5.41450000000000e-03	1.00000000000000e-03
17	20	18	19	4.68410000000000e-03	1.00000000000000e-03
18	21	19	20	5.21480000000000e-03	1.00000000000000e-03
19	22	20	21	5.45420000000000e-03	1.00000000000000e-03
20	23	21	22	6.07440000000000e-03	1.00000000000000e-03
21	24	22	23	5.08220000000000e-03	1.00000000000000e-03
22	25	23	24	6.27270000000000e-03	1.00000000000000e-03
23	26	24	25	5.85740000000000e-03	1.00000000000000e-03
24	27	25	26	4.66390000000000e-03	1.00000000000000e-03
25	28	26	27	5.47500000000000e-03	1.00000000000000e-03
26	29	27	28	7.61510000000000e-03	1.00000000000000e-03
29	32	30	31	7.09181000000000e-02	1.00000000000000e-02
30	33	31	32	8.47794000000000e-02	1.00000000000000e-02
31	34	32	33	1.16678700000000e-01	1.00000000000000e-02
32	35	33	34	1.83015500000000e-01	1.00000000000000e-02
33	36	34	35	1.42005600000000e-01	1.00000000000000e-02
34	37	35	36	1.72222500000000e-01	1.00000000000000e-02
35	38	36	37	1.52060400000000e-01	1.00000000000000e-02
36	39	37	38	1.25653700000000e-01	1.00000000000000e-02
37	40	38	39	1.39824900000000e-01	1.00000000000000e-02
38	41	39	40	1.20030500000000e-01	1.00000000000000e-02
39	42	40	41	1.29578800000000e-01	1.00000000000000e-02
40	43	41	42	1.03886500000000e-01	1.00000000000000e-02
41	44	42	43	9.28383000000000e-02	1.00000000000000e-02
42	45	43	44	8.65792000000000e-02	1.00000000000000e-02
43	46	44	45	7.87111000000000e-02	1.00000000000000e-02
44	47	45	46	8.04836000000000e-02	1.00000000000000e-02
45	48	46	47	7.38857000000000e-02	1.00000000000000e-02
46	49	47	48	6.82270000000000e-02	1.00000000000000e-02
47	50	48	49	7.69833000000000e-02	1.00000000000000e-02
48	51	49	50	6.72805000000000e-02	1.00000000000000e-02
49	52	50	51	6.84607000000000e-02	1.00000000000000e-02
50	53	51	52	7.46135000000000e-02	1.00000000000000e-02
51	54	52	53	6.93743000000000e-02	1.00000000000000e-02
52	55	53	54	7.17949000000000e-02	1.00000000000000e-02
53	56	54	55	7.62970000000000e-02	1.00000000000000e-02
54	57	55	56	7.56734000000000e-02	1.00000000000000e-02
55	58	56	57	8.14761000000000e-02	1.00000000000000e-02
56	59	57	58	8.21973000000000e-02	1.00000000000000e-02
57	60	58	59	7.66415000000000e-02	1.00000000000000e-02
58	61	59	60	7.81803000000000e-02	1.00000000000000e-02
59	62	60	61	7.78884000000000e-02	1.00000000000000e-02
60	63	61	62	8.06823000000000e-02	1.00000000000000e-02
61	64	62	63	7.40754000000000e-02	1.00000000000000e-02
62	65	63	64	7.57363000000000e-02	1.00000000000000e-02
63	66	64	65	7.17914000000000e-02	1.00000000000000e-02
64	67	65	66	6.87133000000000e-02	1.00000000000000e-02
65	68	66	67	7.16669000000000e-02	1.00000000000000e-02
66	69	67	68	6.46119000000000e-02	1.00000000000000e-02
67	70	68	69	7.19264000000000e-02	1.00000000000000e-02
68	71	69	70	7.18207000000000e-02	1.00000000000000e-02
69	72	70	71	7.16286000000000e-02	1.00000000000000e-02
70	73	71	72	7.48960000000000e-02	1.00000000000000e-02
71	74	72	73	7.97589000000000e-02	1.00000000000000e-02
72	75	73	74	5.89524000000000e-02	1.00000000000000e-02
73	76	74	75	8.87121000000000e-02	1.00000000000000e-02
74	77	75	76	6.15752000000000e-02	1.00000000000000e-02
77	80	78	79	7.66792000000000e-02	1.00000000000000e-02
78	81	79	80	7.25783000000000e-02	1.00000000000000e-02
79	82	80	81	7.31925000000000e-02	1.00000000000000e-02
80	83	81	82	8.00533000000000e-02	1.00000000000000e-02
81	84	82	83	7.48432000000000e-02	1.00000000000000e-02
82	85	83	84	7.61664000000000e-02	1.00000000000000e-02
83	86	84	85	7.65375000000000e-02	1.00000000000000e-02
84	87	85	86	6.56888000000000e-02	1.00000000000000e-02
85	88	86	87	8.61401000000000e-02	1.00000000000000e-02
86	89	87	88	6.19929000000000e-02	1.00000000000000e-02
87	90	88	89	8.81690000000000e-02	1.00000000000000e-02
88	91	89	90	6.91657000000000e-02	1.00000000000000e-02
89	92	90	91	8.31338000000000e-02	1.00000000000000e-02
90	93	91	92	7.86273000000000e-02	1.00000000000000e-02
91	94	92	93	7.40980000000000e-02	1.00000000000000e-02
92	95	93	94	8.11299000000000e-02	1.00000000000000e-02
93	96	94	95	7.67383000000000e-02	1.00000000000000e-02
94	97	95	96	7.43298000000000e-02	1.00000000000000e-02
95	98	96	97	8.08133000000000e-02	1.00000000000000e-02
96	99	97	98	7.16239000000000e-02	1.00000000000000e-02
97	100	98	99	8.26352000000000e-02	1.00000000000000e-02
1	7	3	5	2.99880000000000e-02	1.00000000000000e-02
2	8	4	6	2.92567000000000e-02	1.00000000000000e-02
3	9	5	7	2.68179000000000e-02	1.00000000000000e-02
4	10	6	8	2.57326000000000e-02	1.00000000000000e-02
5	11	7	9	2.55840000000000e-02	1.00000000000000e-02
6	12	8	10	2.41875000000000e-02	1.00000000000000e-02
7	13	9	11	2.28327000000000e-02	1.00000000000000e-02
8	14	10	12	2.37862000000000e-02	1.00000000000000e-02
9	15	11	13	2.28584000000000e-02	1.00000000000000e-02
10	16	12	14	2.14757000000000e-02	1.00000000000000e-02
11	17	13	15	2.18847000000000e-02	1.00000000000000e-02
12	18	14	16	2.17201000000000e-02	1.00000000000000e-02
13	19	15	17	2.13931000000000e-02	1.00000000000000e-02
14	20	16	18	2.27044000000000e-02	1.00000000000000e-02
15	21	17	19	2.41248000000000e-02	1.00000000000000e-02
16	22	18	20	2.38464000000000e-02	1.00000000000000e-02
17	23	19	21	2.50257000000000e-02	1.00000000000000e-02
18	24	20	22	2.65594000000000e-02	1.00000000000000e-02
19	25	21	23	2.59802000000000e-02	1.00000000000000e-02
20	26	22	24	2.67590000000000e-02	1.00000000000000e-02
21	27	23	25	2.82169000000000e-02	1.00000000000000e-02
22	28	24	26	2.62965000000000e-02	1.00000000000000e-02
23	29	25	27	2.69694000000000e-02	1.00000000000000e-02
24	30	26	28	3.01579000000000e-02	1.00000000000000e-02
26	32	28	30	3.43648000000000e-02	1.00000000000000e-02
28	34	30	32	3.07786000000000e-02	1.00000000000000e-02
29	35	31	33	4.88788000000000e-02	1.00000000000000e-02
30	36	32	34	5.97147000000000e-02	1.00000000000000e-02
31	37	33	35	5.13175000000000e-02	1.00000000000000e-02
32	38	34	36	4.33353000000000e-02	1.00000000000000e-02
33	39	35	37	5.74978000000000e-02	1.00000000000000e-02
34	40	36	38	5.96179000000000e-02	1.00000000000000e-02
35	41	37	39	5.62528000000000e-02	1.00000000000000e-02
36	42	38	40	5.41034000000000e-02	1.00000000000000e-02
37	43	39	41	5.40326000000000e-02	1.00000000000000e-02
38	44	40	42	5.33490000000000e-02	1.00000000000000e-02
39	45	41	43	5.00224000000000e-02	1.00000000000000e-02
40	46	42	44	4.51549000000000e-02	1.00000000000000e-02
41	47	43	45	4.47996000000000e-02	1.00000000000000e-02
42	48	44	46	4.50653000000000e-02	1.00000000000000e-02
43	49	45	47	4.35433000000000e-02	1.00000000000000e-02
44	50	46	48	4.09036000000000e-02	1.00000000000000e-02
45	51	47	49	4.22750000000000e-02	1.00000000000000e-02
46	52	48	50	4.13291000000000e-02	1.00000000000000e-02
47	53	49	51	4.00728000000000e-02	1.00000000000000e-02
48	54	50	52	4.33633000000000e-02	1.00000000000000e-02
49	55	51	53	4.50294000000000e-02	1.00000000000000e-02
50	56	52	54	4.21828000000000e-02	1.00000000000000e-02
51	57	53	55	4.06643000000000e-02	1.00000000000000e-02
52	58	54	56	4.14946000000000e-02	1.00000000000000e-02
53	59	55	57	4.41757000000000e-02	1.00000000000000e-02
54	60	56	58	4.64850000000000e-02	1.00000000000000e-02
55	61	57	59	4.32197000000000e-02	1.00000000000000e-02
56	62	58	60	3.97349000000000e-02	1.00000000000000e-02
57	63	59	61	4.30132000000000e-02	1.00000000000000e-02
58	64	60	62	4.55867000000000e-02	1.00000000000000e-02
59	65	61	63	4.34055000000000e-02	1.00000000000000e-02
60	66	62	64	4.08205000000000e-02	1.00000000000000e-02
61	67	63	65	4.22393000000000e-02	1.00000000000000e-02
62	68	64	66	4.35660000000000e-02	1.00000000000000e-02
63	69	65	67	4.38174000000000e-02	1.00000000000000e-02
64	70	66	68	4.19991000000000e-02	1.00000000000000e-02
65	71	67	69	4.13794000000000e-02	1.00000000000000e-02
66	72	68	70	4.34549000000000e-02	1.00000000000000e-02
67	73	69	71	4.48005000000000e-02	1.00000000000000e-02
68	74	70	72	4.62586000000000e-02	1.00000000000000e-02
69	75	71	73	4.29010000000000e-02	1.00000000000000e-02
70	76	72	74	3.84120000000000e-02	1.00000000000000e-02
71	77	73	75	4.50178000000000e-02	1.00000000000000e-02
72	78	74	76	4.75710000000000e-02	1.00000000000000e-02
74	80	76	78	1.97455400000000e-01	5.00000000000000e-02
76	82	78	80	2.15326200000000e-01	5.00000000000000e-02
77	83	79	81	2.06289300000000e-01	5.00000000000000e-02
78	84	80	82	2.07682600000000e-01	5.00000000000000e-02
79	85	81	83	2.12803500000000e-01	5.00000000000000e-02
80	86	82	84	2.18499100000000e-01	5.00000000000000e-02
81	87	83	85	2.12249100000000e-01	5.00000000000000e-02
82	88	84	86	2.13504400000000e-01	5.00000000000000e-02
83	89	85	87	2.24374200000000e-01	5.00000000000000e-02
84	90	86	88	2.22453300000000e-01	5.00000000000000e-02
85	91	87	89	2.14988900000000e-01	5.00000000000000e-02
86	92	88	90	2.20386500000000e-01	5.00000000000000e-02
87	93	89	91	2.31240100000000e-01	5.00000000000000e-02
88	94	90	92	2.29008100000000e-01	5.00000000000000e-02
89	95	91	93	2.24513500000000e-01	5.00000000000000e-02
90	96	92	94	2.28872700000000e-01	5.00000000000000e-02
91	97	93	95	2.35470500000000e-01	5.00000000000000e-02
92	98	94	96	2.22461700000000e-01	5.00000000000000e-02
93	99	95	97	2.15672600000000e-01	5.00000000000000e-02
94	100	96	98	2.18183500000000e-01	5.00000000000000e-02
1	10	4	7	1.04407400000000e-01	5.00000000000000e-02
2	11	5	8	1.03351700000000e-01	5.00000000000000e-02
3	12	6	9	9.88891000000000e-02	5.00000000000000e-02
4	13	7	10	9.89281000000000e-02	5.00000000000000e-02
5	14	8	11	9.51891000000000e-02	5.00000000000000e-02
6	15	9	12	9.62112000000000e-02	5.00000000000000e-02
7	16	10	13	9.27650000000000e-02	5.00000000000000e-02
8	17	11	14	9.40730000000000e-02	5.00000000000000e-02
9	18	12	15	9.02238000000000e-02	5.00000000000000e-02
10	19	13	16	8.94942000000000e-02	5.00000000000000e-02
11	20	14	17	8.61488000000000e-02	5.00000000000000e-02
12	21	15	18	8.67976000000000e-02	5.00000000000000e-02
13	22	16	19	8.77233000000000e-02	5.00000000000000e-02
14	23	17	20	8.98380000000000e-02	5.00000000000000e-02
15	24	18	21	9.09467000000000e-02	5.00000000000000e-02
16	25	19	22	9.04240000000000e-02	5.00000000000000e-02
17	26	20	23	9.10694000000000e-02	5.00000000000000e-02
18	27	21	24	9.48838000000000e-02	5.00000000000000e-02
19	28	22	25	9.66739000000000e-02	5.00000000000000e-02
20	29	23	26	9.80754000000000e-02	5.00000000000000e-02
21	30	24	27	1.03686200000000e-01	5.00000000000000e-02
22	31	25	28	1.09083200000000e-01	5.00000000000000e-02
24	33	27	30	1.22985400000000e-01	5.00000000000000e-02
25	34	28	31	1.16240700000000e-01	5.00000000000000e-02
27	36	30	33	1.53300800000000e-01	5.00000000000000e-02
28	37	31	34	1.59943600000000e-01	5.00000000000000e-02
29	38	32	35	1.81232600000000e-01	5.00000000000000e-02
30	39	33	36	1.74885400000000e-01	5.00000000000000e-02
31	40	34	37	1.57264500000000e-01	5.00000000000000e-02
32	41	35	38	1.66443200000000e-01	5.00000000000000e-02
33	42	36	39	1.84541800000000e-01	5.00000000000000e-02
34	43	37	40	1.89443100000000e-01	5.00000000000000e-02
35	44	38	41	1.89010200000000e-01	5.00000000000000e-02
36	45	39	42	1.86291700000000e-01	5.00000000000000e-02
37	46	40	43	1.81319300000000e-01	5.00000000000000e-02
38	47	41	44	1.73876200000000e-01	5.00000000000000e-02
39	48	42	45	1.73687300000000e-01	5.00000000000000e-02
40	49	43	46	1.75404700000000e-01	5.00000000000000e-02
41	50	44	47	1.76685000000000e-01	5.00000000000000e-02
42	51	45	48	1.73950300000000e-01	5.00000000000000e-02
43	52	46	49	1.68607400000000e-01	5.00000000000000e-02
44	53	47	50	1.66529900000000e-01	5.00000000000000e-02
45	54	48	51	1.69304700000000e-01	5.00000000000000e-02
46	55	49	52	1.76583400000000e-01	5.00000000000000e-02
47	56	50	53	1.80497000000000e-01	5.00000000000000e-02
48	57	51	54	1.77348600000000e-01	5.00000000000000e-02
49	58	52	55	1.69961600000000e-01	5.00000000000000e-02
50	59	53	56	1.68656200000000e-01	5.00000000000000e-02
51	60	54	57	1.75042700000000e-01	5.00000000000000e-02
52	61	55	58	1.81847900000000e-01	5.00000000000000e-02
53	62	56	59	1.78923800000000e-01	5.00000000000000e-02
54	63	57	60	1.73015200000000e-01	5.00000000000000e-02
55	64	58	61	1.71445800000000e-01	5.00000000000000e-02
56	65	59	62	1.77482000000000e-01	5.00000000000000e-02
57	66	60	63	1.79466000000000e-01	5.00000000000000e-02
58	67	61	64	1.79972100000000e-01	5.00000000000000e-02
59	68	62	65	1.78106700000000e-01	5.00000000000000e-02
60	69	63	66	1.80571400000000e-01	5.00000000000000e-02
61	70	64	67	1.82617300000000e-01	5.00000000000000e-02
62	71	65	68	1.78374200000000e-01	5.00000000000000e-02
63	72	66	69	1.75740500000000e-01	5.00000000000000e-02
64	73	67	70	1.75949900000000e-01	5.00000000000000e-02
65	74	68	71	1.87687700000000e-01	5.00000000000000e-02
66	75	69	72	1.82437500000000e-01	5.00000000000000e-02
67	76	70	73	1.83200200000000e-01	5.00000000000000e-02
68	77	71	74	1.69509800000000e-01	5.00000000000000e-02
69	78	72	75	1.80229400000000e-01	5.00000000000000e-02
70	79	73	76	1.76179000000000e-01	5.00000000000000e-02
72	81	75	78	1.72336700000000e-01	5.00000000000000e-02
73	82	76	79	1.76919900000000e-01	5.00000000000000e-02
75	84	78	81	1.72657300000000e-01	5.00000000000000e-02
76	85	79	82	1.68325100000000e-01	5.00000000000000e-02
77	86	80	83	1.70616100000000e-01	5.00000000000000e-02
78	87	81	84	1.70582700000000e-01	5.00000000000000e-02
79	88	82	85	1.75138500000000e-01	5.00000000000000e-02
80	89	83	86	1.72063600000000e-01	5.00000000000000e-02
81	90	84	87	1.81481900000000e-01	5.00000000000000e-02
82	91	85	88	1.72428600000000e-01	5.00000000000000e-02
83	92	86	89	1.80982200000000e-01	5.00000000000000e-02
84	93	87	90	1.71801400000000e-01	5.00000000000000e-02
85	94	88	91	1.81638800000000e-01	5.00000000000000e-02
86	95	89	92	1.77977100000000e-01	5.00000000000000e-02
87	96	90	93	1.86755900000000e-01	5.00000000000000e-02
88	97	91	94	1.83165000000000e-01	5.00000000000000e-02
89	98	92	95	1.85859100000000e-01	5.00000000000000e-02
90	99	93	96	1.80744200000000e-01	5.00000000000000e-02
91	100	94	97	1.78752100000000e-01	5.00000000000000e-02
1	13	5	9	9.05694000000000e-02	5.00000000000000e-02
2	14	6	10	8.87176000000000e-02	5.00000000000000e-02
3	15	7	11	8.74470000000000e-02	5.00000000000000e-02
4	16	8	12	8.92496000000000e-02	5.00000000000000e-02
5	17	9	13	8.63795000000000e-02	5.00000000000000e-02
6	18	10	14	8.73190000000000e-02	5.00000000000000e-02
7	19	11	15	8.69242000000000e-02	5.00000000000000e-02
8	20	12	16	8.19427000000000e-02	5.00000000000000e-02
9	21	13	17	8.14041000000000e-02	5.00000000000000e-02
10	22	14	18	7.90678000000000e-02	5.00000000000000e-02
11	23	15	19	7.85034000000000e-02	5.00000000000000e-02
12	24	16	20	7.95719000000000e-02	5.00000000000000e-02
13	25	17	21	7.88165000000000e-02	5.00000000000000e-02
14	26	18	22	8.29098000000000e-02	5.00000000000000e-02
15	27	19	23	8.05663000000000e-02	5.00000000000000e-02
16	28	20	24	8.21511000000000e-02	5.00000000000000e-02
17	29	21	25	8.45908000000000e-02	5.00000000000000e-02
18	30	22	26	8.42146000000000e-02	5.00000000000000e-02
19	31	23	27	9.14785000000000e-02	5.00000000000000e-02
20	32	24	28	9.63591000000000e-02	5.00000000000000e-02
22	34	26	30	9.54057000000000e-02	5.00000000000000e-02
23	35	27	31	1.01954200000000e-01	5.00000000000000e-02
24	36	28	32	1.02335300000000e-01	5.00000000000000e-02
26	38	30	34	1.39329300000000e-01	5.00000000000000e-02
27	39	31	35	1.36790200000000e-01	5.00000000000000e-02
28	40	32	36	1.50090300000000e-01	5.00000000000000e-02
29	41	33	37	1.41472200000000e-01	5.00000000000000e-02
30	42	34	38	1.31586200000000e-01	5.00000000000000e-02
31	43	35	39	1.46857900000000e-01	5.00000000000000e-02
32	44	36	40	1.45096600000000e-01	5.00000000000000e-02
33	45	37	41	1.57843500000000e-01	5.00000000000000e-02
34	46	38	42	1.61491500000000e-01	5.00000000000000e-02
35	47	39	43	1.53346300000000e-01	5.00000000000000e-02
36	48	40	44	1.54555000000000e-01	5.00000000000000e-02
37	49	41	45	1.49503300000000e-01	5.00000000000000e-02
38	50	42	46	1.51209400000000e-01	5.00000000000000e-02
39	51	43	47	1.54830700000000e-01	5.00000000000000e-02
40	52	44	48	1.51663400000000e-01	5.00000000000000e-02
41	53	45	49	1.55848500000000e-01	5.00000000000000e-02
42	54	46	50	1.52429800000000e-01	5.00000000000000e-02
43	55	47	51	1.52836400000000e-01	5.00000000000000e-02
44	56	48	52	1.59942000000000e-01	5.00000000000000e-02
45	57	49	53	1.57488200000000e-01	5.00000000000000e-02
46	58	50	54	1.58176000000000e-01	5.00000000000000e-02
47	59	51	55	1.59891900000000e-01	5.00000000000000e-02
48	60	52	56	1.54059700000000e-01	5.00000000000000e-02
49	61	53	57	1.56975000000000e-01	5.00000000000000e-02
50	62	54	58	1.59061800000000e-01	5.00000000000000e-02
51	63	55	59	1.57924300000000e-01	5.00000000000000e-02
52	64	56	60	1.60032200000000e-01	5.00000000000000e-02
53	65	57	61	1.59191400000000e-01	5.00000000000000e-02
54	66	58	62	1.58540700000000e-01	5.00000000000000e-02
55	67	59	63	1.60085100000000e-01	5.00000000000000e-02
56	68	60	64	1.62329500000000e-01	5.00000000000000e-02
57	69	61	65	1.64349500000000e-01	5.00000000000000e-02
58	70	62	66	1.63509500000000e-01	5.00000000000000e-02
59	71	63	67	1.65083600000000e-01	5.00000000000000e-02
60	72	64	68	1.61699100000000e-01	5.00000000000000e-02
61	73	65	69	1.60884500000000e-01	5.00000000000000e-02
62	74	66	70	1.65119900000000e-01	5.00000000000000e-02
63	75	67	71	1.59731000000000e-01	5.00000000000000e-02
64	76	68	72	1.63937300000000e-01	5.00000000000000e-02
65	77	69	73	1.65387500000000e-01	5.00000000000000e-02
66	78	70	74	1.56089600000000e-01	5.00000000000000e-02
67	79	71	75	1.64555100000000e-01	5.00000000000000e-02
68	80	72	76	1.59680700000000e-01	5.00000000000000e-02
70	82	74	78	1.65724300000000e-01	5.00000000000000e-02
71	83	75	79	1.57925200000000e-01	5.00000000000000e-02
72	84	76	80	1.57746000000000e-01	5.00000000000000e-02
74	86	78	82	1.53405800000000e-01	5.00000000000000e-02
75	87	79	83	1.51829700000000e-01	5.00000000000000e-02
76	88	80	84	1.54842500000000e-01	5.00000000000000e-02
77	89	81	85	1.55921600000000e-01	5.00000000000000e-02
78	90	82	86	1.54102000000000e-01	5.00000000000000e-02
79	91	83	87	1.61602800000000e-01	5.00000000000000e-02
80	92	84	88	1.55193800000000e-01	5.00000000000000e-02
81	93	85	89	1.58630900000000e-01	5.00000000000000e-02
82	94	86	90	1.57918800000000e-01	5.00000000000000e-02
83	95	87	91	1.55851200000000e-01	5.00000000000000e-02
84	96	88	92	1.62084900000000e-01	5.00000000000000e-02
85	97	89	93	1.58286300000000e-01	5.00000000000000e-02
86	98	90	94	1.63339200000000e-01	5.00000000000000e-02
87	99	91	95	1.63321000000000e-01	5.00000000000000e-02
88	100	92	96	1.58738900000000e-01	5.00000000000000e-02
1	16	6	11	8.19456000000000e-02	5.00000000000000e-02
2	17	7	12	8.44873000000000e-02	5.00000000000000e-02
3	18	8	13	8.33297000000000e-02	5.00000000000000e-02
4	19	9	14	8.32254000000000e-02	5.00000000000000e-02
5	20	10	15	8.30312000000000e-02	5.00000000000000e-02
6	21	11	16	8.18439000000000e-02	5.00000000000000e-02
7	22	12	17	7.77963000000000e-02	5.00000000000000e-02
8	23	13	18	7.79145000000000e-02	5.00000000000000e-02
9	24	14	19	7.65321000000000e-02	5.00000000000000e-02
10	25	15	20	7.51215000000000e-02	5.00000000000000e-02
11	26	16	21	7.61092000000000e-02	5.00000000000000e-02
12	27	17	22	7.76750000000000e-02	5.00000000000000e-02
13	28	18	23	7.69717000000000e-02	5.00000000000000e-02
14	29	19	24	7.91097000000000e-02	5.00000000000000e-02
15	30	20	25	8.14780000000000e-02	5.00000000000000e-02
16	31	21	26	8.03177000000000e-02	5.00000000000000e-02
17	32	22	27	8.36877000000000e-02	5.00000000000000e-02
18	33	23	28	8.35587000000000e-02	5.00000000000000e-02
20	35	25	30	8.64470000000000e-02	5.00000000000000e-02
21	36	26	31	9.15543000000000e-02	5.00000000000000e-02
22	37	27	32	9.27995000000000e-02	5.00000000000000e-02
23	38	28	33	1.08805500000000e-01	5.00000000000000e-02
25	40	30	35	1.20008300000000e-01	5.00000000000000e-02
26	41	31	36	1.23612300000000e-01	5.00000000000000e-02
27	42	32	37	1.31525200000000e-01	5.00000000000000e-02
28	43	33	38	1.26737100000000e-01	5.00000000000000e-02
29	44	34	39	1.24499900000000e-01	5.00000000000000e-02
30	45	35	40	1.32888600000000e-01	5.00000000000000e-02
31	46	36	41	1.35783900000000e-01	5.00000000000000e-02
32	47	37	42	1.36254300000000e-01	5.00000000000000e-02
33	48	38	43	1.41906500000000e-01	5.00000000000000e-02
34	49	39	44	1.41671400000000e-01	5.00000000000000e-02
35	50	40	45	1.39252400000000e-01	5.00000000000000e-02
36	51	41	46	1.38366200000000e-01	5.00000000000000e-02
37	52	42	47	1.36325900000000e-01	5.00000000000000e-02
38	53	43	48	1.37075900000000e-01	5.00000000000000e-02
39	54	44	49	1.41648400000000e-01	5.00000000000000e-02
40	55	45	50	1.42172200000000e-01	5.00000000000000e-02
41	56	46	51	1.42515000000000e-01	5.00000000000000e-02
42	57	47	52	1.46173700000000e-01	5.00000000000000e-02
43	58	48	53	1.47115300000000e-01	5.00000000000000e-02
44	59	49	54	1.46287700000000e-01	5.00000000000000e-02
45	60	50	55	1.46970300000000e-01	5.00000000000000e-02
46	61	51	56	1.47406300000000e-01	5.00000000000000e-02
47	62	52	57	1.45154500000000e-01	5.00000000000000e-02
48	63	53	58	1.46730100000000e-01	5.00000000000000e-02
49	64	54	59	1.47029900000000e-01	5.00000000000000e-02
50	65	55	60	1.46731400000000e-01	5.00000000000000e-02
51	66	56	61	1.47354600000000e-01	5.00000000000000e-02
52	67	57	62	1.49539800000000e-01	5.00000000000000e-02
53	68	58	63	1.48801800000000e-01	5.00000000000000e-02
54	69	59	64	1.51005900000000e-01	5.00000000000000e-02
55	70	60	65	1.52205700000000e-01	5.00000000000000e-02
56	71	61	66	1.51468300000000e-01	5.00000000000000e-02
57	72	62	67	1.51590600000000e-01	5.00000000000000e-02
58	73	63	68	1.51276200000000e-01	5.00000000000000e-02
59	74	64	69	1.52983200000000e-01	5.00000000000000e-02
60	75	65	70	1.49401700000000e-01	5.00000000000000e-02
61	76	66	71	1.49554500000000e-01	5.00000000000000e-02
62	77	67	72	1.50312700000000e-01	5.00000000000000e-02
63	78	68	73	1.51308300000000e-01	5.00000000000000e-02
64	79	69	74	1.45105700000000e-01	5.00000000000000e-02
65	80	70	75	1.51839000000000e-01	5.00000000000000e-02
66	81	71	76	1.50016100000000e-01	5.00000000000000e-02
68	83	73	78	1.47187000000000e-01	5.00000000000000e-02
69	84	74	79	1.53336500000000e-01	5.00000000000000e-02
70	85	75	80	1.44924300000000e-01	5.00000000000000e-02
71	86	76	81	1.44834600000000e-01	5.00000000000000e-02
73	88	78	83	1.28621700000000e-01	5.00000000000000e-02
74	89	79	84	1.40508700000000e-01	5.00000000000000e-02
75	90	80	85	1.44597700000000e-01	5.00000000000000e-02
76	91	81	86	1.43425600000000e-01	5.00000000000000e-02
77	92	82	87	1.48194500000000e-01	5.00000000000000e-02
78	93	83	88	1.44678900000000e-01	5.00000000000000e-02
79	94	84	89	1.46525900000000e-01	5.00000000000000e-02
80	95	85	90	1.44005500000000e-01	5.00000000000000e-02
81	96	86	91	1.48053600000000e-01	5.00000000000000e-02
82	97	87	92	1.44227900000000e-01	5.00000000000000e-02
83	98	88	93	1.48033600000000e-01	5.00000000000000e-02
84	99	89	94	1.47256000000000e-01	5.00000000000000e-02
85	100	90	95	1.49991100000000e-01	5.00000000000000e-02
1	19	7	13	7.99975000000000e-02	5.00000000000000e-02
2	20	8	14	8.05737000000000e-02	5.00000000000000e-02
3	21	9	15	8.02900000000000e-02	5.00000000000000e-02
4	22	10	16	7.92825000000000e-02	5.00000000000000e-02
5	23	11	17	7.87918000000000e-02	5.00000000000000e-02
6	24	12	18	7.62641000000000e-02	5.00000000000000e-02
7	25	13	19	7.12038000000000e-02	5.00000000000000e-02
8	26	14	20	7.54590000000000e-02	5.00000000000000e-02
9	27	15	21	7.48143000000000e-02	5.00000000000000e-02
10	28	16	22	7.60712000000000e-02	5.00000000000000e-02
11	29	17	23	7.52726000000000e-02	5.00000000000000e-02
12	30	18	24	7.82261000000000e-02	5.00000000000000e-02
13	31	19	25	7.85808000000000e-02	5.00000000000000e-02
14	32	20	26	7.91468000000000e-02	5.00000000000000e-02
15	33	21	27	7.79115000000000e-02	5.00000000000000e-02
16	34	22	28	7.46154000000000e-02	5.00000000000000e-02
18	36	24	30	8.01451000000000e-02	5.00000000000000e-02
19	37	25	31	8.40170000000000e-02	5.00000000000000e-02
20	38	26	32	8.61214000000000e-02	5.00000000000000e-02
21	39	27	33	9.81895000000000e-02	5.00000000000000e-02
22	40	28	34	7.25686000000000e-02	5.00000000000000e-02
24	42	30	36	1.12396800000000e-01	5.00000000000000e-02
25	43	31	37	1.16963400000000e-01	5.00000000000000e-02
26	44	32	38	1.22368500000000e-01	5.00000000000000e-02
27	45	33	39	1.21853100000000e-01	5.00000000000000e-02
28	46	34	40	1.17203400000000e-01	5.00000000000000e-02
29	47	35	41	1.25795400000000e-01	5.00000000000000e-02
30	48	36	42	1.27721100000000e-01	5.00000000000000e-02
31	49	37	43	1.27246600000000e-01	5.00000000000000e-02
32	50	38	44	1.27026200000000e-01	5.00000000000000e-02
33	51	39	45	1.29095000000000e-01	5.00000000000000e-02
34	52	40	46	1.31355800000000e-01	5.00000000000000e-02
35	53	41	47	1.26988400000000e-01	5.00000000000000e-02
36	54	42	48	1.26490700000000e-01	5.00000000000000e-02
37	55	43	49	1.29800800000000e-01	5.00000000000000e-02
38	56	44	50	1.30133300000000e-01	5.00000000000000e-02
39	57	45	51	1.32090700000000e-01	5.00000000000000e-02
40	58	46	52	1.34428900000000e-01	5.00000000000000e-02
41	59	47	53	1.37374400000000e-01	5.00000000000000e-02
42	60	48	54	1.38900200000000e-01	5.00000000000000e-02
43	61	49	55	1.36968500000000e-01	5.00000000000000e-02
44	62	50	56	1.36790400000000e-01	5.00000000000000e-02
45	63	51	57	1.38343700000000e-01	5.00000000000000e-02
46	64	52	58	1.38346300000000e-01	5.00000000000000e-02
47	65	53	59	1.36559700000000e-01	5.00000000000000e-02
48	66	54	60	1.36325300000000e-01	5.00000000000000e-02
49	67	55	61	1.38543900000000e-01	5.00000000000000e-02
50	68	56	62	1.41077400000000e-01	5.00000000000000e-02
51	69	57	63	1.38929500000000e-01	5.00000000000000e-02
52	70	58	64	1.39538700000000e-01	5.00000000000000e-02
53	71	59	65	1.41402900000000e-01	5.00000000000000e-02
54	72	60	66	1.43046200000000e-01	5.00000000000000e-02
55	73	61	67	1.42343800000000e-01	5.00000000000000e-02
56	74	62	68	1.41598400000000e-01	5.00000000000000e-02
57	75	63	69	1.39849700000000e-01	5.00000000000000e-02
58	76	64	70	1.41987200000000e-01	5.00000000000000e-02
59	77	65	71	1.41351600000000e-01	5.00000000000000e-02
60	78	66	72	1.40756100000000e-01	5.00000000000000e-02
61	79	67	73	1.38970500000000e-01	5.00000000000000e-02
62	80	68	74	1.37118600000000e-01	5.00000000000000e-02
63	81	69	75	1.42542200000000e-01	5.00000000000000e-02
64	82	70	76	1.41090400000000e-01	5.00000000000000e-02
66	84	72	78	1.37065200000000e-01	5.00000000000000e-02
67	85	73	79	1.40192000000000e-01	5.00000000000000e-02
68	86	74	80	1.42816200000000e-01	5.00000000000000e-02
69	87	75	81	1.34153800000000e-01	5.00000000000000e-02
70	88	76	82	1.36277900000000e-01	5.00000000000000e-02
72	90	78	84	1.37206700000000e-01	5.00000000000000e-02
73	91	79	85	1.34834000000000e-01	5.00000000000000e-02
74	92	80	86	1.32419700000000e-01	5.00000000000000e-02
75	93	81	87	1.39322700000000e-01	5.00000000000000e-02
76	94	82	88	1.35725300000000e-01	5.00000000000000e-02
77	95	83	89	1.38240400000000e-01	5.00000000000000e-02
78	96	84	90	1.35053200000000e-01	5.00000000000000e-02
79	97	85	91	1.37501500000000e-01	5.00000000000000e-02
80	98	86	92	1.39192500000000e-01	5.00000000000000e-02
81	99	87	93	1.35027400000000e-01	5.00000000000000e-02
82	100	88	94	1.39525200000000e-01	5.00000000000000e-02
1	22	8	15	7.78613000000000e-02	5.00000000000000e-02
2	23	9	16	7.72435000000000e-02	5.00000000000000e-02
3	24	10	17	7.70923000000000e-02	5.00000000000000e-02
4	25	11	18	7.65811000000000e-02	5.00000000000000e-02
5	26	12	19	6.43963000000000e-02	5.00000000000000e-02
6	27	13	20	7.57830000000000e-02	5.00000000000000e-02
7	28	14	21	7.47606000000000e-02	5.00000000000000e-02
8	29	15	22	7.51947000000000e-02	5.00000000000000e-02
9	30	16	23	7.50781000000000e-02	5.00000000000000e-02
10	31	17	24	7.60991000000000e-02	5.00000000000000e-02
11	32	18	25	7.75175000000000e-02	5.00000000000000e-02
12	33	19	26	7.37906000000000e-02	5.00000000000000e-02
13	34	20	27	7.26460000000000e-02	5.00000000000000e-02
14	35	21	28	7.41716000000000e-02	5.00000000000000e-02
16	37	23	30	7.69301000000000e-02	5.00000000000000e-02
17	38	24	31	7.91792000000000e-02	5.00000000000000e-02
18	39	25	32	7.92961000000000e-02	5.00000000000000e-02
19	40	26	33	9.14874000000000e-02	5.00000000000000e-02
20	41	27	34	9.87991000000000e-02	5.00000000000000e-02
21	42	28	35	9.90363000000000e-02	5.00000000000000e-02
23	44	30	37	1.08103200000000e-01	5.00000000000000e-02
24	45	31	38	1.11796200000000e-01	5.00000000000000e-02
25	46	32	39	1.19493800000000e-01	5.00000000000000e-02
26	47	33	40	1.15792500000000e-01	5.00000000000000e-02
27	48	34	41	1.14887300000000e-01	5.00000000000000e-02
28	49	35	42	1.18720000000000e-01	5.00000000000000e-02
29	50	36	43	1.19088400000000e-01	5.00000000000000e-02
30	51	37	44	1.19655700000000e-01	5.00000000000000e-02
31	52	38	45	1.18809100000000e-01	5.00000000000000e-02
32	53	39	46	1.17300100000000e-01	5.00000000000000e-02
33	54	40	47	1.20381700000000e-01	5.00000000000000e-02
34	55	41	48	1.20221400000000e-01	5.00000000000000e-02
35	56	42	49	1.20159900000000e-01	5.00000000000000e-02
36	57	43	50	1.20418900000000e-01	5.00000000000000e-02
37	58	44	51	1.21039900000000e-01	5.00000000000000e-02
38	59	45	52	1.25542300000000e-01	5.00000000000000e-02
39	60	46	53	1.27037300000000e-01	5.00000000000000e-02
40	61	47	54	1.27837300000000e-01	5.00000000000000e-02
41	62	48	55	1.29952100000000e-01	5.00000000000000e-02
42	63	49	56	1.28797100000000e-01	5.00000000000000e-02
43	64	50	57	1.30351800000000e-01	5.00000000000000e-02
44	65	51	58	1.31318600000000e-01	5.00000000000000e-02
45	66	52	59	1.27433400000000e-01	5.00000000000000e-02
46	67	53	60	1.28376000000000e-01	5.00000000000000e-02
47	68	54	61	1.30318100000000e-01	5.00000000000000e-02
48	69	55	62	1.31496200000000e-01	5.00000000000000e-02
49	70	56	63	1.31475200000000e-01	5.00000000000000e-02
50	71	57	64	1.30242900000000e-01	5.00000000000000e-02
51	72	58	65	1.30621900000000e-01	5.00000000000000e-02
52	73	59	66	1.33164100000000e-01	5.00000000000000e-02
53	74	60	67	1.36846400000000e-01	5.00000000000000e-02
54	75	61	68	1.32430200000000e-01	5.00000000000000e-02
55	76	62	69	1.31763700000000e-01	5.00000000000000e-02
56	77	63	70	1.32874000000000e-01	5.00000000000000e-02
57	78	64	71	1.33395800000000e-01	5.00000000000000e-02
58	79	65	72	1.33253900000000e-01	5.00000000000000e-02
59	80	66	73	1.32414000000000e-01	5.00000000000000e-02
60	81	67	74	1.28206900000000e-01	5.00000000000000e-02
61	82	68	75	1.33970800000000e-01	5.00000000000000e-02
62	83	69	76	1.33670600000000e-01	5.00000000000000e-02
64	85	71	78	1.31403200000000e-01	5.00000000000000e-02
65	86	72	79	1.31818300000000e-01	5.00000000000000e-02
66	87	73	80	1.29952000000000e-01	5.00000000000000e-02
67	88	74	81	1.33651000000000e-01	5.00000000000000e-02
68	89	75	82	1.28042300000000e-01	5.00000000000000e-02
69	90	76	83	1.28192700000000e-01	5.00000000000000e-02
71	92	78	85	1.28029300000000e-01	5.00000000000000e-02
72	93	79	86	1.26523500000000e-01	5.00000000000000e-02
73	94	80	87	1.28956600000000e-01	5.00000000000000e-02
74	95	81	88	1.26494100000000e-01	5.00000000000000e-02
75	96	82	89	1.29350600000000e-01	5.00000000000000e-02
76	97	83	90	1.28770900000000e-01	5.00000000000000e-02
77	98	84	91	1.30459100000000e-01	5.00000000000000e-02
78	99	85	92	1.29114700000000e-01	5.00000000000000e-02
79	100	86	93	1.31113300000000e-01	5.00000000000000e-02
1	25	9	17	7.49420000000000e-02	5.00000000000000e-02
2	26	10	18	7.51100000000000e-02	5.00000000000000e-02
3	27	11	19	7.40674000000000e-02	5.00000000000000e-02
4	28	12	20	7.44662000000000e-02	5.00000000000000e-02
5	29	13	21	7.50524000000000e-02	5.00000000000000e-02
6	30	14	22	7.56570000000000e-02	5.00000000000000e-02
7	31	15	23	7.37052000000000e-02	5.00000000000000e-02
8	32	16	24	7.51326000000000e-02	5.00000000000000e-02
9	33	17	25	7.31229000000000e-02	5.00000000000000e-02
10	34	18	26	7.05131000000000e-02	5.00000000000000e-02
11	35	19	27	7.17108000000000e-02	5.00000000000000e-02
12	36	20	28	7.17364000000000e-02	5.00000000000000e-02
14	38	22	30	7.33266000000000e-02	5.00000000000000e-02
15	39	23	31	7.62772000000000e-02	5.00000000000000e-02
16	40	24	32	7.56680000000000e-02	5.00000000000000e-02
17	41	25	33	8.40463000000000e-02	5.00000000000000e-02
18	42	26	34	9.22028000000000e-02	5.00000000000000e-02
19	43	27	35	9.30634000000000e-02	5.00000000000000e-02
20	44	28	36	9.76909000000000e-02	5.00000000000000e-02
22	46	30	38	1.05250500000000e-01	5.00000000000000e-02
23	47	31	39	1.10099300000000e-01	5.00000000000000e-02
24	48	32	40	1.15337700000000e-01	5.00000000000000e-02
25	49	33	41	1.12736300000000e-01	5.00000000000000e-02
26	50	34	42	1.10044600000000e-01	5.00000000000000e-02
27	51	35	43	1.12750500000000e-01	5.00000000000000e-02
28	52	36	44	1.11300000000000e-01	5.00000000000000e-02
29	53	37	45	1.11390300000000e-01	5.00000000000000e-02
30	54	38	46	1.12984000000000e-01	5.00000000000000e-02
31	55	39	47	1.11658400000000e-01	5.00000000000000e-02
32	56	40	48	1.09946100000000e-01	5.00000000000000e-02
33	57	41	49	1.11754700000000e-01	5.00000000000000e-02
34	58	42	50	1.12856900000000e-01	5.00000000000000e-02
35	59	43	51	1.13857700000000e-01	5.00000000000000e-02
36	60	44	52	1.17174100000000e-01	5.00000000000000e-02
37	61	45	53	1.18142500000000e-01	5.00000000000000e-02
38	62	46	54	1.17110000000000e-01	5.00000000000000e-02
39	63	47	55	1.20066200000000e-01	5.00000000000000e-02
40	64	48	56	1.20714100000000e-01	5.00000000000000e-02
41	65	49	57	1.22346200000000e-01	5.00000000000000e-02
42	66	50	58	1.23430200000000e-01	5.00000000000000e-02
43	67	51	59	1.22879100000000e-01	5.00000000000000e-02
44	68	52	60	1.20895200000000e-01	5.00000000000000e-02
45	69	53	61	1.20753500000000e-01	5.00000000000000e-02
46	70	54	62	1.23273300000000e-01	5.00000000000000e-02
47	71	55	63	1.22982300000000e-01	5.00000000000000e-02
48	72	56	64	1.23440200000000e-01	5.00000000000000e-02
49	73	57	65	1.23623400000000e-01	5.00000000000000e-02
50	74	58	66	1.25325000000000e-01	5.00000000000000e-02
51	75	59	67	1.24704100000000e-01	5.00000000000000e-02
52	76	60	68	1.25407000000000e-01	5.00000000000000e-02
53	77	61	69	1.26391600000000e-01	5.00000000000000e-02
54	78	62	70	1.26179800000000e-01	5.00000000000000e-02
55	79	63	71	1.25336800000000e-01	5.00000000000000e-02
56	80	64	72	1.25637200000000e-01	5.00000000000000e-02
57	81	65	73	1.26032900000000e-01	5.00000000000000e-02
58	82	66	74	1.22347500000000e-01	5.00000000000000e-02
59	83	67	75	1.25945500000000e-01	5.00000000000000e-02
60	84	68	76	1.25246800000000e-01	5.00000000000000e-02
62	86	70	78	1.24355300000000e-01	5.00000000000000e-02
63	87	71	79	1.23812100000000e-01	5.00000000000000e-02
64	88	72	80	1.23445500000000e-01	5.00000000000000e-02
65	89	73	81	1.22253300000000e-01	5.00000000000000e-02
66	90	74	82	1.25923100000000e-01	5.00000000000000e-02
67	91	75	83	1.22123900000000e-01	5.00000000000000e-02
68	92	76	84	1.21377400000000e-01	5.00000000000000e-02
70	94	78	86	1.20298300000000e-01	5.00000000000000e-02
71	95	79	87	1.21191500000000e-01	5.00000000000000e-02
72	96	80	88	1.20637000000000e-01	5.00000000000000e-02
73	97	81	89	1.22613600000000e-01	5.00000000000000e-02
74	98	82	90	1.20575800000000e-01	5.00000000000000e-02
75	99	83	91	1.22828200000000e-01	5.00000000000000e-02
76	100	84	92	1.22395600000000e-01	5.00000000000000e-02
1	28	10	19	7.35493000000000e-02	5.00000000000000e-02
2	29	11	20	7.47090000000000e-02	5.00000000000000e-02
3	30	12	21	7.41987000000000e-02	5.00000000000000e-02
4	31	13	22	7.47957000000000e-02	5.00000000000000e-02
5	32	14	23	7.34810000000000e-02	5.00000000000000e-02
6	33	15	24	7.14958000000000e-02	5.00000000000000e-02
7	34	16	25	6.99186000000000e-02	5.00000000000000e-02
8	35	17	26	6.96258000000000e-02	5.00000000000000e-02
9	36	18	27	6.95946000000000e-02	5.00000000000000e-02
10	37	19	28	6.94722000000000e-02	5.00000000000000e-02
12	39	21	30	7.09509000000000e-02	5.00000000000000e-02
13	40	22	31	7.21709000000000e-02	5.00000000000000e-02
14	41	23	32	7.31953000000000e-02	5.00000000000000e-02
15	42	24	33	8.02461000000000e-02	5.00000000000000e-02
16	43	25	34	8.70586000000000e-02	5.00000000000000e-02
17	44	26	35	8.80113000000000e-02	5.00000000000000e-02
18	45	27	36	9.14307000000000e-02	5.00000000000000e-02
19	46	28	37	9.56760000000000e-02	5.00000000000000e-02
21	48	30	39	1.04259300000000e-01	5.00000000000000e-02
22	49	31	40	1.07554000000000e-01	5.00000000000000e-02
23	50	32	41	1.12055000000000e-01	5.00000000000000e-02
24	51	33	42	1.08735100000000e-01	5.00000000000000e-02
25	52	34	43	1.04559400000000e-01	5.00000000000000e-02
26	53	35	44	1.06648600000000e-01	5.00000000000000e-02
27	54	36	45	1.06369100000000e-01	5.00000000000000e-02
28	55	37	46	1.06553400000000e-01	5.00000000000000e-02
29	56	38	47	1.06381200000000e-01	5.00000000000000e-02
30	57	39	48	1.04946100000000e-01	5.00000000000000e-02
31	58	40	49	1.05429300000000e-01	5.00000000000000e-02
32	59	41	50	1.03529000000000e-01	5.00000000000000e-02
33	60	42	51	1.06194600000000e-01	5.00000000000000e-02
34	61	43	52	1.10237800000000e-01	5.00000000000000e-02
35	62	44	53	1.09713800000000e-01	5.00000000000000e-02
36	63	45	54	1.11036300000000e-01	5.00000000000000e-02
37	64	46	55	1.11147900000000e-01	5.00000000000000e-02
38	65	47	56	1.11571600000000e-01	5.00000000000000e-02
39	66	48	57	1.13851000000000e-01	5.00000000000000e-02
40	67	49	58	1.15058900000000e-01	5.00000000000000e-02
41	68	50	59	1.15467200000000e-01	5.00000000000000e-02
42	69	51	60	1.16099000000000e-01	5.00000000000000e-02
43	70	52	61	1.14590000000000e-01	5.00000000000000e-02
44	71	53	62	1.15034700000000e-01	5.00000000000000e-02
45	72	54	63	1.15178400000000e-01	5.00000000000000e-02
46	73	55	64	1.16257000000000e-01	5.00000000000000e-02
47	74	56	65	1.18585300000000e-01	5.00000000000000e-02
48	75	57	66	1.16905100000000e-01	5.00000000000000e-02
49	76	58	67	1.16950700000000e-01	5.00000000000000e-02
50	77	59	68	1.19113900000000e-01	5.00000000000000e-02
51	78	60	69	1.18724000000000e-01	5.00000000000000e-02
52	79	61	70	1.19302600000000e-01	5.00000000000000e-02
53	80	62	71	1.18862100000000e-01	5.00000000000000e-02
54	81	63	72	1.20132100000000e-01	5.00000000000000e-02
55	82	64	73	1.19706000000000e-01	5.00000000000000e-02
56	83	65	74	1.16322500000000e-01	5.00000000000000e-02
57	84	66	75	1.19641800000000e-01	5.00000000000000e-02
58	85	67	76	1.18880100000000e-01	5.00000000000000e-02
60	87	69	78	1.17974900000000e-01	5.00000000000000e-02
61	88	70	79	1.18840600000000e-01	5.00000000000000e-02
62	89	71	80	1.18267000000000e-01	5.00000000000000e-02
63	90	72	81	1.16807900000000e-01	5.00000000000000e-02
64	91	73	82	1.16472500000000e-01	5.00000000000000e-02
65	92	74	83	1.18637100000000e-01	5.00000000000000e-02
66	93	75	84	1.15425700000000e-01	5.00000000000000e-02
67	94	76	85	1.15873000000000e-01	5.00000000000000e-02
69	96	78	87	1.16907600000000e-01	5.00000000000000e-02
70	97	79	88	1.13974600000000e-01	5.00000000000000e-02
71	98	80	89	1.15955300000000e-01	5.00000000000000e-02
72	99	81	90	1.15737500000000e-01	5.00000000000000e-02
73	100	82	91	1.16715200000000e-01	5.00000000000000e-02
1	31	11	21	7.31671000000000e-02	5.00000000000000e-02
2	32	12	22	7.32725000000000e-02	5.00000000000000e-02
3	33	13	23	7.10251000000000e-02	5.00000000000000e-02
4	34	14	24	6.92743000000000e-02	5.00000000000000e-02
5	35	15	25	6.92991000000000e-02	5.00000000000000e-02
6	36	16	26	6.79248000000000e-02	5.00000000000000e-02
7	37	17	27	6.79701000000000e-02	5.00000000000000e-02
8	38	18	28	6.78896000000000e-02	5.00000000000000e-02
10	40	20	30	6.86239000000000e-02	5.00000000000000e-02
11	41	21	31	6.93135000000000e-02	5.00000000000000e-02
12	42	22	32	6.98728000000000e-02	5.00000000000000e-02
13	43	23	33	7.70676000000000e-02	5.00000000000000e-02
14	44	24	34	8.32943000000000e-02	5.00000000000000e-02
15	45	25	35	8.34767000000000e-02	5.00000000000000e-02
16	46	26	36	8.75197000000000e-02	5.00000000000000e-02
17	47	27	37	9.05221000000000e-02	5.00000000000000e-02
18	48	28	38	9.40182000000000e-02	5.00000000000000e-02
20	50	30	40	1.02253400000000e-01	5.00000000000000e-02
21	51	31	41	1.05087100000000e-01	5.00000000000000e-02
22	52	32	42	1.07080100000000e-01	5.00000000000000e-02
23	53	33	43	1.03394500000000e-01	5.00000000000000e-02
24	54	34	44	1.00622100000000e-01	5.00000000000000e-02
25	55	35	45	1.02466700000000e-01	5.00000000000000e-02
26	56	36	46	1.02115300000000e-01	5.00000000000000e-02
27	57	37	47	1.01719900000000e-01	5.00000000000000e-02
28	58	38	48	1.00735200000000e-01	5.00000000000000e-02
29	59	39	49	1.00601700000000e-01	5.00000000000000e-02
30	60	40	50	1.00653100000000e-01	5.00000000000000e-02
31	61	41	51	9.93091000000000e-02	5.00000000000000e-02
32	62	42	52	9.95283000000000e-02	5.00000000000000e-02
33	63	43	53	1.03033700000000e-01	5.00000000000000e-02
34	64	44	54	1.04636700000000e-01	5.00000000000000e-02
35	65	45	55	1.04499100000000e-01	5.00000000000000e-02
36	66	46	56	1.03911900000000e-01	5.00000000000000e-02
37	67	47	57	1.06021300000000e-01	5.00000000000000e-02
38	68	48	58	1.07478200000000e-01	5.00000000000000e-02
39	69	49	59	1.08013600000000e-01	5.00000000000000e-02
40	70	50	60	1.08249700000000e-01	5.00000000000000e-02
41	71	51	61	1.09949100000000e-01	5.00000000000000e-02
42	72	52	62	1.09311500000000e-01	5.00000000000000e-02
43	73	53	63	1.09423000000000e-01	5.00000000000000e-02
44	74	54	64	1.10422700000000e-01	5.00000000000000e-02
45	75	55	65	1.09829900000000e-01	5.00000000000000e-02
46	76	56	66	1.11294100000000e-01	5.00000000000000e-02
47	77	57	67	1.12166300000000e-01	5.00000000000000e-02
48	78	58	68	1.10593400000000e-01	5.00000000000000e-02
49	79	59	69	1.11653200000000e-01	5.00000000000000e-02
50	80	60	70	1.13181400000000e-01	5.00000000000000e-02
51	81	61	71	1.12930000000000e-01	5.00000000000000e-02
52	82	62	72	1.13391300000000e-01	5.00000000000000e-02
53	83	63	73	1.14264400000000e-01	5.00000000000000e-02
54	84	64	74	1.11752500000000e-01	5.00000000000000e-02
55	85	65	75	1.14279400000000e-01	5.00000000000000e-02
56	86	66	76	1.12249700000000e-01	5.00000000000000e-02
58	88	68	78	1.13054900000000e-01	5.00000000000000e-02
59	89	69	79	1.13861400000000e-01	5.00000000000000e-02
60	90	70	80	1.12123300000000e-01	5.00000000000000e-02
61	91	71	81	1.11493700000000e-01	5.00000000000000e-02
62	92	72	82	1.11293600000000e-01	5.00000000000000e-02
63	93	73	83	1.10183600000000e-01	5.00000000000000e-02
64	94	74	84	1.11815500000000e-01	5.00000000000000e-02
65	95	75	85	1.09597500000000e-01	5.00000000000000e-02
66	96	76	86	1.08401300000000e-01	5.00000000000000e-02
68	98	78	88	1.09718400000000e-01	5.00000000000000e-02
69	99	79	89	1.09339600000000e-01	5.00000000000000e-02
70	100	80	90	1.08995900000000e-01	5.00000000000000e-02
1	34	12	23	6.80822000000000e-02	5.00000000000000e-02
2	35	13	24	6.81206000000000e-02	5.00000000000000e-02
3	36	14	25	6.74156000000000e-02	5.00000000000000e-02
4	37	15	26	6.60620000000000e-02	5.00000000000000e-02
5	38	16	27	6.57505000000000e-02	5.00000000000000e-02
6	39	17	28	6.54743000000000e-02	5.00000000000000e-02
8	41	19	30	6.60763000000000e-02	5.00000000000000e-02
9	42	20	31	6.72065000000000e-02	5.00000000000000e-02
10	43	21	32	6.81651000000000e-02	5.00000000000000e-02
11	44	22	33	7.35826000000000e-02	5.00000000000000e-02
12	45	23	34	7.96624000000000e-02	5.00000000000000e-02
13	46	24	35	7.98175000000000e-02	5.00000000000000e-02
14	47	25	36	8.31777000000000e-02	5.00000000000000e-02
15	48	26	37	8.64860000000000e-02	5.00000000000000e-02
16	49	27	38	8.96663000000000e-02	5.00000000000000e-02
17	50	28	39	9.42192000000000e-02	5.00000000000000e-02
19	52	30	41	9.94820000000000e-02	5.00000000000000e-02
20	53	31	42	1.00716700000000e-01	5.00000000000000e-02
21	54	32	43	1.02609100000000e-01	5.00000000000000e-02
22	55	33	44	9.95733000000000e-02	5.00000000000000e-02
23	56	34	45	9.65519000000000e-02	5.00000000000000e-02
24	57	35	46	9.89816000000000e-02	5.00000000000000e-02
25	58	36	47	9.76704000000000e-02	5.00000000000000e-02
26	59	37	48	9.76430000000000e-02	5.00000000000000e-02
27	60	38	49	9.72285000000000e-02	5.00000000000000e-02
28	61	39	50	9.60352000000000e-02	5.00000000000000e-02
29	62	40	51	9.45348000000000e-02	5.00000000000000e-02
30	63	41	52	9.58437000000000e-02	5.00000000000000e-02
31	64	42	53	9.59855000000000e-02	5.00000000000000e-02
32	65	43	54	9.52991000000000e-02	5.00000000000000e-02
33	66	44	55	9.75390000000000e-02	5.00000000000000e-02
34	67	45	56	9.90448000000000e-02	5.00000000000000e-02
35	68	46	57	9.92351000000000e-02	5.00000000000000e-02
36	69	47	58	1.00568200000000e-01	5.00000000000000e-02
37	70	48	59	1.00706000000000e-01	5.00000000000000e-02
38	71	49	60	1.00645800000000e-01	5.00000000000000e-02
39	72	50	61	1.01946800000000e-01	5.00000000000000e-02
40	73	51	62	1.03472100000000e-01	5.00000000000000e-02
41	74	52	63	1.04137000000000e-01	5.00000000000000e-02
42	75	53	64	1.03184100000000e-01	5.00000000000000e-02
43	76	54	65	1.04382700000000e-01	5.00000000000000e-02
44	77	55	66	1.05410100000000e-01	5.00000000000000e-02
45	78	56	67	1.05632600000000e-01	5.00000000000000e-02
46	79	57	68	1.05355900000000e-01	5.00000000000000e-02
47	80	58	69	1.05318200000000e-01	5.00000000000000e-02
48	81	59	70	1.06921800000000e-01	5.00000000000000e-02
49	82	60	71	1.07912800000000e-01	5.00000000000000e-02
50	83	61	72	1.08692500000000e-01	5.00000000000000e-02
51	84	62	73	1.07245000000000e-01	5.00000000000000e-02
52	85	63	74	1.06910900000000e-01	5.00000000000000e-02
53	86	64	75	1.09453700000000e-01	5.00000000000000e-02
54	87	65	76	1.08055900000000e-01	5.00000000000000e-02
56	89	67	78	1.06929600000000e-01	5.00000000000000e-02
57	90	68	79	1.08362600000000e-01	5.00000000000000e-02
58	91	69	80	1.07970300000000e-01	5.00000000000000e-02
59	92	70	81	1.06441900000000e-01	5.00000000000000e-02
60	93	71	82	1.05917700000000e-01	5.00000000000000e-02
61	94	72	83	1.04815700000000e-01	5.00000000000000e-02
62	95	73	84	1.04907100000000e-01	5.00000000000000e-02
63	96	74	85	1.06254100000000e-01	5.00000000000000e-02
64	97	75	86	1.03055300000000e-01	5.00000000000000e-02
65	98	76	87	1.05227700000000e-01	5.00000000000000e-02
67	100	78	89	1.05111400000000e-01	5.00000000000000e-02
1	37	13	25	6.58771000000000e-02	5.00000000000000e-02
2	38	14	26	6.45934000000000e-02	5.00000000000000e-02
3	39	15	27	6.37390000000000e-02	5.00000000000000e-02
4	40	16	28	6.36261000000000e-02	5.00000000000000e-02
6	42	18	30	6.44674000000000e-02	5.00000000000000e-02
7	43	19	31	5.93335000000000e-02	5.00000000000000e-02
8	44	20	32	6.58465000000000e-02	5.00000000000000e-02
9	45	21	33	7.12930000000000e-02	5.00000000000000e-02
10	46	22	34	7.58748000000000e-02	5.00000000000000e-02
11	47	23	35	7.67210000000000e-02	5.00000000000000e-02
12	48	24	36	7.96082000000000e-02	5.00000000000000e-02
13	49	25	37	8.18985000000000e-02	5.00000000000000e-02
14	50	26	38	8.57688000000000e-02	5.00000000000000e-02
15	51	27	39	8.92077000000000e-02	5.00000000000000e-02
16	52	28	40	9.12998000000000e-02	5.00000000000000e-02
18	54	30	42	9.61953000000000e-02	5.00000000000000e-02
19	55	31	43	9.72878000000000e-02	5.00000000000000e-02
20	56	32	44	9.86353000000000e-02	5.00000000000000e-02
21	57	33	45	9.54314000000000e-02	5.00000000000000e-02
22	58	34	46	9.36061000000000e-02	5.00000000000000e-02
23	59	35	47	9.51123000000000e-02	5.00000000000000e-02
24	60	36	48	9.41250000000000e-02	5.00000000000000e-02
25	61	37	49	9.41905000000000e-02	5.00000000000000e-02
26	62	38	50	9.28259000000000e-02	5.00000000000000e-02
27	63	39	51	9.20098000000000e-02	5.00000000000000e-02
28	64	40	52	9.21724000000000e-02	5.00000000000000e-02
29	65	41	53	9.13888000000000e-02	5.00000000000000e-02
30	66	42	54	9.09138000000000e-02	5.00000000000000e-02
31	67	43	55	9.14714000000000e-02	5.00000000000000e-02
32	68	44	56	9.06723000000000e-02	5.00000000000000e-02
33	69	45	57	9.32923000000000e-02	5.00000000000000e-02
34	70	46	58	9.46271000000000e-02	5.00000000000000e-02
35	71	47	59	9.41137000000000e-02	5.00000000000000e-02
36	72	48	60	9.47389000000000e-02	5.00000000000000e-02
37	73	49	61	9.55994000000000e-02	5.00000000000000e-02
38	74	50	62	9.75765000000000e-02	5.00000000000000e-02
39	75	51	63	9.74003000000000e-02	5.00000000000000e-02
40	76	52	64	9.74793000000000e-02	5.00000000000000e-02
41	77	53	65	9.89942000000000e-02	5.00000000000000e-02
42	78	54	66	9.96801000000000e-02	5.00000000000000e-02
43	79	55	67	1.00111600000000e-01	5.00000000000000e-02
44	80	56	68	1.00339800000000e-01	5.00000000000000e-02
45	81	57	69	9.98521000000000e-02	5.00000000000000e-02
46	82	58	70	1.01017400000000e-01	5.00000000000000e-02
47	83	59	71	1.02048500000000e-01	5.00000000000000e-02
48	84	60	72	1.02814000000000e-01	5.00000000000000e-02
49	85	61	73	1.03066800000000e-01	5.00000000000000e-02
50	86	62	74	1.01563900000000e-01	5.00000000000000e-02
51	87	63	75	1.02912900000000e-01	5.00000000000000e-02
52	88	64	76	1.03857100000000e-01	5.00000000000000e-02
54	90	66	78	1.02803700000000e-01	5.00000000000000e-02
55	91	67	79	1.02377500000000e-01	5.00000000000000e-02
56	92	68	80	1.02247000000000e-01	5.00000000000000e-02
57	93	69	81	1.01717800000000e-01	5.00000000000000e-02
58	94	70	82	1.01357900000000e-01	5.00000000000000e-02
59	95	71	83	1.00253000000000e-01	5.00000000000000e-02
60	96	72	84	1.00071900000000e-01	5.00000000000000e-02
61	97	73	85	9.91958000000000e-02	5.00000000000000e-02
62	98	74	86	1.00751600000000e-01	5.00000000000000e-02
63	99	75	87	9.94062000000000e-02	5.00000000000000e-02
64	100	76	88	9.89224000000000e-02	5.00000000000000e-02
1	40	14	27	6.15271000000000e-02	5.00000000000000e-02
2	41	15	28	6.10996000000000e-02	5.00000000000000e-02
4	43	17	30	6.21426000000000e-02	5.00000000000000e-02
5	44	18	31	6.35634000000000e-02	5.00000000000000e-02
6	45	19	32	6.36572000000000e-02	5.00000000000000e-02
7	46	20	33	6.86734000000000e-02	5.00000000000000e-02
8	47	21	34	5.89578000000000e-02	5.00000000000000e-02
9	48	22	35	7.34594000000000e-02	5.00000000000000e-02
10	49	23	36	7.62787000000000e-02	5.00000000000000e-02
11	50	24	37	7.86743000000000e-02	5.00000000000000e-02
12	51	25	38	8.09102000000000e-02	5.00000000000000e-02
13	52	26	39	8.45953000000000e-02	5.00000000000000e-02
14	53	27	40	8.69272000000000e-02	5.00000000000000e-02
15	54	28	41	9.03502000000000e-02	5.00000000000000e-02
17	56	30	43	9.31101000000000e-02	5.00000000000000e-02
18	57	31	44	9.32105000000000e-02	5.00000000000000e-02
19	58	32	45	9.47337000000000e-02	5.00000000000000e-02
20	59	33	46	9.26950000000000e-02	5.00000000000000e-02
21	60	34	47	9.02751000000000e-02	5.00000000000000e-02
22	61	35	48	9.13995000000000e-02	5.00000000000000e-02
23	62	36	49	9.09644000000000e-02	5.00000000000000e-02
24	63	37	50	9.03583000000000e-02	5.00000000000000e-02
25	64	38	51	8.99362000000000e-02	5.00000000000000e-02
26	65	39	52	8.90963000000000e-02	5.00000000000000e-02
27	66	40	53	8.84151000000000e-02	5.00000000000000e-02
28	67	41	54	8.72718000000000e-02	5.00000000000000e-02
29	68	42	55	8.67757000000000e-02	5.00000000000000e-02
30	69	43	56	8.69821000000000e-02	5.00000000000000e-02
31	70	44	57	8.69624000000000e-02	5.00000000000000e-02
32	71	45	58	8.67378000000000e-02	5.00000000000000e-02
33	72	46	59	8.79680000000000e-02	5.00000000000000e-02
34	73	47	60	8.94343000000000e-02	5.00000000000000e-02
35	74	48	61	9.09461000000000e-02	5.00000000000000e-02
36	75	49	62	9.03924000000000e-02	5.00000000000000e-02
37	76	50	63	9.11458000000000e-02	5.00000000000000e-02
38	77	51	64	9.26514000000000e-02	5.00000000000000e-02
39	78	52	65	9.27425000000000e-02	5.00000000000000e-02
40	79	53	66	9.33251000000000e-02	5.00000000000000e-02
41	80	54	67	9.50112000000000e-02	5.00000000000000e-02
42	81	55	68	9.52090000000000e-02	5.00000000000000e-02
43	82	56	69	9.57067000000000e-02	5.00000000000000e-02
44	83	57	70	9.60747000000000e-02	5.00000000000000e-02
45	84	58	71	9.60534000000000e-02	5.00000000000000e-02
46	85	59	72	9.77680000000000e-02	5.00000000000000e-02
47	86	60	73	9.78167000000000e-02	5.00000000000000e-02
48	87	61	74	9.61313000000000e-02	5.00000000000000e-02
49	88	62	75	9.80937000000000e-02	5.00000000000000e-02
50	89	63	76	9.83326000000000e-02	5.00000000000000e-02
52	91	65	78	9.79601000000000e-02	5.00000000000000e-02
53	92	66	79	9.82134000000000e-02	5.00000000000000e-02
54	93	67	80	9.71626000000000e-02	5.00000000000000e-02
55	94	68	81	9.68148000000000e-02	5.00000000000000e-02
56	95	69	82	9.61379000000000e-02	5.00000000000000e-02
57	96	70	83	9.60185000000000e-02	5.00000000000000e-02
58	97	71	84	9.57992000000000e-02	5.00000000000000e-02
59	98	72	85	9.50020000000000e-02	5.00000000000000e-02
60	99	73	86	9.38632000000000e-02	5.00000000000000e-02
61	100	74	87	9.64226000000000e-02	5.00000000000000e-02
2	44	16	30	5.99112000000000e-02	5.00000000000000e-02
3	45	17	31	6.11179000000000e-02	5.00000000000000e-02
4	46	18	32	6.17578000000000e-02	5.00000000000000e-02
5	47	19	33	6.62930000000000e-02	5.00000000000000e-02
6	48	20	34	6.55071000000000e-02	5.00000000000000e-02
7	49	21	35	7.04603000000000e-02	5.00000000000000e-02
8	50	22	36	7.28516000000000e-02	5.00000000000000e-02
9	51	23	37	7.54248000000000e-02	5.00000000000000e-02
10	52	24	38	7.66637000000000e-02	5.00000000000000e-02
11	53	25	39	8.00280000000000e-02	5.00000000000000e-02
12	54	26	40	8.32405000000000e-02	5.00000000000000e-02
13	55	27	41	8.55333000000000e-02	5.00000000000000e-02
14	56	28	42	8.79674000000000e-02	5.00000000000000e-02
16	58	30	44	8.97052000000000e-02	5.00000000000000e-02
17	59	31	45	9.04063000000000e-02	5.00000000000000e-02
18	60	32	46	9.18158000000000e-02	5.00000000000000e-02
19	61	33	47	8.90938000000000e-02	5.00000000000000e-02
20	62	34	48	8.63923000000000e-02	5.00000000000000e-02
21	63	35	49	8.80669000000000e-02	5.00000000000000e-02
22	64	36	50	8.78037000000000e-02	5.00000000000000e-02
23	65	37	51	8.68720000000000e-02	5.00000000000000e-02
24	66	38	52	8.71534000000000e-02	5.00000000000000e-02
25	67	39	53	8.59272000000000e-02	5.00000000000000e-02
26	68	40	54	8.51092000000000e-02	5.00000000000000e-02
27	69	41	55	8.40823000000000e-02	5.00000000000000e-02
28	70	42	56	8.26347000000000e-02	5.00000000000000e-02
29	71	43	57	8.26464000000000e-02	5.00000000000000e-02
30	72	44	58	8.33828000000000e-02	5.00000000000000e-02
31	73	45	59	8.28537000000000e-02	5.00000000000000e-02
32	74	46	60	8.25896000000000e-02	5.00000000000000e-02
33	75	47	61	8.39939000000000e-02	5.00000000000000e-02
34	76	48	62	8.63165000000000e-02	5.00000000000000e-02
35	77	49	63	8.63420000000000e-02	5.00000000000000e-02
36	78	50	64	8.68755000000000e-02	5.00000000000000e-02
37	79	51	65	8.78527000000000e-02	5.00000000000000e-02
38	80	52	66	8.75149000000000e-02	5.00000000000000e-02
39	81	53	67	8.90139000000000e-02	5.00000000000000e-02
40	82	54	68	8.94199000000000e-02	5.00000000000000e-02
41	83	55	69	9.06333000000000e-02	5.00000000000000e-02
42	84	56	70	9.19820000000000e-02	5.00000000000000e-02
43	85	57	71	9.16310000000000e-02	5.00000000000000e-02
44	86	58	72	9.24540000000000e-02	5.00000000000000e-02
45	87	59	73	9.21214000000000e-02	5.00000000000000e-02
46	88	60	74	9.27136000000000e-02	5.00000000000000e-02
47	89	61	75	9.41199000000000e-02	5.00000000000000e-02
48	90	62	76	9.34915000000000e-02	5.00000000000000e-02
50	92	64	78	9.37363000000000e-02	5.00000000000000e-02
51	93	65	79	9.34315000000000e-02	5.00000000000000e-02
52	94	66	80	9.30325000000000e-02	5.00000000000000e-02
53	95	67	81	9.23844000000000e-02	5.00000000000000e-02
54	96	68	82	9.29319000000000e-02	5.00000000000000e-02
55	97	69	83	9.18155000000000e-02	5.00000000000000e-02
56	98	70	84	9.12493000000000e-02	5.00000000000000e-02
57	99	71	85	9.14131000000000e-02	5.00000000000000e-02
58	100	72	86	9.06947000000000e-02	5.00000000000000e-02
1	46	16	31	5.88524000000000e-02	5.00000000000000e-02
2	47	17	32	5.96046000000000e-02	5.00000000000000e-02
3	48	18	33	6.39733000000000e-02	5.00000000000000e-02
4	49	19	34	6.78221000000000e-02	5.00000000000000e-02
5	50	20	35	6.80373000000000e-02	5.00000000000000e-02
6	51	21	36	7.03269000000000e-02	5.00000000000000e-02
7	52	22	37	7.13825000000000e-02	5.00000000000000e-02
8	53	23	38	7.35949000000000e-02	5.00000000000000e-02
9	54	24	39	7.72560000000000e-02	5.00000000000000e-02
10	55	25	40	7.92615000000000e-02	5.00000000000000e-02
11	56	26	41	8.16674000000000e-02	5.00000000000000e-02
12	57	27	42	8.32476000000000e-02	5.00000000000000e-02
13	58	28	43	8.45227000000000e-02	5.00000000000000e-02
15	60	30	45	8.70796000000000e-02	5.00000000000000e-02
16	61	31	46	8.76807000000000e-02	5.00000000000000e-02
17	62	32	47	8.83277000000000e-02	5.00000000000000e-02
18	63	33	48	8.59260000000000e-02	5.00000000000000e-02
19	64	34	49	8.47745000000000e-02	5.00000000000000e-02
20	65	35	50	8.51679000000000e-02	5.00000000000000e-02
21	66	36	51	8.42954000000000e-02	5.00000000000000e-02
22	67	37	52	8.48573000000000e-02	5.00000000000000e-02
23	68	38	53	8.46089000000000e-02	5.00000000000000e-02
24	69	39	54	8.30046000000000e-02	5.00000000000000e-02
25	70	40	55	8.16828000000000e-02	5.00000000000000e-02
26	71	41	56	7.96415000000000e-02	5.00000000000000e-02
27	72	42	57	7.99725000000000e-02	5.00000000000000e-02
28	73	43	58	7.89937000000000e-02	5.00000000000000e-02
29	74	44	59	7.95852000000000e-02	5.00000000000000e-02
30	75	45	60	7.88328000000000e-02	5.00000000000000e-02
31	76	46	61	7.93693000000000e-02	5.00000000000000e-02
32	77	47	62	8.00742000000000e-02	5.00000000000000e-02
33	78	48	63	8.17337000000000e-02	5.00000000000000e-02
34	79	49	64	8.25794000000000e-02	5.00000000000000e-02
35	80	50	65	8.31799000000000e-02	5.00000000000000e-02
36	81	51	66	8.43745000000000e-02	5.00000000000000e-02
37	82	52	67	8.46133000000000e-02	5.00000000000000e-02
38	83	53	68	8.43671000000000e-02	5.00000000000000e-02
39	84	54	69	8.57208000000000e-02	5.00000000000000e-02
40	85	55	70	8.68330000000000e-02	5.00000000000000e-02
41	86	56	71	8.81597000000000e-02	5.00000000000000e-02
42	87	57	72	8.80075000000000e-02	5.00000000000000e-02
43	88	58	73	8.84450000000000e-02	5.00000000000000e-02
44	89	59	74	8.78893000000000e-02	5.00000000000000e-02
45	90	60	75	8.93967000000000e-02	5.00000000000000e-02
46	91	61	76	8.99503000000000e-02	5.00000000000000e-02
48	93	63	78	8.93808000000000e-02	5.00000000000000e-02
49	94	64	79	8.94265000000000e-02	5.00000000000000e-02
50	95	65	80	8.88340000000000e-02	5.00000000000000e-02
51	96	66	81	8.78926000000000e-02	5.00000000000000e-02
52	97	67	82	8.84694000000000e-02	5.00000000000000e-02
53	98	68	83	8.83661000000000e-02	5.00000000000000e-02
54	99	69	84	8.81118000000000e-02	5.00000000000000e-02
55	100	70	85	8.76636000000000e-02	5.00000000000000e-02
1	49	17	33	6.11175000000000e-02	5.00000000000000e-02
2	50	18	34	6.13607000000000e-02	5.00000000000000e-02
3	51	19	35	6.09040000000000e-02	5.00000000000000e-02
4	52	20	36	6.74427000000000e-02	5.00000000000000e-02
5	53	21	37	6.89497000000000e-02	5.00000000000000e-02
6	54	22	38	7.04999000000000e-02	5.00000000000000e-02
7	55	23	39	7.36241000000000e-02	5.00000000000000e-02
8	56	24	40	7.50290000000000e-02	5.00000000000000e-02
9	57	25	41	7.74984000000000e-02	5.00000000000000e-02
10	58	26	42	7.92937000000000e-02	5.00000000000000e-02
11	59	27	43	8.04623000000000e-02	5.00000000000000e-02
12	60	28	44	8.25085000000000e-02	5.00000000000000e-02
14	62	30	46	8.43937000000000e-02	5.00000000000000e-02
15	63	31	47	8.52351000000000e-02	5.00000000000000e-02
16	64	32	48	8.50857000000000e-02	5.00000000000000e-02
17	65	33	49	8.31636000000000e-02	5.00000000000000e-02
18	66	34	50	8.15745000000000e-02	5.00000000000000e-02
19	67	35	51	8.29349000000000e-02	5.00000000000000e-02
20	68	36	52	8.24731000000000e-02	5.00000000000000e-02
21	69	37	53	8.23308000000000e-02	5.00000000000000e-02
22	70	38	54	8.10284000000000e-02	5.00000000000000e-02
23	71	39	55	7.92141000000000e-02	5.00000000000000e-02
24	72	40	56	7.85273000000000e-02	5.00000000000000e-02
25	73	41	57	7.71116000000000e-02	5.00000000000000e-02
26	74	42	58	7.74536000000000e-02	5.00000000000000e-02
27	75	43	59	7.62448000000000e-02	5.00000000000000e-02
28	76	44	60	7.58209000000000e-02	5.00000000000000e-02
29	77	45	61	7.61338000000000e-02	5.00000000000000e-02
30	78	46	62	7.65140000000000e-02	5.00000000000000e-02
31	79	47	63	7.66527000000000e-02	5.00000000000000e-02
32	80	48	64	7.68082000000000e-02	5.00000000000000e-02
33	81	49	65	7.83697000000000e-02	5.00000000000000e-02
34	82	50	66	8.01857000000000e-02	5.00000000000000e-02
35	83	51	67	8.02650000000000e-02	5.00000000000000e-02
36	84	52	68	7.99259000000000e-02	5.00000000000000e-02
37	85	53	69	8.08941000000000e-02	5.00000000000000e-02
38	86	54	70	8.16125000000000e-02	5.00000000000000e-02
39	87	55	71	8.24308000000000e-02	5.00000000000000e-02
40	88	56	72	8.37789000000000e-02	5.00000000000000e-02
41	89	57	73	8.39970000000000e-02	5.00000000000000e-02
42	90	58	74	8.35803000000000e-02	5.00000000000000e-02
43	91	59	75	8.55252000000000e-02	5.00000000000000e-02
44	92	60	76	8.54957000000000e-02	5.00000000000000e-02
46	94	62	78	8.51827000000000e-02	5.00000000000000e-02
47	95	63	79	8.49394000000000e-02	5.00000000000000e-02
48	96	64	80	8.47424000000000e-02	5.00000000000000e-02
49	97	65	81	8.44226000000000e-02	5.00000000000000e-02
50	98	66	82	8.43972000000000e-02	5.00000000000000e-02
51	99	67	83	8.37875000000000e-02	5.00000000000000e-02
52	100	68	84	8.43889000000000e-02	5.00000000000000e-02
1	52	18	35	6.23475000000000e-02	5.00000000000000e-02
2	53	19	36	6.45904000000000e-02	5.00000000000000e-02
3	54	20	37	6.58332000000000e-02	5.00000000000000e-02
4	55	21	38	6.81452000000000e-02	5.00000000000000e-02
5	56	22	39	6.99751000000000e-02	5.00000000000000e-02
6	57	23	40	7.23686000000000e-02	5.00000000000000e-02
7	58	24	41	7.41816000000000e-02	5.00000000000000e-02
8	59	25	42	7.63262000000000e-02	5.00000000000000e-02
9	60	26	43	7.70396000000000e-02	5.00000000000000e-02
10	61	27	44	7.84049000000000e-02	5.00000000000000e-02
11	62	28	45	7.88053000000000e-02	5.00000000000000e-02
13	64	30	47	8.12508000000000e-02	5.00000000000000e-02
14	65	31	48	8.20292000000000e-02	5.00000000000000e-02
15	66	32	49	8.28532000000000e-02	5.00000000000000e-02
16	67	33	50	8.08361000000000e-02	5.00000000000000e-02
17	68	34	51	7.93188000000000e-02	5.00000000000000e-02
18	69	35	52	8.02896000000000e-02	5.00000000000000e-02
19	70	36	53	7.99539000000000e-02	5.00000000000000e-02
20	71	37	54	7.87755000000000e-02	5.00000000000000e-02
21	72	38	55	7.79301000000000e-02	5.00000000000000e-02
22	73	39	56	7.69039000000000e-02	5.00000000000000e-02
23	74	40	57	7.58949000000000e-02	5.00000000000000e-02
24	75	41	58	7.43514000000000e-02	5.00000000000000e-02
25	76	42	59	7.39295000000000e-02	5.00000000000000e-02
26	77	43	60	7.36699000000000e-02	5.00000000000000e-02
27	78	44	61	7.35064000000000e-02	5.00000000000000e-02
28	79	45	62	7.31413000000000e-02	5.00000000000000e-02
29	80	46	63	7.28107000000000e-02	5.00000000000000e-02
30	81	47	64	7.42498000000000e-02	5.00000000000000e-02
31	82	48	65	7.44958000000000e-02	5.00000000000000e-02
32	83	49	66	7.43962000000000e-02	5.00000000000000e-02
33	84	50	67	7.61926000000000e-02	5.00000000000000e-02
34	85	51	68	7.72330000000000e-02	5.00000000000000e-02
35	86	52	69	7.71150000000000e-02	5.00000000000000e-02
36	87	53	70	7.72913000000000e-02	5.00000000000000e-02
37	88	54	71	7.84967000000000e-02	5.00000000000000e-02
38	89	55	72	7.92652000000000e-02	5.00000000000000e-02
39	90	56	73	7.95023000000000e-02	5.00000000000000e-02
40	91	57	74	7.96294000000000e-02	5.00000000000000e-02
41	92	58	75	8.07211000000000e-02	5.00000000000000e-02
42	93	59	76	8.16205000000000e-02	5.00000000000000e-02
44	95	61	78	8.10628000000000e-02	5.00000000000000e-02
45	96	62	79	8.10950000000000e-02	5.00000000000000e-02
46	97	63	80	8.12683000000000e-02	5.00000000000000e-02
47	98	64	81	8.11830000000000e-02	5.00000000000000e-02
48	99	65	82	8.09094000000000e-02	5.00000000000000e-02
49	100	66	83	8.03855000000000e-02	5.00000000000000e-02
1	55	19	37	6.30800000000000e-02	5.00000000000000e-02
2	56	20	38	6.47332000000000e-02	5.00000000000000e-02
3	57	21	39	6.73335000000000e-02	5.00000000000000e-02
4	58	22	40	6.84986000000000e-02	5.00000000000000e-02
5	59	23	41	7.11557000000000e-02	5.00000000000000e-02
6	60	24	42	7.30353000000000e-02	5.00000000000000e-02
7	61	25	43	7.37252000000000e-02	5.00000000000000e-02
8	62	26	44	7.46734000000000e-02	5.00000000000000e-02
9	63	27	45	7.58617000000000e-02	5.00000000000000e-02
10	64	28	46	7.74649000000000e-02	5.00000000000000e-02
12	66	30	48	7.85781000000000e-02	5.00000000000000e-02
13	67	31	49	7.94610000000000e-02	5.00000000000000e-02
14	68	32	50	8.03439000000000e-02	5.00000000000000e-02
15	69	33	51	7.82237000000000e-02	5.00000000000000e-02
16	70	34	52	7.69240000000000e-02	5.00000000000000e-02
17	71	35	53	7.71917000000000e-02	5.00000000000000e-02
18	72	36	54	7.67500000000000e-02	5.00000000000000e-02
19	73	37	55	7.64313000000000e-02	5.00000000000000e-02
20	74	38	56	7.58348000000000e-02	5.00000000000000e-02
21	75	39	57	7.38342000000000e-02	5.00000000000000e-02
22	76	40	58	7.36334000000000e-02	5.00000000000000e-02
23	77	41	59	7.21272000000000e-02	5.00000000000000e-02
24	78	42	60	7.14222000000000e-02	5.00000000000000e-02
25	79	43	61	7.10196000000000e-02	5.00000000000000e-02
26	80	44	62	7.12280000000000e-02	5.00000000000000e-02
27	81	45	63	7.11808000000000e-02	5.00000000000000e-02
28	82	46	64	7.07857000000000e-02	5.00000000000000e-02
29	83	47	65	7.11189000000000e-02	5.00000000000000e-02
30	84	48	66	7.19919000000000e-02	5.00000000000000e-02
31	85	49	67	7.22608000000000e-02	5.00000000000000e-02
32	86	50	68	7.22735000000000e-02	5.00000000000000e-02
33	87	51	69	7.30121000000000e-02	5.00000000000000e-02
34	88	52	70	7.44801000000000e-02	5.00000000000000e-02
35	89	53	71	7.41784000000000e-02	5.00000000000000e-02
36	90	54	72	7.52496000000000e-02	5.00000000000000e-02
37	91	55	73	7.56210000000000e-02	5.00000000000000e-02
38	92	56	74	7.53001000000000e-02	5.00000000000000e-02
39	93	57	75	7.68418000000000e-02	5.00000000000000e-02
40	94	58	76	7.68607000000000e-02	5.00000000000000e-02
42	96	60	78	7.77614000000000e-02	5.00000000000000e-02
43	97	61	79	7.79645000000000e-02	5.00000000000000e-02
44	98	62	80	7.78390000000000e-02	5.00000000000000e-02
45	99	63	81	7.70518000000000e-02	5.00000000000000e-02
46	100	64	82	7.74056000000000e-02	5.00000000000000e-02
1	58	20	39	6.38030000000000e-02	5.00000000000000e-02
2	59	21	40	6.60773000000000e-02	5.00000000000000e-02
3	60	22	41	6.76726000000000e-02	5.00000000000000e-02
4	61	23	42	6.96378000000000e-02	5.00000000000000e-02
5	62	24	43	7.03726000000000e-02	5.00000000000000e-02
6	63	25	44	7.12738000000000e-02	5.00000000000000e-02
7	64	26	45	7.25698000000000e-02	5.00000000000000e-02
8	65	27	46	7.36616000000000e-02	5.00000000000000e-02
9	66	28	47	7.46952000000000e-02	5.00000000000000e-02
11	68	30	49	7.63165000000000e-02	5.00000000000000e-02
12	69	31	50	7.65243000000000e-02	5.00000000000000e-02
13	70	32	51	7.73813000000000e-02	5.00000000000000e-02
14	71	33	52	7.60176000000000e-02	5.00000000000000e-02
15	72	34	53	7.48138000000000e-02	5.00000000000000e-02
16	73	35	54	7.47510000000000e-02	5.00000000000000e-02
17	74	36	55	7.45653000000000e-02	5.00000000000000e-02
18	75	37	56	7.33807000000000e-02	5.00000000000000e-02
19	76	38	57	7.32002000000000e-02	5.00000000000000e-02
20	77	39	58	7.25025000000000e-02	5.00000000000000e-02
21	78	40	59	7.09092000000000e-02	5.00000000000000e-02
22	79	41	60	6.96302000000000e-02	5.00000000000000e-02
23	80	42	61	6.93999000000000e-02	5.00000000000000e-02
24	81	43	62	6.94283000000000e-02	5.00000000000000e-02
25	82	44	63	6.90942000000000e-02	5.00000000000000e-02
26	83	45	64	6.94164000000000e-02	5.00000000000000e-02
27	84	46	65	6.87153000000000e-02	5.00000000000000e-02
28	85	47	66	6.92881000000000e-02	5.00000000000000e-02
29	86	48	67	6.91649000000000e-02	5.00000000000000e-02
30	87	49	68	6.89759000000000e-02	5.00000000000000e-02
31	88	50	69	6.98846000000000e-02	5.00000000000000e-02
32	89	51	70	6.98970000000000e-02	5.00000000000000e-02
33	90	52	71	7.07669000000000e-02	5.00000000000000e-02
34	91	53	72	7.22131000000000e-02	5.00000000000000e-02
35	92	54	73	7.14163000000000e-02	5.00000000000000e-02
36	93	55	74	7.13380000000000e-02	5.00000000000000e-02
37	94	56	75	7.30099000000000e-02	5.00000000000000e-02
38	95	57	76	7.26908000000000e-02	5.00000000000000e-02
40	97	59	78	7.36181000000000e-02	5.00000000000000e-02
41	98	60	79	7.46391000000000e-02	5.00000000000000e-02
42	99	61	80	7.45953000000000e-02	5.00000000000000e-02
43	100	62	81	7.43201000000000e-02	5.00000000000000e-02
1	61	21	41	6.46214000000000e-02	5.00000000000000e-02
2	62	22	42	6.61979000000000e-02	5.00000000000000e-02
3	63	23	43	6.68879000000000e-02	5.00000000000000e-02
4	64	24	44	6.80902000000000e-02	5.00000000000000e-02
5	65	25	45	6.94551000000000e-02	5.00000000000000e-02
6	66	26	46	7.06711000000000e-02	5.00000000000000e-02
7	67	27	47	7.18591000000000e-02	5.00000000000000e-02
8	68	28	48	7.27821000000000e-02	5.00000000000000e-02
10	70	30	50	7.42564000000000e-02	5.00000000000000e-02
11	71	31	51	7.46843000000000e-02	5.00000000000000e-02
12	72	32	52	7.55337000000000e-02	5.00000000000000e-02
13	73	33	53	7.37859000000000e-02	5.00000000000000e-02
14	74	34	54	7.29082000000000e-02	5.00000000000000e-02
15	75	35	55	7.25752000000000e-02	5.00000000000000e-02
16	76	36	56	7.19449000000000e-02	5.00000000000000e-02
17	77	37	57	7.17793000000000e-02	5.00000000000000e-02
18	78	38	58	7.07705000000000e-02	5.00000000000000e-02
19	79	39	59	7.02202000000000e-02	5.00000000000000e-02
20	80	40	60	6.91652000000000e-02	5.00000000000000e-02
21	81	41	61	6.78315000000000e-02	5.00000000000000e-02
22	82	42	62	6.75501000000000e-02	5.00000000000000e-02
23	83	43	63	6.75396000000000e-02	5.00000000000000e-02
24	84	44	64	6.66496000000000e-02	5.00000000000000e-02
25	85	45	65	6.77550000000000e-02	5.00000000000000e-02
26	86	46	66	6.72467000000000e-02	5.00000000000000e-02
27	87	47	67	6.69789000000000e-02	5.00000000000000e-02
28	88	48	68	6.71655000000000e-02	5.00000000000000e-02
29	89	49	69	6.70285000000000e-02	5.00000000000000e-02
30	90	50	70	6.73892000000000e-02	5.00000000000000e-02
31	91	51	71	6.83278000000000e-02	5.00000000000000e-02
32	92	52	72	6.66959000000000e-02	5.00000000000000e-02
33	93	53	73	6.79324000000000e-02	5.00000000000000e-02
34	94	54	74	6.84784000000000e-02	5.00000000000000e-02
35	95	55	75	6.89548000000000e-02	5.00000000000000e-02
36	96	56	76	6.97784000000000e-02	5.00000000000000e-02
38	98	58	78	6.96254000000000e-02	5.00000000000000e-02
39	99	59	79	7.09722000000000e-02	5.00000000000000e-02
40	100	60	80	7.07460000000000e-02	5.00000000000000e-02
1	64	22	43	6.40027000000000e-02	5.00000000000000e-02
2	65	23	44	6.50114000000000e-02	5.00000000000000e-02
3	66	24	45	6.62400000000000e-02	5.00000000000000e-02
4	67	25	46	6.73873000000000e-02	5.00000000000000e-02
5	68	26	47	6.85920000000000e-02	5.00000000000000e-02
6	69	27	48	6.96990000000000e-02	5.00000000000000e-02
7	70	28	49	7.05031000000000e-02	5.00000000000000e-02
9	72	30	51	7.15935000000000e-02	5.00000000000000e-02
10	73	31	52	7.25098000000000e-02	5.00000000000000e-02
11	74	32	53	7.36339000000000e-02	5.00000000000000e-02
12	75	33	54	7.08641000000000e-02	5.00000000000000e-02
13	76	34	55	6.95986000000000e-02	5.00000000000000e-02
14	77	35	56	7.05139000000000e-02	5.00000000000000e-02
15	78	36	57	6.95716000000000e-02	5.00000000000000e-02
16	79	37	58	6.93532000000000e-02	5.00000000000000e-02
17	80	38	59	6.83839000000000e-02	5.00000000000000e-02
18	81	39	60	6.79990000000000e-02	5.00000000000000e-02
19	82	40	61	6.73061000000000e-02	5.00000000000000e-02
20	83	41	62	6.63309000000000e-02	5.00000000000000e-02
21	84	42	63	6.53666000000000e-02	5.00000000000000e-02
22	85	43	64	6.60564000000000e-02	5.00000000000000e-02
23	86	44	65	6.54961000000000e-02	5.00000000000000e-02
24	87	45	66	6.53575000000000e-02	5.00000000000000e-02
25	88	46	67	6.51889000000000e-02	5.00000000000000e-02
26	89	47	68	6.52768000000000e-02	5.00000000000000e-02
27	90	48	69	6.50358000000000e-02	5.00000000000000e-02
28	91	49	70	6.46893000000000e-02	5.00000000000000e-02
29	92	50	71	6.49716000000000e-02	5.00000000000000e-02
30	93	51	72	6.52222000000000e-02	5.00000000000000e-02
31	94	52	73	6.44375000000000e-02	5.00000000000000e-02
32	95	53	74	6.35159000000000e-02	5.00000000000000e-02
33	96	54	75	6.55478000000000e-02	5.00000000000000e-02
34	97	55	76	6.70846000000000e-02	5.00000000000000e-02
36	99	57	78	6.63187000000000e-02	5.00000000000000e-02
37	100	58	79	6.69207000000000e-02	5.00000000000000e-02
1	67	23	45	6.34746000000000e-02	5.00000000000000e-02
2	68	24	46	6.43561000000000e-02	5.00000000000000e-02
3	69	25	47	6.54663000000000e-02	5.00000000000000e-02
4	70	26	48	6.63573000000000e-02	5.00000000000000e-02
5	71	27	49	6.72097000000000e-02	5.00000000000000e-02
6	72	28	50	6.86180000000000e-02	5.00000000000000e-02
8	74	30	52	7.04457000000000e-02	5.00000000000000e-02
9	75	31	53	7.03012000000000e-02	5.00000000000000e-02
10	76	32	54	7.05329000000000e-02	5.00000000000000e-02
11	77	33	55	6.98768000000000e-02	5.00000000000000e-02
12	78	34	56	6.75364000000000e-02	5.00000000000000e-02
13	79	35	57	6.80099000000000e-02	5.00000000000000e-02
14	80	36	58	6.79593000000000e-02	5.00000000000000e-02
15	81	37	59	6.75755000000000e-02	5.00000000000000e-02
16	82	38	60	6.67677000000000e-02	5.00000000000000e-02
17	83	39	61	6.62820000000000e-02	5.00000000000000e-02
18	84	40	62	6.52433000000000e-02	5.00000000000000e-02
19	85	41	63	6.53697000000000e-02	5.00000000000000e-02
20	86	42	64	6.39763000000000e-02	5.00000000000000e-02
21	87	43	65	6.38834000000000e-02	5.00000000000000e-02
22	88	44	66	6.39251000000000e-02	5.00000000000000e-02
23	89	45	67	6.36843000000000e-02	5.00000000000000e-02
24	90	46	68	6.35683000000000e-02	5.00000000000000e-02
25	91	47	69	6.34796000000000e-02	5.00000000000000e-02
26	92	48	70	6.32840000000000e-02	5.00000000000000e-02
27	93	49	71	6.32637000000000e-02	5.00000000000000e-02
28	94	50	72	6.28707000000000e-02	5.00000000000000e-02
29	95	51	73	6.23846000000000e-02	5.00000000000000e-02
30	96	52	74	6.26864000000000e-02	5.00000000000000e-02
31	97	53	75	6.34099000000000e-02	5.00000000000000e-02
32	98	54	76	6.25602000000000e-02	5.00000000000000e-02
34	100	56	78	6.39263000000000e-02	5.00000000000000e-02
1	70	24	47	6.25774000000000e-02	5.00000000000000e-02
2	71	25	48	6.32458000000000e-02	5.00000000000000e-02
3	72	26	49	6.49839000000000e-02	5.00000000000000e-02
4	73	27	50	6.59287000000000e-02	5.00000000000000e-02
5	74	28	51	6.61371000000000e-02	5.00000000000000e-02
7	76	30	53	6.73415000000000e-02	5.00000000000000e-02
8	77	31	54	6.79288000000000e-02	5.00000000000000e-02
9	78	32	55	6.86526000000000e-02	5.00000000000000e-02
10	79	33	56	6.74855000000000e-02	5.00000000000000e-02
11	80	34	57	6.59867000000000e-02	5.00000000000000e-02
12	81	35	58	6.69169000000000e-02	5.00000000000000e-02
13	82	36	59	6.62110000000000e-02	5.00000000000000e-02
14	83	37	60	6.61449000000000e-02	5.00000000000000e-02
15	84	38	61	6.51205000000000e-02	5.00000000000000e-02
16	85	39	62	6.34372000000000e-02	5.00000000000000e-02
17	86	40	63	6.41584000000000e-02	5.00000000000000e-02
18	87	41	64	6.30212000000000e-02	5.00000000000000e-02
19	88	42	65	6.35073000000000e-02	5.00000000000000e-02
20	89	43	66	6.25093000000000e-02	5.00000000000000e-02
21	90	44	67	6.27068000000000e-02	5.00000000000000e-02
22	91	45	68	6.18282000000000e-02	5.00000000000000e-02
23	92	46	69	6.17974000000000e-02	5.00000000000000e-02
24	93	47	70	6.14905000000000e-02	5.00000000000000e-02
25	94	48	71	6.10980000000000e-02	5.00000000000000e-02
26	95	49	72	6.12616000000000e-02	5.00000000000000e-02
27	96	50	73	6.06862000000000e-02	5.00000000000000e-02
28	97	51	74	6.03104000000000e-02	5.00000000000000e-02
29	98	52	75	6.05663000000000e-02	5.00000000000000e-02
30	99	53	76	6.02532000000000e-02	5.00000000000000e-02
1	73	25	49	6.11476000000000e-02	5.00000000000000e-02
2	74	26	50	6.29434000000000e-02	5.00000000000000e-02
3	75	27	51	6.28970000000000e-02	5.00000000000000e-02
4	76	28	52	6.45653000000000e-02	5.00000000000000e-02
6	78	30	54	6.62172000000000e-02	5.00000000000000e-02
7	79	31	55	6.59350000000000e-02	5.00000000000000e-02
8	80	32	56	6.65932000000000e-02	5.00000000000000e-02
9	81	33	57	6.52095000000000e-02	5.00000000000000e-02
10	82	34	58	6.42733000000000e-02	5.00000000000000e-02
11	83	35	59	6.45656000000000e-02	5.00000000000000e-02
12	84	36	60	6.39167000000000e-02	5.00000000000000e-02
13	85	37	61	6.39907000000000e-02	5.00000000000000e-02
14	86	38	62	6.34983000000000e-02	5.00000000000000e-02
15	87	39	63	6.29621000000000e-02	5.00000000000000e-02
16	88	40	64	6.22187000000000e-02	5.00000000000000e-02
17	89	41	65	6.21948000000000e-02	5.00000000000000e-02
18	90	42	66	6.14825000000000e-02	5.00000000000000e-02
19	91	43	67	6.13195000000000e-02	5.00000000000000e-02
20	92	44	68	6.07819000000000e-02	5.00000000000000e-02
21	93	45	69	6.03538000000000e-02	5.00000000000000e-02
22	94	46	70	6.01077000000000e-02	5.00000000000000e-02
23	95	47	71	5.96928000000000e-02	5.00000000000000e-02
24	96	48	72	5.89482000000000e-02	5.00000000000000e-02
25	97	49	73	5.96852000000000e-02	5.00000000000000e-02
26	98	50	74	5.82069000000000e-02	5.00000000000000e-02
27	99	51	75	5.87928000000000e-02	5.00000000000000e-02
28	100	52	76	5.88019000000000e-02	5.00000000000000e-02
1	76	26	51	6.07160000000000e-02	5.00000000000000e-02
2	77	27	52	6.14582000000000e-02	5.00000000000000e-02
3	78	28	53	6.27949000000000e-02	5.00000000000000e-02
5	80	30	55	6.39506000000000e-02	5.00000000000000e-02
6	81	31	56	6.42483000000000e-02	5.00000000000000e-02
7	82	32	57	6.45087000000000e-02	5.00000000000000e-02
8	83	33	58	6.43189000000000e-02	5.00000000000000e-02
9	84	34	59	6.25202000000000e-02	5.00000000000000e-02
10	85	35	60	6.28647000000000e-02	5.00000000000000e-02
11	86	36	61	6.25360000000000e-02	5.00000000000000e-02
12	87	37	62	6.22971000000000e-02	5.00000000000000e-02
13	88	38	63	6.15041000000000e-02	5.00000000000000e-02
14	89	39	64	6.17913000000000e-02	5.00000000000000e-02
15	90	40	65	6.05128000000000e-02	5.00000000000000e-02
16	91	41	66	6.05577000000000e-02	5.00000000000000e-02
17	92	42	67	5.92546000000000e-02	5.00000000000000e-02
18	93	43	68	5.92379000000000e-02	5.00000000000000e-02
19	94	44	69	5.90539000000000e-02	5.00000000000000e-02
20	95	45	70	5.84403000000000e-02	5.00000000000000e-02
21	96	46	71	5.86605000000000e-02	5.00000000000000e-02
22	97	47	72	5.83005000000000e-02	5.00000000000000e-02
23	98	48	73	5.83672000000000e-02	5.00000000000000e-02
24	99	49	74	5.74507000000000e-02	5.00000000000000e-02
25	100	50	75	5.75280000000000e-02	5.00000000000000e-02
1	79	27	53	6.03669000000000e-02	5.00000000000000e-02
2	80	28	54	6.04388000000000e-02	5.00000000000000e-02
4	82	30	56	6.19262000000000e-02	5.00000000000000e-02
5	83	31	57	6.27413000000000e-02	5.00000000000000e-02
6	84	32	58	6.30684000000000e-02	5.00000000000000e-02
7	85	33	59	6.18026000000000e-02	5.00000000000000e-02
8	86	34	60	6.08566000000000e-02	5.00000000000000e-02
9	87	35	61	6.08734000000000e-02	5.00000000000000e-02
10	88	36	62	6.11436000000000e-02	5.00000000000000e-02
11	89	37	63	6.03570000000000e-02	5.00000000000000e-02
12	90	38	64	6.10671000000000e-02	5.00000000000000e-02
13	91	39	65	6.00628000000000e-02	5.00000000000000e-02
14	92	40	66	5.97123000000000e-02	5.00000000000000e-02
15	93	41	67	5.86911000000000e-02	5.00000000000000e-02
16	94	42	68	5.81825000000000e-02	5.00000000000000e-02
17	95	43	69	5.77388000000000e-02	5.00000000000000e-02
18	96	44	70	5.72620000000000e-02	5.00000000000000e-02
19	97	45	71	5.74664000000000e-02	5.00000000000000e-02
20	98	46	72	5.71100000000000e-02	5.00000000000000e-02
21	99	47	73	5.64522000000000e-02	5.00000000000000e-02
22	100	48	74	5.62081000000000e-02	5.00000000000000e-02
1	82	28	55	5.85648000000000e-02	5.00000000000000e-02
3	84	30	57	6.05111000000000e-02	5.00000000000000e-02
4	85	31	58	6.07309000000000e-02	5.00000000000000e-02
5	86	32	59	6.14425000000000e-02	5.00000000000000e-02
6	87	33	60	5.97548000000000e-02	5.00000000000000e-02
7	88	34	61	5.95091000000000e-02	5.00000000000000e-02
8	89	35	62	5.96768000000000e-02	5.00000000000000e-02
9	90	36	63	5.95325000000000e-02	5.00000000000000e-02
10	91	37	64	5.93437000000000e-02	5.00000000000000e-02
11	92	38	65	5.92270000000000e-02	5.00000000000000e-02
12	93	39	66	5.85352000000000e-02	5.00000000000000e-02
13	94	40	67	5.77897000000000e-02	5.00000000000000e-02
14	95	41	68	5.70444000000000e-02	5.00000000000000e-02
15	96	42	69	5.63740000000000e-02	5.00000000000000e-02
16	97	43	70	5.63664000000000e-02	5.00000000000000e-02
17	98	44	71	5.58412000000000e-02	5.00000000000000e-02
18	99	45	72	5.61579000000000e-02	5.00000000000000e-02
19	100	46	73	5.53525000000000e-02	5.00000000000000e-02
2	86	30	58	5.89153000000000e-02	5.00000000000000e-02
3	87	31	59	5.89667000000000e-02	5.00000000000000e-02
4	88	32	60	5.95522000000000e-02	5.00000000000000e-02
5	89	33	61	5.94607000000000e-02	5.00000000000000e-02
6	90	34	62	5.76938000000000e-02	5.00000000000000e-02
7	91	35	63	5.89754000000000e-02	5.00000000000000e-02
8	92	36	64	5.74761000000000e-02	5.00000000000000e-02
9	93	37	65	5.78763000000000e-02	5.00000000000000e-02
10	94	38	66	5.69268000000000e-02	5.00000000000000e-02
11	95	39	67	5.67158000000000e-02	5.00000000000000e-02
12	96	40	68	5.64590000000000e-02	5.00000000000000e-02
13	97	41	69	5.57140000000000e-02	5.00000000000000e-02
14	98	42	70	5.54114000000000e-02	5.00000000000000e-02
15	99	43	71	5.53341000000000e-02	5.00000000000000e-02
16	100	44	72	5.47090000000000e-02	5.00000000000000e-02
1	88	30	59	5.68525000000000e-02	5.00000000000000e-02
2	89	31	60	5.71849000000000e-02	5.00000000000000e-02
3	90	32	61	5.80306000000000e-02	5.00000000000000e-02
4	91	33	62	5.72788000000000e-02	5.00000000000000e-02
5	92	34	63	5.62813000000000e-02	5.00000000000000e-02
6	93	35	64	5.69080000000000e-02	5.00000000000000e-02
7	94	36	65	5.61918000000000e-02	5.00000000000000e-02
8	95	37	66	5.63080000000000e-02	5.00000000000000e-02
9	96	38	67	5.62519000000000e-02	5.00000000000000e-02
10	97	39	68	5.51625000000000e-02	5.00000000000000e-02
11	98	40	69	5.49193000000000e-02	5.00000000000000e-02
12	99	41	70	5.46299000000000e-02	5.00000000000000e-02
13	100	42	71	5.38574000000000e-02	5.00000000000000e-02
1	91	31	61	5.58833000000000e-02	5.00000000000000e-02
2	92	32	62	5.69977000000000e-02	5.00000000000000e-02
3	93	33	63	5.53223000000000e-02	5.00000000000000e-02
4	94	34	64	5.50105000000000e-02	5.00000000000000e-02
5	95	35	65	5.56093000000000e-02	5.00000000000000e-02
6	96	36	66	5.52587000000000e-02	5.00000000000000e-02
7	97	37	67	5.45078000000000e-02	5.00000000000000e-02
8	98	38	68	5.41636000000000e-02	5.00000000000000e-02
9	99	39	69	5.42326000000000e-02	5.00000000000000e-02
10	100	40	70	5.35953000000000e-02	5.00000000000000e-02
1	94	32	63	5.44637000000000e-02	5.00000000000000e-02
2	95	33	64	5.39416000000000e-02	5.00000000000000e-02
3	96	34	65	5.36060000000000e-02	5.00000000000000e-02
4	97	35	66	5.37260000000000e-02	5.00000000000000e-02
5	98	36	67	5.33941000000000e-02	5.00000000000000e-02
6	99	37	68	5.31467000000000e-02	5.00000000000000e-02
7	100	38	69	5.27463000000000e-02	5.00000000000000e-02
1	97	33	65	5.26854000000000e-02	5.00000000000000e-02
2	98	34	66	5.23320000000000e-02	5.00000000000000e-02
3	99	35	67	5.22890000000000e-02	5.00000000000000e-02
4	100	36	68	5.19478000000000e-02	5.00000000000000e-02
1	100	34	67	5.04215000000000e-02	5.00000000000000e-02
0
