100
# x y z
0	0	0
0.5	0	0
1	0	0
1.5	0	0
2	0	0
2.5	0	0
3	0	0
3.5	0	0
4	0	0
4.5	0	0
5	0	0
5.5	0	0
6	0	0
6.5	0	0
7	0	0
7.5	0	0
8	0	0
8.5	0	0
9	0	0
9.5	0	0
10	0	0
10.5	0	0
11	0	0
11.5	0	0
12	0	0
12.5	0	0
13	0	0
13.5	0	0
14	0	0
14.5	0	0
15	0	0
15.5	0	0
16	0	0
16.5	0	0
17	0	0
17.5	0	0
18	0	0
18.5	0	0
19	0	0
19.5	0	0
20	0	0
20.5	0	0
21	0	0
21.5	0	0
22	0	0
22.5	0	0
23	0	0
23.5	0	0
24	0	0
24.5	0	0
25	0	0
25.5	0	0
26	0	0
26.5	0	0
27	0	0
27.5	0	0
28	0	0
28.5	0	0
29	0	0
29.5	0	0
30	0	0
30.5	0	0
31	0	0
31.5	0	0
32	0	0
32.5	0	0
33	0	0
33.5	0	0
34	0	0
34.5	0	0
35	0	0
35.5	0	0
36	0	0
36.5	0	0
37	0	0
37.5	0	0
38	0	0
38.5	0	0
39	0	0
39.5	0	0
40	0	0
40.5	0	0
41	0	0
41.5	0	0
42	0	0
42.5	0	0
43	0	0
43.5	0	0
44	0	0
44.5	0	0
45	0	0
45.5	0	0
46	0	0
46.5	0	0
47	0	0
47.5	0	0
48	0	0
48.5	0	0
49	0	0
49.5	0	0
1598
# a b m n u i
1	4	2	3	2.89973000000000e-02	1.00000000000000e-03
2	5	3	4	2.38472000000000e-02	1.00000000000000e-03
3	6	4	5	2.48744000000000e-02	1.00000000000000e-03
4	7	5	6	2.30997000000000e-02	1.00000000000000e-03
5	8	6	7	2.23483000000000e-02	1.00000000000000e-03
6	9	7	8	1.92652000000000e-02	1.00000000000000e-03
7	10	8	9	1.81260000000000e-02	1.00000000000000e-03
8	11	9	10	1.57089000000000e-02	1.00000000000000e-03
9	12	10	11	1.36655000000000e-02	1.00000000000000e-03
10	13	11	12	1.25796000000000e-02	1.00000000000000e-03
11	14	12	13	1.07840000000000e-02	1.00000000000000e-03
12	15	13	14	9.86630000000000e-03	1.00000000000000e-03
13	16	14	15	7.68580000000000e-03	1.00000000000000e-03
15	18	16	17	9.19790000000000e-03	1.00000000000000e-03
16	19	17	18	8.36020000000000e-03	1.00000000000000e-03
17	20	18	19	8.36270000000000e-03	1.00000000000000e-03
18	21	19	20	7.03380000000000e-03	1.00000000000000e-03
19	22	20	21	7.73560000000000e-03	1.00000000000000e-03
20	23	21	22	6.02150000000000e-03	1.00000000000000e-03
21	24	22	23	6.06140000000000e-03	1.00000000000000e-03
22	25	23	24	4.70360000000000e-03	1.00000000000000e-03
23	26	24	25	4.82764000000000e-02	1.00000000000000e-02
24	27	25	26	3.86669000000000e-02	1.00000000000000e-02
25	28	26	27	4.74148000000000e-02	1.00000000000000e-02
26	29	27	28	3.86001000000000e-02	1.00000000000000e-02
27	30	28	29	4.16602000000000e-02	1.00000000000000e-02
28	31	29	30	4.10306000000000e-02	1.00000000000000e-02
29	32	30	31	4.35873000000000e-02	1.00000000000000e-02
30	33	31	32	4.06752000000000e-02	1.00000000000000e-02
31	34	32	33	4.03558000000000e-02	1.00000000000000e-02
32	35	33	34	4.21731000000000e-02	1.00000000000000e-02
33	36	34	35	4.02694000000000e-02	1.00000000000000e-02
34	37	35	36	3.89061000000000e-02	1.00000000000000e-02
35	38	36	37	3.90644000000000e-02	1.00000000000000e-02
36	39	37	38	3.53849000000000e-02	1.00000000000000e-02
37	40	38	39	3.70973000000000e-02	1.00000000000000e-02
38	41	39	40	3.56737000000000e-02	1.00000000000000e-02
39	42	40	41	3.86963000000000e-02	1.00000000000000e-02
40	43	41	42	3.69184000000000e-02	1.00000000000000e-02
41	44	42	43	3.95728000000000e-02	1.00000000000000e-02
42	45	43	44	3.91215000000000e-02	1.00000000000000e-02
43	46	44	45	4.15230000000000e-02	1.00000000000000e-02
44	47	45	46	4.46475000000000e-02	1.00000000000000e-02
45	48	46	47	4.29081000000000e-02	1.00000000000000e-02
46	49	47	48	4.96970000000000e-02	1.00000000000000e-02
47	50	48	49	4.61496000000000e-02	1.00000000000000e-02
48	51	49	50	5.19045000000000e-02	1.00000000000000e-02
49	52	50	51	4.99816000000000e-02	1.00000000000000e-02
50	53	51	52	5.34105000000000e-02	1.00000000000000e-02
51	54	52	53	5.05516000000000e-02	1.00000000000000e-02
52	55	53	54	5.00861000000000e-02	1.00000000000000e-02
53	56	54	55	5.30831000000000e-02	1.00000000000000e-02
54	57	55	56	4.93013000000000e-02	1.00000000000000e-02
55	58	56	57	4.95832000000000e-02	1.00000000000000e-02
56	59	57	58	4.26401000000000e-02	1.00000000000000e-02
57	60	58	59	4.48648000000000e-02	1.00000000000000e-02
58	61	59	60	3.98485000000000e-02	1.00000000000000e-02
59	62	60	61	4.55184000000000e-02	1.00000000000000e-02
60	63	61	62	4.36774000000000e-02	1.00000000000000e-02
61	64	62	63	4.42933000000000e-02	1.00000000000000e-02
62	65	63	64	4.53533000000000e-02	1.00000000000000e-02
63	66	64	65	4.41852000000000e-02	1.00000000000000e-02
64	67	65	66	4.44516000000000e-02	1.00000000000000e-02
65	68	66	67	4.09858000000000e-02	1.00000000000000e-02
66	69	67	68	4.17603000000000e-02	1.00000000000000e-02
67	70	68	69	3.91757000000000e-02	1.00000000000000e-02
68	71	69	70	4.51109000000000e-02	1.00000000000000e-02
69	72	70	71	3.22877000000000e-02	1.00000000000000e-02
70	73	71	72	4.24855000000000e-02	1.00000000000000e-02
71	74	72	73	3.31211000000000e-02	1.00000000000000e-02
72	75	73	74	3.58329000000000e-02	1.00000000000000e-02
73	76	74	75	3.19462000000000e-02	1.00000000000000e-02
74	77	75	76	3.19034000000000e-02	1.00000000000000e-02
75	78	76	77	3.18912000000000e-02	1.00000000000000e-02
77	80	78	79	3.21168000000000e-02	1.00000000000000e-02
79	82	80	81	3.20368000000000e-02	1.00000000000000e-02
80	83	81	82	3.24642000000000e-02	1.00000000000000e-02
81	84	82	83	3.20626000000000e-02	1.00000000000000e-02
82	85	83	84	3.33583000000000e-02	1.00000000000000e-02
83	86	84	85	3.42294000000000e-02	1.00000000000000e-02
84	87	85	86	3.53950000000000e-02	1.00000000000000e-02
85	88	86	87	3.65373000000000e-02	1.00000000000000e-02
86	89	87	88	3.69756000000000e-02	1.00000000000000e-02
87	90	88	89	3.79333000000000e-02	1.00000000000000e-02
88	91	89	90	4.15118000000000e-02	1.00000000000000e-02
89	92	90	91	4.26680000000000e-02	1.00000000000000e-02
90	93	91	92	4.57047000000000e-02	1.00000000000000e-02
91	94	92	93	4.15129000000000e-02	1.00000000000000e-02
92	95	93	94	4.60426000000000e-02	1.00000000000000e-02
93	96	94	95	4.13100000000000e-02	1.00000000000000e-02
94	97	95	96	4.59361000000000e-02	1.00000000000000e-02
95	98	96	97	4.51893000000000e-02	1.00000000000000e-02
96	99	97	98	4.73862000000000e-02	1.00000000000000e-02
97	100	98	99	4.57993000000000e-02	1.00000000000000e-02
1	7	3	5	7.72448000000000e-02	1.00000000000000e-02
2	8	4	6	7.51309000000000e-02	1.00000000000000e-02
3	9	5	7	6.85322000000000e-02	1.00000000000000e-02
4	10	6	8	5.70491000000000e-02	1.00000000000000e-02
5	11	7	9	5.32546000000000e-02	1.00000000000000e-02
6	12	8	10	4.98710000000000e-02	1.00000000000000e-02
7	13	9	11	4.65343000000000e-02	1.00000000000000e-02
8	14	10	12	3.75064000000000e-02	1.00000000000000e-02
9	15	11	13	3.58622000000000e-02	1.00000000000000e-02
10	16	12	14	3.61461000000000e-02	1.00000000000000e-02
11	17	13	15	3.46488000000000e-02	1.00000000000000e-02
13	19	15	17	3.03443000000000e-02	1.00000000000000e-02
14	20	16	18	3.15508000000000e-02	1.00000000000000e-02
15	21	17	19	3.12939000000000e-02	1.00000000000000e-02
16	22	18	20	3.01665000000000e-02	1.00000000000000e-02
17	23	19	21	2.89279000000000e-02	1.00000000000000e-02
18	24	20	22	2.70855000000000e-02	1.00000000000000e-02
19	25	21	23	2.58282000000000e-02	1.00000000000000e-02
20	26	22	24	2.74837000000000e-02	1.00000000000000e-02
21	27	23	25	2.53827000000000e-02	1.00000000000000e-02
22	28	24	26	1.86116000000000e-02	1.00000000000000e-02
23	29	25	27	2.13472000000000e-02	1.00000000000000e-02
24	30	26	28	2.49027000000000e-02	1.00000000000000e-02
25	31	27	29	2.15314000000000e-02	1.00000000000000e-02
26	32	28	30	1.90654000000000e-02	1.00000000000000e-02
27	33	29	31	2.06514000000000e-02	1.00000000000000e-02
28	34	30	32	2.02468000000000e-02	1.00000000000000e-02
29	35	31	33	1.97350000000000e-02	1.00000000000000e-02
30	36	32	34	2.05975000000000e-02	1.00000000000000e-02
31	37	33	35	2.10495000000000e-02	1.00000000000000e-02
32	38	34	36	2.04311000000000e-02	1.00000000000000e-02
33	39	35	37	2.03842000000000e-02	1.00000000000000e-02
34	40	36	38	2.05887000000000e-02	1.00000000000000e-02
35	41	37	39	1.99376000000000e-02	1.00000000000000e-02
36	42	38	40	2.03847000000000e-02	1.00000000000000e-02
37	43	39	41	2.07206000000000e-02	1.00000000000000e-02
38	44	40	42	2.07130000000000e-02	1.00000000000000e-02
39	45	41	43	2.06779000000000e-02	1.00000000000000e-02
40	46	42	44	2.11885000000000e-02	1.00000000000000e-02
41	47	43	45	2.18663000000000e-02	1.00000000000000e-02
42	48	44	46	2.18578000000000e-02	1.00000000000000e-02
43	49	45	47	2.21146000000000e-02	1.00000000000000e-02
44	50	46	48	2.33251000000000e-02	1.00000000000000e-02
45	51	47	49	2.42021000000000e-02	1.00000000000000e-02
46	52	48	50	2.37645000000000e-02	1.00000000000000e-02
47	53	49	51	2.38294000000000e-02	1.00000000000000e-02
48	54	50	52	2.55430000000000e-02	1.00000000000000e-02
49	55	51	53	2.56516000000000e-02	1.00000000000000e-02
50	56	52	54	2.48621000000000e-02	1.00000000000000e-02
51	57	53	55	2.45047000000000e-02	1.00000000000000e-02
52	58	54	56	2.50336000000000e-02	1.00000000000000e-02
53	59	55	57	2.45144000000000e-02	1.00000000000000e-02
54	60	56	58	2.38553000000000e-02	1.00000000000000e-02
55	61	57	59	2.27360000000000e-02	1.00000000000000e-02
56	62	58	60	2.16304000000000e-02	1.00000000000000e-02
57	63	59	61	2.16216000000000e-02	1.00000000000000e-02
58	64	60	62	2.24342000000000e-02	1.00000000000000e-02
59	65	61	63	2.20280000000000e-02	1.00000000000000e-02
60	66	62	64	2.16772000000000e-02	1.00000000000000e-02
61	67	63	65	2.20391000000000e-02	1.00000000000000e-02
62	68	64	66	2.17917000000000e-02	1.00000000000000e-02
63	69	65	67	2.08741000000000e-02	1.00000000000000e-02
64	70	66	68	2.04889000000000e-02	1.00000000000000e-02
65	71	67	69	2.23310000000000e-02	1.00000000000000e-02
66	72	68	70	2.31405000000000e-02	1.00000000000000e-02
67	73	69	71	2.07273000000000e-02	1.00000000000000e-02
68	74	70	72	1.91715000000000e-02	1.00000000000000e-02
69	75	71	73	2.05222000000000e-02	1.00000000000000e-02
70	76	72	74	2.10846000000000e-02	1.00000000000000e-02
71	77	73	75	1.97246000000000e-02	1.00000000000000e-02
72	78	74	76	1.91003000000000e-02	1.00000000000000e-02
73	79	75	77	1.87551000000000e-02	1.00000000000000e-02
74	80	76	78	1.83901000000000e-02	1.00000000000000e-02
75	81	77	79	1.79642000000000e-02	1.00000000000000e-02
76	82	78	80	1.81820000000000e-02	1.00000000000000e-02
77	83	79	81	1.81693000000000e-02	1.00000000000000e-02
78	84	80	82	1.79635000000000e-02	1.00000000000000e-02
79	85	81	83	1.79699000000000e-02	1.00000000000000e-02
80	86	82	84	1.84936000000000e-02	1.00000000000000e-02
81	87	83	85	1.85642000000000e-02	1.00000000000000e-02
82	88	84	86	1.80836000000000e-02	1.00000000000000e-02
83	89	85	87	1.88793000000000e-02	1.00000000000000e-02
84	90	86	88	2.04630000000000e-02	1.00000000000000e-02
85	91	87	89	2.05350000000000e-02	1.00000000000000e-02
86	92	88	90	2.01481000000000e-02	1.00000000000000e-02
87	93	89	91	2.12183000000000e-02	1.00000000000000e-02
88	94	90	92	2.21185000000000e-02	1.00000000000000e-02
89	95	91	93	2.05134000000000e-02	1.00000000000000e-02
90	96	92	94	2.18567000000000e-02	1.00000000000000e-02
91	97	93	95	2.23333000000000e-02	1.00000000000000e-02
92	98	94	96	2.18608000000000e-02	1.00000000000000e-02
93	99	95	97	2.21179000000000e-02	1.00000000000000e-02
94	100	96	98	2.21996000000000e-02	1.00000000000000e-02
1	10	4	7	3.21754000000000e-02	1.00000000000000e-02
2	11	5	8	2.94804000000000e-02	1.00000000000000e-02
3	12	6	9	2.76550000000000e-03	1.00000000000000e-03
4	13	7	10	2.57460000000000e-03	1.00000000000000e-03
5	14	8	11	2.45370000000000e-03	1.00000000000000e-03
6	15	9	12	2.32110000000000e-03	1.00000000000000e-03
7	16	10	13	2.20260000000000e-03	1.00000000000000e-03
8	17	11	14	2.11270000000000e-03	1.00000000000000e-03
9	18	12	15	2.04230000000000e-03	1.00000000000000e-03
11	20	14	17	2.01940000000000e-03	1.00000000000000e-03
12	21	15	18	2.07880000000000e-03	1.00000000000000e-03
13	22	16	19	2.32830000000000e-03	1.00000000000000e-03
14	23	17	20	2.08000000000000e-03	1.00000000000000e-03
15	24	18	21	2.39880000000000e-03	1.00000000000000e-03
16	25	19	22	2.24820000000000e-03	1.00000000000000e-03
17	26	20	23	1.84895000000000e-02	1.00000000000000e-02
19	28	22	25	8.65364000000000e-02	5.00000000000000e-02
20	29	23	26	7.69638000000000e-02	5.00000000000000e-02
21	30	24	27	7.92575000000000e-02	5.00000000000000e-02
22	31	25	28	7.90699000000000e-02	5.00000000000000e-02
23	32	26	29	8.51251000000000e-02	5.00000000000000e-02
24	33	27	30	7.91402000000000e-02	5.00000000000000e-02
25	34	28	31	7.53103000000000e-02	5.00000000000000e-02
26	35	29	32	7.01149000000000e-02	5.00000000000000e-02
27	36	30	33	7.29559000000000e-02	5.00000000000000e-02
28	37	31	34	7.28587000000000e-02	5.00000000000000e-02
29	38	32	35	7.48263000000000e-02	5.00000000000000e-02
30	39	33	36	7.63100000000000e-02	5.00000000000000e-02
31	40	34	37	7.70076000000000e-02	5.00000000000000e-02
32	41	35	38	7.41909000000000e-02	5.00000000000000e-02
33	42	36	39	7.37714000000000e-02	5.00000000000000e-02
34	43	37	40	7.39176000000000e-02	5.00000000000000e-02
35	44	38	41	7.70035000000000e-02	5.00000000000000e-02
36	45	39	42	7.67014000000000e-02	5.00000000000000e-02
37	46	40	43	7.81706000000000e-02	5.00000000000000e-02
38	47	41	44	7.68683000000000e-02	5.00000000000000e-02
39	48	42	45	7.79028000000000e-02	5.00000000000000e-02
40	49	43	46	7.88487000000000e-02	5.00000000000000e-02
41	50	44	47	8.04169000000000e-02	5.00000000000000e-02
42	51	45	48	8.22755000000000e-02	5.00000000000000e-02
43	52	46	49	8.23224000000000e-02	5.00000000000000e-02
44	53	47	50	8.49712000000000e-02	5.00000000000000e-02
45	54	48	51	8.50444000000000e-02	5.00000000000000e-02
46	55	49	52	8.87901000000000e-02	5.00000000000000e-02
47	56	50	53	8.66029000000000e-02	5.00000000000000e-02
48	57	51	54	8.52081000000000e-02	5.00000000000000e-02
49	58	52	55	8.54483000000000e-02	5.00000000000000e-02
50	59	53	56	8.58993000000000e-02	5.00000000000000e-02
51	60	54	57	8.85423000000000e-02	5.00000000000000e-02
52	61	55	58	8.61536000000000e-02	5.00000000000000e-02
53	62	56	59	8.21828000000000e-02	5.00000000000000e-02
54	63	57	60	7.74842000000000e-02	5.00000000000000e-02
55	64	58	61	7.96373000000000e-02	5.00000000000000e-02
56	65	59	62	7.96230000000000e-02	5.00000000000000e-02
57	66	60	63	8.17977000000000e-02	5.00000000000000e-02
58	67	61	64	8.11719000000000e-02	5.00000000000000e-02
59	68	62	65	8.05544000000000e-02	5.00000000000000e-02
60	69	63	66	7.86975000000000e-02	5.00000000000000e-02
61	70	64	67	7.64265000000000e-02	5.00000000000000e-02
62	71	65	68	7.85934000000000e-02	5.00000000000000e-02
63	72	66	69	7.92834000000000e-02	5.00000000000000e-02
64	73	67	70	8.67853000000000e-02	5.00000000000000e-02
65	74	68	71	8.13106000000000e-02	5.00000000000000e-02
66	75	69	72	8.05856000000000e-02	5.00000000000000e-02
67	76	70	73	7.52399000000000e-02	5.00000000000000e-02
68	77	71	74	8.01530000000000e-02	5.00000000000000e-02
69	78	72	75	7.80036000000000e-02	5.00000000000000e-02
70	79	73	76	7.97133000000000e-02	5.00000000000000e-02
71	80	74	77	7.50695000000000e-02	5.00000000000000e-02
72	81	75	78	7.44247000000000e-02	5.00000000000000e-02
73	82	76	79	7.35874000000000e-02	5.00000000000000e-02
74	83	77	80	7.28746000000000e-02	5.00000000000000e-02
75	84	78	81	7.28949000000000e-02	5.00000000000000e-02
76	85	79	82	7.25447000000000e-02	5.00000000000000e-02
77	86	80	83	7.34427000000000e-02	5.00000000000000e-02
78	87	81	84	7.36110000000000e-02	5.00000000000000e-02
79	88	82	85	7.25947000000000e-02	5.00000000000000e-02
81	90	84	87	7.54216000000000e-02	5.00000000000000e-02
82	91	85	88	7.80802000000000e-02	5.00000000000000e-02
83	92	86	89	8.02342000000000e-02	5.00000000000000e-02
84	93	87	90	8.24500000000000e-02	5.00000000000000e-02
85	94	88	91	8.10116000000000e-02	5.00000000000000e-02
86	95	89	92	8.13013000000000e-02	5.00000000000000e-02
87	96	90	93	8.13205000000000e-02	5.00000000000000e-02
88	97	91	94	8.24320000000000e-02	5.00000000000000e-02
89	98	92	95	8.18580000000000e-02	5.00000000000000e-02
90	99	93	96	8.34346000000000e-02	5.00000000000000e-02
91	100	94	97	8.30413000000000e-02	5.00000000000000e-02
1	13	5	9	9.37012000000000e-02	5.00000000000000e-02
2	14	6	10	9.18577000000000e-02	5.00000000000000e-02
3	15	7	11	8.94891000000000e-02	5.00000000000000e-02
4	16	8	12	8.78938000000000e-02	5.00000000000000e-02
5	17	9	13	8.58643000000000e-02	5.00000000000000e-02
6	18	10	14	8.12161000000000e-02	5.00000000000000e-02
7	19	11	15	7.95753000000000e-02	5.00000000000000e-02
9	21	13	17	7.72489000000000e-02	5.00000000000000e-02
10	22	14	18	8.01706000000000e-02	5.00000000000000e-02
11	23	15	19	8.21548000000000e-02	5.00000000000000e-02
12	24	16	20	7.86747000000000e-02	5.00000000000000e-02
13	25	17	21	8.00844000000000e-02	5.00000000000000e-02
14	26	18	22	7.80145000000000e-02	5.00000000000000e-02
15	27	19	23	7.21784000000000e-02	5.00000000000000e-02
17	29	21	25	6.83724000000000e-02	5.00000000000000e-02
18	30	22	26	6.52811000000000e-02	5.00000000000000e-02
19	31	23	27	6.79331000000000e-02	5.00000000000000e-02
20	32	24	28	6.56433000000000e-02	5.00000000000000e-02
21	33	25	29	6.65569000000000e-02	5.00000000000000e-02
22	34	26	30	6.93257000000000e-02	5.00000000000000e-02
23	35	27	31	6.49582000000000e-02	5.00000000000000e-02
24	36	28	32	6.29835000000000e-02	5.00000000000000e-02
25	37	29	33	6.09951000000000e-02	5.00000000000000e-02
26	38	30	34	5.98884000000000e-02	5.00000000000000e-02
27	39	31	35	6.11528000000000e-02	5.00000000000000e-02
28	40	32	36	6.26508000000000e-02	5.00000000000000e-02
29	41	33	37	6.30836000000000e-02	5.00000000000000e-02
30	42	34	38	6.22456000000000e-02	5.00000000000000e-02
31	43	35	39	6.28392000000000e-02	5.00000000000000e-02
32	44	36	40	6.22804000000000e-02	5.00000000000000e-02
33	45	37	41	6.12965000000000e-02	5.00000000000000e-02
34	46	38	42	6.24726000000000e-02	5.00000000000000e-02
35	47	39	43	6.34184000000000e-02	5.00000000000000e-02
36	48	40	44	6.36718000000000e-02	5.00000000000000e-02
37	49	41	45	6.44050000000000e-02	5.00000000000000e-02
38	50	42	46	6.53172000000000e-02	5.00000000000000e-02
39	51	43	47	6.53047000000000e-02	5.00000000000000e-02
40	52	44	48	6.65607000000000e-02	5.00000000000000e-02
41	53	45	49	6.66088000000000e-02	5.00000000000000e-02
42	54	46	50	6.82584000000000e-02	5.00000000000000e-02
43	55	47	51	6.96877000000000e-02	5.00000000000000e-02
44	56	48	52	7.01722000000000e-02	5.00000000000000e-02
45	57	49	53	7.00294000000000e-02	5.00000000000000e-02
46	58	50	54	6.90828000000000e-02	5.00000000000000e-02
47	59	51	55	6.96399000000000e-02	5.00000000000000e-02
48	60	52	56	7.01726000000000e-02	5.00000000000000e-02
49	61	53	57	6.97643000000000e-02	5.00000000000000e-02
50	62	54	58	7.03132000000000e-02	5.00000000000000e-02
51	63	55	59	6.81456000000000e-02	5.00000000000000e-02
52	64	56	60	6.56661000000000e-02	5.00000000000000e-02
53	65	57	61	6.44785000000000e-02	5.00000000000000e-02
54	66	58	62	6.46576000000000e-02	5.00000000000000e-02
55	67	59	63	6.64375000000000e-02	5.00000000000000e-02
56	68	60	64	6.86199000000000e-02	5.00000000000000e-02
57	69	61	65	6.82791000000000e-02	5.00000000000000e-02
58	70	62	66	6.63077000000000e-02	5.00000000000000e-02
59	71	63	67	6.56170000000000e-02	5.00000000000000e-02
60	72	64	68	6.49922000000000e-02	5.00000000000000e-02
61	73	65	69	6.72195000000000e-02	5.00000000000000e-02
62	74	66	70	6.92163000000000e-02	5.00000000000000e-02
63	75	67	71	6.79168000000000e-02	5.00000000000000e-02
64	76	68	72	6.88143000000000e-02	5.00000000000000e-02
65	77	69	73	6.79708000000000e-02	5.00000000000000e-02
66	78	70	74	6.59038000000000e-02	5.00000000000000e-02
67	79	71	75	6.70608000000000e-02	5.00000000000000e-02
68	80	72	76	6.58111000000000e-02	5.00000000000000e-02
69	81	73	77	6.62474000000000e-02	5.00000000000000e-02
70	82	74	78	6.55711000000000e-02	5.00000000000000e-02
71	83	75	79	6.37856000000000e-02	5.00000000000000e-02
72	84	76	80	6.41454000000000e-02	5.00000000000000e-02
73	85	77	81	6.33068000000000e-02	5.00000000000000e-02
74	86	78	82	6.49332000000000e-02	5.00000000000000e-02
75	87	79	83	6.44813000000000e-02	5.00000000000000e-02
76	88	80	84	6.38737000000000e-02	5.00000000000000e-02
77	89	81	85	6.47988000000000e-02	5.00000000000000e-02
78	90	82	86	6.36963000000000e-02	5.00000000000000e-02
79	91	83	87	6.45414000000000e-02	5.00000000000000e-02
80	92	84	88	6.69001000000000e-02	5.00000000000000e-02
81	93	85	89	6.96849000000000e-02	5.00000000000000e-02
82	94	86	90	7.08486000000000e-02	5.00000000000000e-02
83	95	87	91	7.11032000000000e-02	5.00000000000000e-02
84	96	88	92	7.01064000000000e-02	5.00000000000000e-02
85	97	89	93	6.90528000000000e-02	5.00000000000000e-02
86	98	90	94	7.01816000000000e-02	5.00000000000000e-02
87	99	91	95	7.04139000000000e-02	5.00000000000000e-02
88	100	92	96	7.07755000000000e-02	5.00000000000000e-02
1	16	6	11	7.36139000000000e-02	5.00000000000000e-02
2	17	7	12	7.26841000000000e-02	5.00000000000000e-02
3	18	8	13	7.17873000000000e-02	5.00000000000000e-02
4	19	9	14	6.99295000000000e-02	5.00000000000000e-02
5	20	10	15	6.82329000000000e-02	5.00000000000000e-02
7	22	12	17	6.79209000000000e-02	5.00000000000000e-02
8	23	13	18	6.81872000000000e-02	5.00000000000000e-02
9	24	14	19	6.87581000000000e-02	5.00000000000000e-02
10	25	15	20	6.92080000000000e-02	5.00000000000000e-02
11	26	16	21	7.07414000000000e-02	5.00000000000000e-02
12	27	17	22	6.72393000000000e-02	5.00000000000000e-02
13	28	18	23	6.48853000000000e-02	5.00000000000000e-02
15	30	20	25	6.22363000000000e-02	5.00000000000000e-02
16	31	21	26	5.69763000000000e-02	5.00000000000000e-02
17	32	22	27	5.97015000000000e-02	5.00000000000000e-02
18	33	23	28	6.03110000000000e-02	5.00000000000000e-02
19	34	24	29	5.84010000000000e-02	5.00000000000000e-02
20	35	25	30	5.73020000000000e-02	5.00000000000000e-02
21	36	26	31	6.16992000000000e-02	5.00000000000000e-02
22	37	27	32	5.76052000000000e-02	5.00000000000000e-02
23	38	28	33	5.54856000000000e-02	5.00000000000000e-02
24	39	29	34	5.60162000000000e-02	5.00000000000000e-02
25	40	30	35	5.59069000000000e-02	5.00000000000000e-02
26	41	31	36	5.37900000000000e-02	5.00000000000000e-02
27	42	32	37	5.58804000000000e-02	5.00000000000000e-02
28	43	33	38	5.58194000000000e-02	5.00000000000000e-02
29	44	34	39	5.56743000000000e-02	5.00000000000000e-02
30	45	35	40	5.51367000000000e-02	5.00000000000000e-02
31	46	36	41	5.58332000000000e-02	5.00000000000000e-02
32	47	37	42	5.50569000000000e-02	5.00000000000000e-02
33	48	38	43	5.49248000000000e-02	5.00000000000000e-02
34	49	39	44	5.57910000000000e-02	5.00000000000000e-02
35	50	40	45	5.67687000000000e-02	5.00000000000000e-02
36	51	41	46	5.71746000000000e-02	5.00000000000000e-02
37	52	42	47	5.74092000000000e-02	5.00000000000000e-02
38	53	43	48	5.79766000000000e-02	5.00000000000000e-02
39	54	44	49	5.87061000000000e-02	5.00000000000000e-02
40	55	45	50	5.96834000000000e-02	5.00000000000000e-02
41	56	46	51	6.00214000000000e-02	5.00000000000000e-02
42	57	47	52	6.15268000000000e-02	5.00000000000000e-02
43	58	48	53	6.12943000000000e-02	5.00000000000000e-02
44	59	49	54	6.08166000000000e-02	5.00000000000000e-02
45	60	50	55	6.21845000000000e-02	5.00000000000000e-02
46	61	51	56	6.24891000000000e-02	5.00000000000000e-02
47	62	52	57	6.11037000000000e-02	5.00000000000000e-02
48	63	53	58	6.00236000000000e-02	5.00000000000000e-02
49	64	54	59	6.02837000000000e-02	5.00000000000000e-02
50	65	55	60	5.87682000000000e-02	5.00000000000000e-02
51	66	56	61	5.78880000000000e-02	5.00000000000000e-02
52	67	57	62	5.79327000000000e-02	5.00000000000000e-02
53	68	58	63	5.85380000000000e-02	5.00000000000000e-02
54	69	59	64	5.84742000000000e-02	5.00000000000000e-02
55	70	60	65	5.98547000000000e-02	5.00000000000000e-02
56	71	61	66	6.06833000000000e-02	5.00000000000000e-02
57	72	62	67	5.95689000000000e-02	5.00000000000000e-02
58	73	63	68	5.97589000000000e-02	5.00000000000000e-02
59	74	64	69	5.90923000000000e-02	5.00000000000000e-02
60	75	65	70	6.07882000000000e-02	5.00000000000000e-02
61	76	66	71	5.97636000000000e-02	5.00000000000000e-02
62	77	67	72	6.17064000000000e-02	5.00000000000000e-02
63	78	68	73	6.12187000000000e-02	5.00000000000000e-02
64	79	69	74	6.13982000000000e-02	5.00000000000000e-02
65	80	70	75	5.96428000000000e-02	5.00000000000000e-02
66	81	71	76	6.07225000000000e-02	5.00000000000000e-02
67	82	72	77	5.91676000000000e-02	5.00000000000000e-02
68	83	73	78	5.88581000000000e-02	5.00000000000000e-02
69	84	74	79	5.82736000000000e-02	5.00000000000000e-02
70	85	75	80	5.88631000000000e-02	5.00000000000000e-02
71	86	76	81	5.86281000000000e-02	5.00000000000000e-02
72	87	77	82	5.91579000000000e-02	5.00000000000000e-02
73	88	78	83	5.88941000000000e-02	5.00000000000000e-02
74	89	79	84	5.93041000000000e-02	5.00000000000000e-02
75	90	80	85	5.90841000000000e-02	5.00000000000000e-02
76	91	81	86	5.82836000000000e-02	5.00000000000000e-02
77	92	82	87	5.94597000000000e-02	5.00000000000000e-02
78	93	83	88	6.18090000000000e-02	5.00000000000000e-02
79	94	84	89	6.18396000000000e-02	5.00000000000000e-02
80	95	85	90	6.33193000000000e-02	5.00000000000000e-02
81	96	86	91	6.11193000000000e-02	5.00000000000000e-02
82	97	87	92	6.44505000000000e-02	5.00000000000000e-02
83	98	88	93	6.33641000000000e-02	5.00000000000000e-02
84	99	89	94	6.45871000000000e-02	5.00000000000000e-02
85	100	90	95	6.40907000000000e-02	5.00000000000000e-02
1	19	7	13	6.26922000000000e-02	5.00000000000000e-02
2	20	8	14	6.28646000000000e-02	5.00000000000000e-02
3	21	9	15	6.22310000000000e-02	5.00000000000000e-02
5	23	11	17	6.18609000000000e-02	5.00000000000000e-02
6	24	12	18	6.17044000000000e-02	5.00000000000000e-02
7	25	13	19	6.27037000000000e-02	5.00000000000000e-02
8	26	14	20	6.27146000000000e-02	5.00000000000000e-02
9	27	15	21	6.23162000000000e-02	5.00000000000000e-02
10	28	16	22	6.10842000000000e-02	5.00000000000000e-02
11	29	17	23	6.00132000000000e-02	5.00000000000000e-02
13	31	19	25	5.64728000000000e-02	5.00000000000000e-02
14	32	20	26	5.37951000000000e-02	5.00000000000000e-02
15	33	21	27	5.42682000000000e-02	5.00000000000000e-02
16	34	22	28	5.47670000000000e-02	5.00000000000000e-02
17	35	23	29	5.41667000000000e-02	5.00000000000000e-02
18	36	24	30	5.34537000000000e-02	5.00000000000000e-02
19	37	25	31	5.41027000000000e-02	5.00000000000000e-02
20	38	26	32	5.53566000000000e-02	5.00000000000000e-02
21	39	27	33	5.27623000000000e-02	5.00000000000000e-02
22	40	28	34	5.21654000000000e-02	5.00000000000000e-02
23	41	29	35	5.15807000000000e-02	5.00000000000000e-02
24	42	30	36	5.22268000000000e-02	5.00000000000000e-02
25	43	31	37	5.13517000000000e-02	5.00000000000000e-02
26	44	32	38	5.09310000000000e-02	5.00000000000000e-02
27	45	33	39	5.15654000000000e-02	5.00000000000000e-02
28	46	34	40	5.10656000000000e-02	5.00000000000000e-02
29	47	35	41	5.10286000000000e-02	5.00000000000000e-02
30	48	36	42	5.06455000000000e-02	5.00000000000000e-02
31	49	37	43	5.06851000000000e-02	5.00000000000000e-02
32	50	38	44	5.13918000000000e-02	5.00000000000000e-02
33	51	39	45	5.10762000000000e-02	5.00000000000000e-02
34	52	40	46	5.15506000000000e-02	5.00000000000000e-02
35	53	41	47	5.14891000000000e-02	5.00000000000000e-02
36	54	42	48	5.29772000000000e-02	5.00000000000000e-02
37	55	43	49	5.36701000000000e-02	5.00000000000000e-02
38	56	44	50	5.41369000000000e-02	5.00000000000000e-02
39	57	45	51	5.46007000000000e-02	5.00000000000000e-02
40	58	46	52	5.57236000000000e-02	5.00000000000000e-02
41	59	47	53	5.58703000000000e-02	5.00000000000000e-02
42	60	48	54	5.53999000000000e-02	5.00000000000000e-02
43	61	49	55	5.73789000000000e-02	5.00000000000000e-02
44	62	50	56	5.71589000000000e-02	5.00000000000000e-02
45	63	51	57	5.65798000000000e-02	5.00000000000000e-02
46	64	52	58	5.53150000000000e-02	5.00000000000000e-02
47	65	53	59	5.44068000000000e-02	5.00000000000000e-02
48	66	54	60	5.41121000000000e-02	5.00000000000000e-02
49	67	55	61	5.37640000000000e-02	5.00000000000000e-02
50	68	56	62	5.38707000000000e-02	5.00000000000000e-02
51	69	57	63	5.32055000000000e-02	5.00000000000000e-02
52	70	58	64	5.36438000000000e-02	5.00000000000000e-02
53	71	59	65	5.42816000000000e-02	5.00000000000000e-02
54	72	60	66	5.45846000000000e-02	5.00000000000000e-02
55	73	61	67	5.45815000000000e-02	5.00000000000000e-02
56	74	62	68	5.45696000000000e-02	5.00000000000000e-02
57	75	63	69	5.59983000000000e-02	5.00000000000000e-02
58	76	64	70	5.67842000000000e-02	5.00000000000000e-02
59	77	65	71	5.50824000000000e-02	5.00000000000000e-02
60	78	66	72	5.58233000000000e-02	5.00000000000000e-02
61	79	67	73	5.67890000000000e-02	5.00000000000000e-02
62	80	68	74	5.75431000000000e-02	5.00000000000000e-02
63	81	69	75	5.69681000000000e-02	5.00000000000000e-02
64	82	70	76	5.51873000000000e-02	5.00000000000000e-02
65	83	71	77	5.64137000000000e-02	5.00000000000000e-02
66	84	72	78	5.50154000000000e-02	5.00000000000000e-02
67	85	73	79	5.45936000000000e-02	5.00000000000000e-02
68	86	74	80	5.44994000000000e-02	5.00000000000000e-02
69	87	75	81	5.44830000000000e-02	5.00000000000000e-02
70	88	76	82	5.51298000000000e-02	5.00000000000000e-02
71	89	77	83	5.48607000000000e-02	5.00000000000000e-02
72	90	78	84	5.52146000000000e-02	5.00000000000000e-02
73	91	79	85	5.50557000000000e-02	5.00000000000000e-02
75	93	81	87	5.66377000000000e-02	5.00000000000000e-02
76	94	82	88	5.73978000000000e-02	5.00000000000000e-02
77	95	83	89	5.84509000000000e-02	5.00000000000000e-02
78	96	84	90	5.83908000000000e-02	5.00000000000000e-02
79	97	85	91	5.90392000000000e-02	5.00000000000000e-02
80	98	86	92	6.04495000000000e-02	5.00000000000000e-02
81	99	87	93	6.04796000000000e-02	5.00000000000000e-02
82	100	88	94	6.05410000000000e-02	5.00000000000000e-02
1	22	8	15	5.75610000000000e-02	5.00000000000000e-02
3	24	10	17	5.71386000000000e-02	5.00000000000000e-02
4	25	11	18	5.76278000000000e-02	5.00000000000000e-02
5	26	12	19	5.92848000000000e-02	5.00000000000000e-02
6	27	13	20	5.76125000000000e-02	5.00000000000000e-02
7	28	14	21	5.73249000000000e-02	5.00000000000000e-02
8	29	15	22	5.61755000000000e-02	5.00000000000000e-02
9	30	16	23	5.48599000000000e-02	5.00000000000000e-02
11	32	18	25	5.35521000000000e-02	5.00000000000000e-02
12	33	19	26	5.02537000000000e-02	5.00000000000000e-02
13	34	20	27	5.13022000000000e-02	5.00000000000000e-02
14	35	21	28	5.06163000000000e-02	5.00000000000000e-02
15	36	22	29	5.04768000000000e-02	5.00000000000000e-02
16	37	23	30	5.01738000000000e-02	5.00000000000000e-02
17	38	24	31	4.93369000000000e-02	5.00000000000000e-02
18	39	25	32	4.95342000000000e-02	5.00000000000000e-02
19	40	26	33	5.13935000000000e-02	5.00000000000000e-02
20	41	27	34	4.94019000000000e-02	5.00000000000000e-02
21	42	28	35	4.92138000000000e-02	5.00000000000000e-02
22	43	29	36	4.90242000000000e-02	5.00000000000000e-02
23	44	30	37	4.90575000000000e-02	5.00000000000000e-02
24	45	31	38	4.82021000000000e-02	5.00000000000000e-02
25	46	32	39	4.80875000000000e-02	5.00000000000000e-02
26	47	33	40	4.77779000000000e-02	5.00000000000000e-02
27	48	34	41	4.80026000000000e-02	5.00000000000000e-02
28	49	35	42	4.76854000000000e-02	5.00000000000000e-02
29	50	36	43	4.77194000000000e-02	5.00000000000000e-02
30	51	37	44	4.75002000000000e-02	5.00000000000000e-02
31	52	38	45	4.79402000000000e-02	5.00000000000000e-02
32	53	39	46	4.81094000000000e-02	5.00000000000000e-02
33	54	40	47	4.80163000000000e-02	5.00000000000000e-02
34	55	41	48	4.85136000000000e-02	5.00000000000000e-02
35	56	42	49	4.91751000000000e-02	5.00000000000000e-02
36	57	43	50	5.04284000000000e-02	5.00000000000000e-02
37	58	44	51	5.14474000000000e-02	5.00000000000000e-02
38	59	45	52	5.13371000000000e-02	5.00000000000000e-02
39	60	46	53	5.19633000000000e-02	5.00000000000000e-02
40	61	47	54	5.22300000000000e-02	5.00000000000000e-02
41	62	48	55	5.25665000000000e-02	5.00000000000000e-02
42	63	49	56	5.31321000000000e-02	5.00000000000000e-02
43	64	50	57	5.30391000000000e-02	5.00000000000000e-02
44	65	51	58	5.25275000000000e-02	5.00000000000000e-02
45	66	52	59	5.10698000000000e-02	5.00000000000000e-02
46	67	53	60	5.07885000000000e-02	5.00000000000000e-02
47	68	54	61	5.10130000000000e-02	5.00000000000000e-02
48	69	55	62	5.02747000000000e-02	5.00000000000000e-02
49	70	56	63	4.93062000000000e-02	5.00000000000000e-02
50	71	57	64	5.00257000000000e-02	5.00000000000000e-02
51	72	58	65	4.99621000000000e-02	5.00000000000000e-02
52	73	59	66	5.07225000000000e-02	5.00000000000000e-02
53	74	60	67	5.02979000000000e-02	5.00000000000000e-02
54	75	61	68	5.03406000000000e-02	5.00000000000000e-02
55	76	62	69	5.13568000000000e-02	5.00000000000000e-02
56	77	63	70	5.36178000000000e-02	5.00000000000000e-02
57	78	64	71	5.28249000000000e-02	5.00000000000000e-02
58	79	65	72	5.28422000000000e-02	5.00000000000000e-02
59	80	66	73	5.29972000000000e-02	5.00000000000000e-02
60	81	67	74	5.42692000000000e-02	5.00000000000000e-02
61	82	68	75	5.47231000000000e-02	5.00000000000000e-02
62	83	69	76	5.37210000000000e-02	5.00000000000000e-02
63	84	70	77	5.23696000000000e-02	5.00000000000000e-02
64	85	71	78	5.28916000000000e-02	5.00000000000000e-02
65	86	72	79	5.25414000000000e-02	5.00000000000000e-02
66	87	73	80	5.22452000000000e-02	5.00000000000000e-02
67	88	74	81	5.08613000000000e-02	5.00000000000000e-02
68	89	75	82	5.13436000000000e-02	5.00000000000000e-02
69	90	76	83	5.12080000000000e-02	5.00000000000000e-02
70	91	77	84	5.18925000000000e-02	5.00000000000000e-02
71	92	78	85	5.18572000000000e-02	5.00000000000000e-02
73	94	80	87	5.32856000000000e-02	5.00000000000000e-02
74	95	81	88	5.41061000000000e-02	5.00000000000000e-02
75	96	82	89	5.45643000000000e-02	5.00000000000000e-02
76	97	83	90	5.48626000000000e-02	5.00000000000000e-02
77	98	84	91	5.64017000000000e-02	5.00000000000000e-02
78	99	85	92	5.71528000000000e-02	5.00000000000000e-02
79	100	86	93	5.72046000000000e-02	5.00000000000000e-02
1	25	9	17	5.42175000000000e-02	5.00000000000000e-02
2	26	10	18	5.50188000000000e-02	5.00000000000000e-02
3	27	11	19	5.50369000000000e-02	5.00000000000000e-02
4	28	12	20	5.40614000000000e-02	5.00000000000000e-02
5	29	13	21	5.41903000000000e-02	5.00000000000000e-02
6	30	14	22	5.34384000000000e-02	5.00000000000000e-02
7	31	15	23	5.27248000000000e-02	5.00000000000000e-02
8	32	16	24	5.22637000000000e-02	5.00000000000000e-02
9	33	17	25	5.10711000000000e-02	5.00000000000000e-02
10	34	18	26	4.85089000000000e-02	5.00000000000000e-02
11	35	19	27	4.81645000000000e-02	5.00000000000000e-02
12	36	20	28	4.82032000000000e-02	5.00000000000000e-02
13	37	21	29	4.72473000000000e-02	5.00000000000000e-02
14	38	22	30	4.71359000000000e-02	5.00000000000000e-02
15	39	23	31	4.71420000000000e-02	5.00000000000000e-02
16	40	24	32	4.61340000000000e-02	5.00000000000000e-02
17	41	25	33	4.59564000000000e-02	5.00000000000000e-02
18	42	26	34	4.78683000000000e-02	5.00000000000000e-02
19	43	27	35	4.69626000000000e-02	5.00000000000000e-02
20	44	28	36	4.66616000000000e-02	5.00000000000000e-02
21	45	29	37	4.65284000000000e-02	5.00000000000000e-02
22	46	30	38	4.61061000000000e-02	5.00000000000000e-02
23	47	31	39	4.55324000000000e-02	5.00000000000000e-02
24	48	32	40	4.58150000000000e-02	5.00000000000000e-02
25	49	33	41	4.56326000000000e-02	5.00000000000000e-02
26	50	34	42	4.48027000000000e-02	5.00000000000000e-02
27	51	35	43	4.50883000000000e-02	5.00000000000000e-02
28	52	36	44	4.48766000000000e-02	5.00000000000000e-02
29	53	37	45	4.49299000000000e-02	5.00000000000000e-02
30	54	38	46	4.56352000000000e-02	5.00000000000000e-02
31	55	39	47	4.56650000000000e-02	5.00000000000000e-02
32	56	40	48	4.59639000000000e-02	5.00000000000000e-02
33	57	41	49	4.58386000000000e-02	5.00000000000000e-02
34	58	42	50	4.68611000000000e-02	5.00000000000000e-02
35	59	43	51	4.73927000000000e-02	5.00000000000000e-02
36	60	44	52	4.89133000000000e-02	5.00000000000000e-02
37	61	45	53	4.96809000000000e-02	5.00000000000000e-02
38	62	46	54	4.87887000000000e-02	5.00000000000000e-02
39	63	47	55	4.97228000000000e-02	5.00000000000000e-02
40	64	48	56	4.98988000000000e-02	5.00000000000000e-02
41	65	49	57	9.15049000000000e-02	5.00000000000000e-02
42	66	50	58	4.95232000000000e-02	5.00000000000000e-02
43	67	51	59	4.93188000000000e-02	5.00000000000000e-02
44	68	52	60	4.84064000000000e-02	5.00000000000000e-02
45	69	53	61	4.78928000000000e-02	5.00000000000000e-02
46	70	54	62	4.80201000000000e-02	5.00000000000000e-02
47	71	55	63	4.77527000000000e-02	5.00000000000000e-02
48	72	56	64	4.69483000000000e-02	5.00000000000000e-02
49	73	57	65	4.64935000000000e-02	5.00000000000000e-02
50	74	58	66	4.69717000000000e-02	5.00000000000000e-02
51	75	59	67	4.67860000000000e-02	5.00000000000000e-02
52	76	60	68	4.76337000000000e-02	5.00000000000000e-02
53	77	61	69	4.83150000000000e-02	5.00000000000000e-02
54	78	62	70	4.94517000000000e-02	5.00000000000000e-02
55	79	63	71	4.96211000000000e-02	5.00000000000000e-02
56	80	64	72	5.04002000000000e-02	5.00000000000000e-02
57	81	65	73	5.14932000000000e-02	5.00000000000000e-02
58	82	66	74	5.18527000000000e-02	5.00000000000000e-02
59	83	67	75	5.18254000000000e-02	5.00000000000000e-02
60	84	68	76	5.19179000000000e-02	5.00000000000000e-02
61	85	69	77	5.12922000000000e-02	5.00000000000000e-02
62	86	70	78	5.01627000000000e-02	5.00000000000000e-02
63	87	71	79	5.06688000000000e-02	5.00000000000000e-02
64	88	72	80	4.97023000000000e-02	5.00000000000000e-02
65	89	73	81	4.96970000000000e-02	5.00000000000000e-02
66	90	74	82	4.88626000000000e-02	5.00000000000000e-02
67	91	75	83	4.83452000000000e-02	5.00000000000000e-02
68	92	76	84	4.86826000000000e-02	5.00000000000000e-02
69	93	77	85	4.91518000000000e-02	5.00000000000000e-02
71	95	79	87	5.03529000000000e-02	5.00000000000000e-02
72	96	80	88	5.09522000000000e-02	5.00000000000000e-02
73	97	81	89	5.16820000000000e-02	5.00000000000000e-02
74	98	82	90	5.28315000000000e-02	5.00000000000000e-02
75	99	83	91	5.39744000000000e-02	5.00000000000000e-02
76	100	84	92	5.40639000000000e-02	5.00000000000000e-02
1	28	10	19	5.19304000000000e-02	5.00000000000000e-02
2	29	11	20	5.16028000000000e-02	5.00000000000000e-02
3	30	12	21	5.17513000000000e-02	5.00000000000000e-02
4	31	13	22	5.07178000000000e-02	5.00000000000000e-02
5	32	14	23	5.04322000000000e-02	5.00000000000000e-02
6	33	15	24	5.02596000000000e-02	5.00000000000000e-02
7	34	16	25	4.43311000000000e-02	5.00000000000000e-02
8	35	17	26	4.67275000000000e-02	5.00000000000000e-02
9	36	18	27	4.64604000000000e-02	5.00000000000000e-02
10	37	19	28	4.56834000000000e-02	5.00000000000000e-02
11	38	20	29	4.51538000000000e-02	5.00000000000000e-02
12	39	21	30	4.45750000000000e-02	5.00000000000000e-02
13	40	22	31	4.48185000000000e-02	5.00000000000000e-02
14	41	23	32	4.42533000000000e-02	5.00000000000000e-02
15	42	24	33	4.15735000000000e-02	5.00000000000000e-02
16	43	25	34	4.36191000000000e-02	5.00000000000000e-02
17	44	26	35	4.49542000000000e-02	5.00000000000000e-02
18	45	27	36	4.41011000000000e-02	5.00000000000000e-02
19	46	28	37	4.41410000000000e-02	5.00000000000000e-02
20	47	29	38	4.35170000000000e-02	5.00000000000000e-02
21	48	30	39	4.35530000000000e-02	5.00000000000000e-02
22	49	31	40	4.31046000000000e-02	5.00000000000000e-02
23	50	32	41	4.32530000000000e-02	5.00000000000000e-02
24	51	33	42	4.35515000000000e-02	5.00000000000000e-02
25	52	34	43	4.27217000000000e-02	5.00000000000000e-02
26	53	35	44	4.22957000000000e-02	5.00000000000000e-02
27	54	36	45	4.30431000000000e-02	5.00000000000000e-02
28	55	37	46	4.29602000000000e-02	5.00000000000000e-02
29	56	38	47	4.31351000000000e-02	5.00000000000000e-02
30	57	39	48	4.39652000000000e-02	5.00000000000000e-02
31	58	40	49	4.43734000000000e-02	5.00000000000000e-02
32	59	41	50	4.44168000000000e-02	5.00000000000000e-02
33	60	42	51	4.50328000000000e-02	5.00000000000000e-02
34	61	43	52	4.61713000000000e-02	5.00000000000000e-02
35	62	44	53	4.64059000000000e-02	5.00000000000000e-02
36	63	45	54	4.62248000000000e-02	5.00000000000000e-02
37	64	46	55	4.72402000000000e-02	5.00000000000000e-02
38	65	47	56	4.75774000000000e-02	5.00000000000000e-02
39	66	48	57	4.76424000000000e-02	5.00000000000000e-02
40	67	49	58	4.77850000000000e-02	5.00000000000000e-02
41	68	50	59	4.74676000000000e-02	5.00000000000000e-02
42	69	51	60	4.63484000000000e-02	5.00000000000000e-02
43	70	52	61	4.56585000000000e-02	5.00000000000000e-02
44	71	53	62	4.59582000000000e-02	5.00000000000000e-02
45	72	54	63	4.53670000000000e-02	5.00000000000000e-02
46	73	55	64	4.51972000000000e-02	5.00000000000000e-02
47	74	56	65	4.42723000000000e-02	5.00000000000000e-02
48	75	57	66	4.42178000000000e-02	5.00000000000000e-02
49	76	58	67	4.38650000000000e-02	5.00000000000000e-02
50	77	59	68	4.45055000000000e-02	5.00000000000000e-02
51	78	60	69	4.58243000000000e-02	5.00000000000000e-02
52	79	61	70	4.68716000000000e-02	5.00000000000000e-02
53	80	62	71	4.70601000000000e-02	5.00000000000000e-02
54	81	63	72	4.78654000000000e-02	5.00000000000000e-02
55	82	64	73	4.84175000000000e-02	5.00000000000000e-02
56	83	65	74	4.92961000000000e-02	5.00000000000000e-02
57	84	66	75	4.99557000000000e-02	5.00000000000000e-02
58	85	67	76	5.00233000000000e-02	5.00000000000000e-02
59	86	68	77	4.97104000000000e-02	5.00000000000000e-02
60	87	69	78	4.91157000000000e-02	5.00000000000000e-02
61	88	70	79	4.78647000000000e-02	5.00000000000000e-02
62	89	71	80	4.87586000000000e-02	5.00000000000000e-02
63	90	72	81	4.76878000000000e-02	5.00000000000000e-02
64	91	73	82	4.71039000000000e-02	5.00000000000000e-02
65	92	74	83	4.64950000000000e-02	5.00000000000000e-02
66	93	75	84	4.66175000000000e-02	5.00000000000000e-02
67	94	76	85	4.64119000000000e-02	5.00000000000000e-02
68	95	77	86	4.64168000000000e-02	5.00000000000000e-02
69	96	78	87	4.72140000000000e-02	5.00000000000000e-02
70	97	79	88	4.84939000000000e-02	5.00000000000000e-02
71	98	80	89	4.94644000000000e-02	5.00000000000000e-02
72	99	81	90	5.05701000000000e-02	5.00000000000000e-02
73	100	82	91	5.12341000000000e-02	5.00000000000000e-02
1	31	11	21	4.95962000000000e-02	5.00000000000000e-02
2	32	12	22	4.90664000000000e-02	5.00000000000000e-02
3	33	13	23	4.85867000000000e-02	5.00000000000000e-02
5	35	15	25	4.72894000000000e-02	5.00000000000000e-02
6	36	16	26	4.40041000000000e-02	5.00000000000000e-02
7	37	17	27	4.54940000000000e-02	5.00000000000000e-02
8	38	18	28	4.42158000000000e-02	5.00000000000000e-02
9	39	19	29	4.30473000000000e-02	5.00000000000000e-02
10	40	20	30	4.29543000000000e-02	5.00000000000000e-02
11	41	21	31	4.19714000000000e-02	5.00000000000000e-02
12	42	22	32	4.21465000000000e-02	5.00000000000000e-02
13	43	23	33	4.14733000000000e-02	5.00000000000000e-02
14	44	24	34	4.12339000000000e-02	5.00000000000000e-02
15	45	25	35	4.13374000000000e-02	5.00000000000000e-02
16	46	26	36	4.26676000000000e-02	5.00000000000000e-02
17	47	27	37	4.18938000000000e-02	5.00000000000000e-02
18	48	28	38	4.14434000000000e-02	5.00000000000000e-02
19	49	29	39	4.14819000000000e-02	5.00000000000000e-02
20	50	30	40	4.12342000000000e-02	5.00000000000000e-02
21	51	31	41	4.11930000000000e-02	5.00000000000000e-02
22	52	32	42	4.08716000000000e-02	5.00000000000000e-02
23	53	33	43	4.10041000000000e-02	5.00000000000000e-02
24	54	34	44	4.12891000000000e-02	5.00000000000000e-02
25	55	35	45	4.10963000000000e-02	5.00000000000000e-02
26	56	36	46	4.06917000000000e-02	5.00000000000000e-02
27	57	37	47	4.11604000000000e-02	5.00000000000000e-02
28	58	38	48	4.17330000000000e-02	5.00000000000000e-02
29	59	39	49	4.15452000000000e-02	5.00000000000000e-02
30	60	40	50	4.27571000000000e-02	5.00000000000000e-02
31	61	41	51	4.34558000000000e-02	5.00000000000000e-02
32	62	42	52	4.41146000000000e-02	5.00000000000000e-02
33	63	43	53	4.40376000000000e-02	5.00000000000000e-02
34	64	44	54	4.41971000000000e-02	5.00000000000000e-02
35	65	45	55	4.48862000000000e-02	5.00000000000000e-02
36	66	46	56	4.54206000000000e-02	5.00000000000000e-02
37	67	47	57	4.62423000000000e-02	5.00000000000000e-02
38	68	48	58	4.55754000000000e-02	5.00000000000000e-02
39	69	49	59	4.51132000000000e-02	5.00000000000000e-02
40	70	50	60	4.44998000000000e-02	5.00000000000000e-02
41	71	51	61	4.44855000000000e-02	5.00000000000000e-02
42	72	52	62	4.35517000000000e-02	5.00000000000000e-02
43	73	53	63	4.35998000000000e-02	5.00000000000000e-02
44	74	54	64	4.34349000000000e-02	5.00000000000000e-02
45	75	55	65	4.28417000000000e-02	5.00000000000000e-02
46	76	56	66	4.23791000000000e-02	5.00000000000000e-02
47	77	57	67	4.17507000000000e-02	5.00000000000000e-02
48	78	58	68	4.22573000000000e-02	5.00000000000000e-02
49	79	59	69	4.27418000000000e-02	5.00000000000000e-02
50	80	60	70	4.48613000000000e-02	5.00000000000000e-02
51	81	61	71	4.47676000000000e-02	5.00000000000000e-02
52	82	62	72	4.58794000000000e-02	5.00000000000000e-02
53	83	63	73	4.62075000000000e-02	5.00000000000000e-02
54	84	64	74	4.67980000000000e-02	5.00000000000000e-02
55	85	65	75	4.70726000000000e-02	5.00000000000000e-02
56	86	66	76	4.78464000000000e-02	5.00000000000000e-02
57	87	67	77	4.84607000000000e-02	5.00000000000000e-02
58	88	68	78	4.76404000000000e-02	5.00000000000000e-02
59	89	69	79	4.73024000000000e-02	5.00000000000000e-02
60	90	70	80	4.60150000000000e-02	5.00000000000000e-02
61	91	71	81	4.63005000000000e-02	5.00000000000000e-02
62	92	72	82	4.55578000000000e-02	5.00000000000000e-02
63	93	73	83	4.53891000000000e-02	5.00000000000000e-02
64	94	74	84	4.45992000000000e-02	5.00000000000000e-02
65	95	75	85	4.46178000000000e-02	5.00000000000000e-02
66	96	76	86	2.59866000000000e-02	5.00000000000000e-02
67	97	77	87	4.48133000000000e-02	5.00000000000000e-02
68	98	78	88	4.60207000000000e-02	5.00000000000000e-02
69	99	79	89	4.61416000000000e-02	5.00000000000000e-02
70	100	80	90	4.80586000000000e-02	5.00000000000000e-02
1	34	12	23	4.67947000000000e-02	5.00000000000000e-02
2	35	13	24	4.09472000000000e-02	5.00000000000000e-02
3	36	14	25	4.58446000000000e-02	5.00000000000000e-02
4	37	15	26	4.38541000000000e-02	5.00000000000000e-02
5	38	16	27	4.38658000000000e-02	5.00000000000000e-02
6	39	17	28	4.35480000000000e-02	5.00000000000000e-02
7	40	18	29	4.24911000000000e-02	5.00000000000000e-02
8	41	19	30	4.10953000000000e-02	5.00000000000000e-02
9	42	20	31	4.07096000000000e-02	5.00000000000000e-02
10	43	21	32	4.02068000000000e-02	5.00000000000000e-02
11	44	22	33	3.98048000000000e-02	5.00000000000000e-02
12	45	23	34	3.93871000000000e-02	5.00000000000000e-02
13	46	24	35	3.88515000000000e-02	5.00000000000000e-02
14	47	25	36	3.93794000000000e-02	5.00000000000000e-02
15	48	26	37	4.05060000000000e-02	5.00000000000000e-02
16	49	27	38	3.94848000000000e-02	5.00000000000000e-02
17	50	28	39	3.91235000000000e-02	5.00000000000000e-02
18	51	29	40	3.95599000000000e-02	5.00000000000000e-02
19	52	30	41	3.91783000000000e-02	5.00000000000000e-02
20	53	31	42	3.89033000000000e-02	5.00000000000000e-02
21	54	32	43	3.92371000000000e-02	5.00000000000000e-02
22	55	33	44	3.94584000000000e-02	5.00000000000000e-02
23	56	34	45	3.90854000000000e-02	5.00000000000000e-02
24	57	35	46	3.97485000000000e-02	5.00000000000000e-02
25	58	36	47	3.93426000000000e-02	5.00000000000000e-02
26	59	37	48	3.93587000000000e-02	5.00000000000000e-02
27	60	38	49	4.02500000000000e-02	5.00000000000000e-02
28	61	39	50	4.10450000000000e-02	5.00000000000000e-02
29	62	40	51	4.12138000000000e-02	5.00000000000000e-02
30	63	41	52	4.19950000000000e-02	5.00000000000000e-02
31	64	42	53	4.23753000000000e-02	5.00000000000000e-02
32	65	43	54	4.25161000000000e-02	5.00000000000000e-02
33	66	44	55	4.28946000000000e-02	5.00000000000000e-02
34	67	45	56	4.35856000000000e-02	5.00000000000000e-02
35	68	46	57	4.38724000000000e-02	5.00000000000000e-02
36	69	47	58	4.39450000000000e-02	5.00000000000000e-02
37	70	48	59	4.36307000000000e-02	5.00000000000000e-02
38	71	49	60	4.29291000000000e-02	5.00000000000000e-02
39	72	50	61	4.24570000000000e-02	5.00000000000000e-02
40	73	51	62	4.26480000000000e-02	5.00000000000000e-02
41	74	52	63	4.15270000000000e-02	5.00000000000000e-02
42	75	53	64	4.16245000000000e-02	5.00000000000000e-02
43	76	54	65	4.14774000000000e-02	5.00000000000000e-02
44	77	55	66	4.13932000000000e-02	5.00000000000000e-02
45	78	56	67	4.04439000000000e-02	5.00000000000000e-02
46	79	57	68	4.04368000000000e-02	5.00000000000000e-02
47	80	58	69	4.12691000000000e-02	5.00000000000000e-02
48	81	59	70	4.24782000000000e-02	5.00000000000000e-02
49	82	60	71	4.26240000000000e-02	5.00000000000000e-02
50	83	61	72	4.35704000000000e-02	5.00000000000000e-02
51	84	62	73	4.42168000000000e-02	5.00000000000000e-02
52	85	63	74	4.47578000000000e-02	5.00000000000000e-02
53	86	64	75	4.52846000000000e-02	5.00000000000000e-02
54	87	65	76	4.50591000000000e-02	5.00000000000000e-02
55	88	66	77	4.53389000000000e-02	5.00000000000000e-02
56	89	67	78	4.61516000000000e-02	5.00000000000000e-02
57	90	68	79	4.61055000000000e-02	5.00000000000000e-02
58	91	69	80	4.51843000000000e-02	5.00000000000000e-02
59	92	70	81	4.39022000000000e-02	5.00000000000000e-02
60	93	71	82	4.45306000000000e-02	5.00000000000000e-02
61	94	72	83	4.38024000000000e-02	5.00000000000000e-02
62	95	73	84	4.36232000000000e-02	5.00000000000000e-02
63	96	74	85	4.27424000000000e-02	5.00000000000000e-02
64	97	75	86	4.26382000000000e-02	5.00000000000000e-02
65	98	76	87	4.31560000000000e-02	5.00000000000000e-02
66	99	77	88	4.43204000000000e-02	5.00000000000000e-02
67	100	78	89	4.47590000000000e-02	5.00000000000000e-02
1	37	13	25	4.39483000000000e-02	5.00000000000000e-02
2	38	14	26	4.28908000000000e-02	5.00000000000000e-02
3	39	15	27	4.28869000000000e-02	5.00000000000000e-02
4	40	16	28	4.21424000000000e-02	5.00000000000000e-02
5	41	17	29	4.16696000000000e-02	5.00000000000000e-02
6	42	18	30	4.06434000000000e-02	5.00000000000000e-02
7	43	19	31	3.96868000000000e-02	5.00000000000000e-02
8	44	20	32	3.87691000000000e-02	5.00000000000000e-02
9	45	21	33	3.77992000000000e-02	5.00000000000000e-02
10	46	22	34	3.78946000000000e-02	5.00000000000000e-02
11	47	23	35	3.77600000000000e-02	5.00000000000000e-02
12	48	24	36	3.70931000000000e-02	5.00000000000000e-02
13	49	25	37	3.75648000000000e-02	5.00000000000000e-02
14	50	26	38	3.81815000000000e-02	5.00000000000000e-02
15	51	27	39	3.72388000000000e-02	5.00000000000000e-02
16	52	28	40	3.72108000000000e-02	5.00000000000000e-02
17	53	29	41	3.70139000000000e-02	5.00000000000000e-02
18	54	30	42	3.72202000000000e-02	5.00000000000000e-02
19	55	31	43	3.70091000000000e-02	5.00000000000000e-02
20	56	32	44	3.71848000000000e-02	5.00000000000000e-02
21	57	33	45	3.78650000000000e-02	5.00000000000000e-02
22	58	34	46	3.80049000000000e-02	5.00000000000000e-02
23	59	35	47	3.78374000000000e-02	5.00000000000000e-02
24	60	36	48	3.86852000000000e-02	5.00000000000000e-02
25	61	37	49	3.86196000000000e-02	5.00000000000000e-02
26	62	38	50	3.86825000000000e-02	5.00000000000000e-02
27	63	39	51	3.95587000000000e-02	5.00000000000000e-02
28	64	40	52	4.02919000000000e-02	5.00000000000000e-02
29	65	41	53	4.05498000000000e-02	5.00000000000000e-02
30	66	42	54	4.06166000000000e-02	5.00000000000000e-02
31	67	43	55	4.19257000000000e-02	5.00000000000000e-02
32	68	44	56	4.19915000000000e-02	5.00000000000000e-02
33	69	45	57	4.18968000000000e-02	5.00000000000000e-02
34	70	46	58	4.17129000000000e-02	5.00000000000000e-02
35	71	47	59	4.20494000000000e-02	5.00000000000000e-02
36	72	48	60	4.15097000000000e-02	5.00000000000000e-02
37	73	49	61	4.15424000000000e-02	5.00000000000000e-02
38	74	50	62	4.06278000000000e-02	5.00000000000000e-02
39	75	51	63	4.02707000000000e-02	5.00000000000000e-02
40	76	52	64	4.00917000000000e-02	5.00000000000000e-02
41	77	53	65	3.99098000000000e-02	5.00000000000000e-02
42	78	54	66	4.00532000000000e-02	5.00000000000000e-02
43	79	55	67	3.92560000000000e-02	5.00000000000000e-02
44	80	56	68	3.94323000000000e-02	5.00000000000000e-02
45	81	57	69	3.97315000000000e-02	5.00000000000000e-02
46	82	58	70	4.10209000000000e-02	5.00000000000000e-02
47	83	59	71	4.07129000000000e-02	5.00000000000000e-02
48	84	60	72	4.16120000000000e-02	5.00000000000000e-02
49	85	61	73	4.18805000000000e-02	5.00000000000000e-02
50	86	62	74	4.29697000000000e-02	5.00000000000000e-02
51	87	63	75	4.32367000000000e-02	5.00000000000000e-02
52	88	64	76	4.32553000000000e-02	5.00000000000000e-02
53	89	65	77	4.36412000000000e-02	5.00000000000000e-02
54	90	66	78	4.32378000000000e-02	5.00000000000000e-02
55	91	67	79	4.34898000000000e-02	5.00000000000000e-02
56	92	68	80	4.37116000000000e-02	5.00000000000000e-02
57	93	69	81	4.40032000000000e-02	5.00000000000000e-02
58	94	70	82	4.27965000000000e-02	5.00000000000000e-02
59	95	71	83	4.26524000000000e-02	5.00000000000000e-02
60	96	72	84	4.17990000000000e-02	5.00000000000000e-02
61	97	73	85	4.18060000000000e-02	5.00000000000000e-02
62	98	74	86	4.14711000000000e-02	5.00000000000000e-02
63	99	75	87	4.18371000000000e-02	5.00000000000000e-02
64	100	76	88	4.23879000000000e-02	5.00000000000000e-02
1	40	14	27	4.18004000000000e-02	5.00000000000000e-02
2	41	15	28	4.12359000000000e-02	5.00000000000000e-02
3	42	16	29	4.08882000000000e-02	5.00000000000000e-02
4	43	17	30	3.93859000000000e-02	5.00000000000000e-02
5	44	18	31	3.92001000000000e-02	5.00000000000000e-02
6	45	19	32	3.78495000000000e-02	5.00000000000000e-02
7	46	20	33	3.71453000000000e-02	5.00000000000000e-02
8	47	21	34	3.63706000000000e-02	5.00000000000000e-02
9	48	22	35	3.60045000000000e-02	5.00000000000000e-02
10	49	23	36	3.62207000000000e-02	5.00000000000000e-02
11	50	24	37	3.56187000000000e-02	5.00000000000000e-02
12	51	25	38	3.55637000000000e-02	5.00000000000000e-02
13	52	26	39	3.60771000000000e-02	5.00000000000000e-02
14	53	27	40	3.54411000000000e-02	5.00000000000000e-02
15	54	28	41	3.55361000000000e-02	5.00000000000000e-02
16	55	29	42	3.55604000000000e-02	5.00000000000000e-02
17	56	30	43	3.53691000000000e-02	5.00000000000000e-02
18	57	31	44	3.53900000000000e-02	5.00000000000000e-02
19	58	32	45	3.59050000000000e-02	5.00000000000000e-02
20	59	33	46	3.60181000000000e-02	5.00000000000000e-02
21	60	34	47	3.65053000000000e-02	5.00000000000000e-02
22	61	35	48	3.70534000000000e-02	5.00000000000000e-02
23	62	36	49	3.70801000000000e-02	5.00000000000000e-02
24	63	37	50	3.77217000000000e-02	5.00000000000000e-02
25	64	38	51	3.79680000000000e-02	5.00000000000000e-02
26	65	39	52	3.84829000000000e-02	5.00000000000000e-02
27	66	40	53	3.90489000000000e-02	5.00000000000000e-02
28	67	41	54	3.93242000000000e-02	5.00000000000000e-02
29	68	42	55	4.00389000000000e-02	5.00000000000000e-02
30	69	43	56	4.05571000000000e-02	5.00000000000000e-02
31	70	44	57	4.07304000000000e-02	5.00000000000000e-02
32	71	45	58	4.06948000000000e-02	5.00000000000000e-02
33	72	46	59	3.99083000000000e-02	5.00000000000000e-02
34	73	47	60	3.99350000000000e-02	5.00000000000000e-02
35	74	48	61	3.93329000000000e-02	5.00000000000000e-02
36	75	49	62	3.99007000000000e-02	5.00000000000000e-02
37	76	50	63	3.94639000000000e-02	5.00000000000000e-02
38	77	51	64	3.88840000000000e-02	5.00000000000000e-02
39	78	52	65	3.86871000000000e-02	5.00000000000000e-02
40	79	53	66	3.84916000000000e-02	5.00000000000000e-02
41	80	54	67	3.85733000000000e-02	5.00000000000000e-02
42	81	55	68	3.86068000000000e-02	5.00000000000000e-02
43	82	56	69	3.87932000000000e-02	5.00000000000000e-02
44	83	57	70	3.95416000000000e-02	5.00000000000000e-02
45	84	58	71	3.93936000000000e-02	5.00000000000000e-02
46	85	59	72	3.99309000000000e-02	5.00000000000000e-02
47	86	60	73	4.05119000000000e-02	5.00000000000000e-02
48	87	61	74	4.10215000000000e-02	5.00000000000000e-02
49	88	62	75	4.08108000000000e-02	5.00000000000000e-02
50	89	63	76	4.15410000000000e-02	5.00000000000000e-02
51	90	64	77	4.14300000000000e-02	5.00000000000000e-02
52	91	65	78	4.10342000000000e-02	5.00000000000000e-02
53	92	66	79	4.12614000000000e-02	5.00000000000000e-02
54	93	67	80	4.16538000000000e-02	5.00000000000000e-02
55	94	68	81	4.16352000000000e-02	5.00000000000000e-02
56	95	69	82	4.16910000000000e-02	5.00000000000000e-02
57	96	70	83	4.08086000000000e-02	5.00000000000000e-02
58	97	71	84	4.10089000000000e-02	5.00000000000000e-02
59	98	72	85	4.06817000000000e-02	5.00000000000000e-02
60	99	73	86	4.06680000000000e-02	5.00000000000000e-02
61	100	74	87	4.08251000000000e-02	5.00000000000000e-02
1	43	15	29	4.00083000000000e-02	5.00000000000000e-02
2	44	16	30	3.91844000000000e-02	5.00000000000000e-02
3	45	17	31	3.87293000000000e-02	5.00000000000000e-02
4	46	18	32	3.74167000000000e-02	5.00000000000000e-02
5	47	19	33	3.61755000000000e-02	5.00000000000000e-02
6	48	20	34	3.56427000000000e-02	5.00000000000000e-02
7	49	21	35	3.50967000000000e-02	5.00000000000000e-02
8	50	22	36	3.48056000000000e-02	5.00000000000000e-02
9	51	23	37	3.41995000000000e-02	5.00000000000000e-02
10	52	24	38	3.04261000000000e-02	5.00000000000000e-02
11	53	25	39	3.38328000000000e-02	5.00000000000000e-02
12	54	26	40	3.44775000000000e-02	5.00000000000000e-02
13	55	27	41	3.37943000000000e-02	5.00000000000000e-02
14	56	28	42	3.34970000000000e-02	5.00000000000000e-02
15	57	29	43	3.37960000000000e-02	5.00000000000000e-02
16	58	30	44	3.38648000000000e-02	5.00000000000000e-02
17	59	31	45	3.38594000000000e-02	5.00000000000000e-02
18	60	32	46	3.46265000000000e-02	5.00000000000000e-02
19	61	33	47	3.51801000000000e-02	5.00000000000000e-02
20	62	34	48	3.53987000000000e-02	5.00000000000000e-02
21	63	35	49	3.55754000000000e-02	5.00000000000000e-02
22	64	36	50	3.61126000000000e-02	5.00000000000000e-02
23	65	37	51	3.65439000000000e-02	5.00000000000000e-02
24	66	38	52	3.75238000000000e-02	5.00000000000000e-02
25	67	39	53	3.75391000000000e-02	5.00000000000000e-02
26	68	40	54	3.77110000000000e-02	5.00000000000000e-02
27	69	41	55	3.83743000000000e-02	5.00000000000000e-02
28	70	42	56	3.88063000000000e-02	5.00000000000000e-02
29	71	43	57	3.91700000000000e-02	5.00000000000000e-02
30	72	44	58	3.91880000000000e-02	5.00000000000000e-02
31	73	45	59	3.91314000000000e-02	5.00000000000000e-02
32	74	46	60	3.84292000000000e-02	5.00000000000000e-02
33	75	47	61	3.80933000000000e-02	5.00000000000000e-02
34	76	48	62	3.80081000000000e-02	5.00000000000000e-02
35	77	49	63	3.81046000000000e-02	5.00000000000000e-02
36	78	50	64	3.80273000000000e-02	5.00000000000000e-02
37	79	51	65	3.77911000000000e-02	5.00000000000000e-02
38	80	52	66	3.73765000000000e-02	5.00000000000000e-02
39	81	53	67	3.73144000000000e-02	5.00000000000000e-02
40	82	54	68	3.79008000000000e-02	5.00000000000000e-02
41	83	55	69	3.77384000000000e-02	5.00000000000000e-02
42	84	56	70	3.84278000000000e-02	5.00000000000000e-02
43	85	57	71	3.79870000000000e-02	5.00000000000000e-02
44	86	58	72	3.88159000000000e-02	5.00000000000000e-02
45	87	59	73	3.90590000000000e-02	5.00000000000000e-02
46	88	60	74	3.93961000000000e-02	5.00000000000000e-02
47	89	61	75	3.95603000000000e-02	5.00000000000000e-02
48	90	62	76	3.92484000000000e-02	5.00000000000000e-02
49	91	63	77	3.91462000000000e-02	5.00000000000000e-02
50	92	64	78	3.93945000000000e-02	5.00000000000000e-02
51	93	65	79	3.96567000000000e-02	5.00000000000000e-02
52	94	66	80	3.96873000000000e-02	5.00000000000000e-02
53	95	67	81	3.99779000000000e-02	5.00000000000000e-02
54	96	68	82	3.97193000000000e-02	5.00000000000000e-02
55	97	69	83	3.97766000000000e-02	5.00000000000000e-02
56	98	70	84	3.97126000000000e-02	5.00000000000000e-02
57	99	71	85	4.04303000000000e-02	5.00000000000000e-02
58	100	72	86	3.95375000000000e-02	5.00000000000000e-02
1	46	16	31	3.75136000000000e-02	5.00000000000000e-02
2	47	17	32	3.66729000000000e-02	5.00000000000000e-02
3	48	18	33	3.58774000000000e-02	5.00000000000000e-02
4	49	19	34	3.50598000000000e-02	5.00000000000000e-02
5	50	20	35	3.45955000000000e-02	5.00000000000000e-02
6	51	21	36	3.35093000000000e-02	5.00000000000000e-02
7	52	22	37	3.33898000000000e-02	5.00000000000000e-02
8	53	23	38	3.29402000000000e-02	5.00000000000000e-02
9	54	24	39	3.20208000000000e-02	5.00000000000000e-02
10	55	25	40	3.25247000000000e-02	5.00000000000000e-02
11	56	26	41	3.27619000000000e-02	5.00000000000000e-02
12	57	27	42	3.23163000000000e-02	5.00000000000000e-02
13	58	28	43	3.21553000000000e-02	5.00000000000000e-02
14	59	29	44	3.23716000000000e-02	5.00000000000000e-02
15	60	30	45	3.29483000000000e-02	5.00000000000000e-02
16	61	31	46	3.32519000000000e-02	5.00000000000000e-02
17	62	32	47	3.33244000000000e-02	5.00000000000000e-02
18	63	33	48	3.38488000000000e-02	5.00000000000000e-02
19	64	34	49	3.42711000000000e-02	5.00000000000000e-02
20	65	35	50	3.48080000000000e-02	5.00000000000000e-02
21	66	36	51	3.50489000000000e-02	5.00000000000000e-02
22	67	37	52	3.58382000000000e-02	5.00000000000000e-02
23	68	38	53	3.63576000000000e-02	5.00000000000000e-02
24	69	39	54	3.67697000000000e-02	5.00000000000000e-02
25	70	40	55	3.67821000000000e-02	5.00000000000000e-02
26	71	41	56	3.72745000000000e-02	5.00000000000000e-02
27	72	42	57	3.76769000000000e-02	5.00000000000000e-02
28	73	43	58	3.76644000000000e-02	5.00000000000000e-02
29	74	44	59	3.72220000000000e-02	5.00000000000000e-02
30	75	45	60	3.71243000000000e-02	5.00000000000000e-02
31	76	46	61	3.71895000000000e-02	5.00000000000000e-02
32	77	47	62	3.73333000000000e-02	5.00000000000000e-02
33	78	48	63	3.67952000000000e-02	5.00000000000000e-02
34	79	49	64	3.68427000000000e-02	5.00000000000000e-02
35	80	50	65	3.68161000000000e-02	5.00000000000000e-02
36	81	51	66	3.70565000000000e-02	5.00000000000000e-02
37	82	52	67	3.67858000000000e-02	5.00000000000000e-02
38	83	53	68	3.63856000000000e-02	5.00000000000000e-02
39	84	54	69	3.69575000000000e-02	5.00000000000000e-02
40	85	55	70	3.73900000000000e-02	5.00000000000000e-02
41	86	56	71	3.70799000000000e-02	5.00000000000000e-02
42	87	57	72	3.72738000000000e-02	5.00000000000000e-02
43	88	58	73	3.74418000000000e-02	5.00000000000000e-02
44	89	59	74	3.80930000000000e-02	5.00000000000000e-02
45	90	60	75	3.78519000000000e-02	5.00000000000000e-02
46	91	61	76	3.77696000000000e-02	5.00000000000000e-02
47	92	62	77	3.77833000000000e-02	5.00000000000000e-02
48	93	63	78	3.77444000000000e-02	5.00000000000000e-02
49	94	64	79	3.76702000000000e-02	5.00000000000000e-02
50	95	65	80	3.79403000000000e-02	5.00000000000000e-02
51	96	66	81	3.79103000000000e-02	5.00000000000000e-02
52	97	67	82	3.82788000000000e-02	5.00000000000000e-02
53	98	68	83	3.82791000000000e-02	5.00000000000000e-02
54	99	69	84	3.85027000000000e-02	5.00000000000000e-02
55	100	70	85	3.79629000000000e-02	5.00000000000000e-02
1	49	17	33	3.56154000000000e-02	5.00000000000000e-02
2	50	18	34	3.46373000000000e-02	5.00000000000000e-02
3	51	19	35	3.38194000000000e-02	5.00000000000000e-02
4	52	20	36	3.31337000000000e-02	5.00000000000000e-02
5	53	21	37	3.24491000000000e-02	5.00000000000000e-02
6	54	22	38	3.20042000000000e-02	5.00000000000000e-02
7	55	23	39	3.17476000000000e-02	5.00000000000000e-02
8	56	24	40	3.09607000000000e-02	5.00000000000000e-02
9	57	25	41	3.12059000000000e-02	5.00000000000000e-02
10	58	26	42	3.17204000000000e-02	5.00000000000000e-02
11	59	27	43	3.10515000000000e-02	5.00000000000000e-02
12	60	28	44	3.11939000000000e-02	5.00000000000000e-02
13	61	29	45	3.14293000000000e-02	5.00000000000000e-02
14	62	30	46	3.14114000000000e-02	5.00000000000000e-02
15	63	31	47	3.16380000000000e-02	5.00000000000000e-02
16	64	32	48	3.24890000000000e-02	5.00000000000000e-02
17	65	33	49	3.28205000000000e-02	5.00000000000000e-02
18	66	34	50	3.33131000000000e-02	5.00000000000000e-02
19	67	35	51	3.39916000000000e-02	5.00000000000000e-02
20	68	36	52	3.44738000000000e-02	5.00000000000000e-02
21	69	37	53	3.47942000000000e-02	5.00000000000000e-02
22	70	38	54	3.51121000000000e-02	5.00000000000000e-02
23	71	39	55	3.55901000000000e-02	5.00000000000000e-02
24	72	40	56	3.62072000000000e-02	5.00000000000000e-02
25	73	41	57	3.60348000000000e-02	5.00000000000000e-02
26	74	42	58	3.58002000000000e-02	5.00000000000000e-02
27	75	43	59	3.62101000000000e-02	5.00000000000000e-02
28	76	44	60	3.60040000000000e-02	5.00000000000000e-02
29	77	45	61	3.57949000000000e-02	5.00000000000000e-02
30	78	46	62	3.61249000000000e-02	5.00000000000000e-02
31	79	47	63	3.58829000000000e-02	5.00000000000000e-02
32	80	48	64	3.60005000000000e-02	5.00000000000000e-02
33	81	49	65	3.60564000000000e-02	5.00000000000000e-02
34	82	50	66	3.59658000000000e-02	5.00000000000000e-02
35	83	51	67	3.59154000000000e-02	5.00000000000000e-02
36	84	52	68	3.59266000000000e-02	5.00000000000000e-02
37	85	53	69	3.62491000000000e-02	5.00000000000000e-02
38	86	54	70	3.66756000000000e-02	5.00000000000000e-02
39	87	55	71	3.62390000000000e-02	5.00000000000000e-02
40	88	56	72	3.61596000000000e-02	5.00000000000000e-02
41	89	57	73	3.63086000000000e-02	5.00000000000000e-02
42	90	58	74	3.64685000000000e-02	5.00000000000000e-02
43	91	59	75	3.62146000000000e-02	5.00000000000000e-02
44	92	60	76	3.67926000000000e-02	5.00000000000000e-02
45	93	61	77	3.65066000000000e-02	5.00000000000000e-02
46	94	62	78	3.64892000000000e-02	5.00000000000000e-02
47	95	63	79	3.63647000000000e-02	5.00000000000000e-02
48	96	64	80	3.61466000000000e-02	5.00000000000000e-02
49	97	65	81	3.63447000000000e-02	5.00000000000000e-02
50	98	66	82	3.69171000000000e-02	5.00000000000000e-02
51	99	67	83	3.74214000000000e-02	5.00000000000000e-02
52	100	68	84	3.75312000000000e-02	5.00000000000000e-02
1	52	18	35	3.34256000000000e-02	5.00000000000000e-02
2	53	19	36	3.24321000000000e-02	5.00000000000000e-02
3	54	20	37	3.21327000000000e-02	5.00000000000000e-02
4	55	21	38	3.11795000000000e-02	5.00000000000000e-02
5	56	22	39	3.07498000000000e-02	5.00000000000000e-02
6	57	23	40	3.03714000000000e-02	5.00000000000000e-02
7	58	24	41	3.00373000000000e-02	5.00000000000000e-02
8	59	25	42	2.99489000000000e-02	5.00000000000000e-02
9	60	26	43	3.05464000000000e-02	5.00000000000000e-02
10	61	27	44	3.03664000000000e-02	5.00000000000000e-02
11	62	28	45	2.99859000000000e-02	5.00000000000000e-02
12	63	29	46	3.03834000000000e-02	5.00000000000000e-02
13	64	30	47	3.05266000000000e-02	5.00000000000000e-02
14	65	31	48	3.09500000000000e-02	5.00000000000000e-02
15	66	32	49	3.12617000000000e-02	5.00000000000000e-02
16	67	33	50	3.20778000000000e-02	5.00000000000000e-02
17	68	34	51	3.24708000000000e-02	5.00000000000000e-02
18	69	35	52	3.29310000000000e-02	5.00000000000000e-02
19	70	36	53	3.33206000000000e-02	5.00000000000000e-02
20	71	37	54	3.34780000000000e-02	5.00000000000000e-02
21	72	38	55	3.41689000000000e-02	5.00000000000000e-02
22	73	39	56	3.45585000000000e-02	5.00000000000000e-02
23	74	40	57	3.45492000000000e-02	5.00000000000000e-02
24	75	41	58	3.49772000000000e-02	5.00000000000000e-02
25	76	42	59	3.46832000000000e-02	5.00000000000000e-02
26	77	43	60	3.45304000000000e-02	5.00000000000000e-02
27	78	44	61	3.50928000000000e-02	5.00000000000000e-02
28	79	45	62	3.48688000000000e-02	5.00000000000000e-02
29	80	46	63	3.48713000000000e-02	5.00000000000000e-02
30	81	47	64	3.53924000000000e-02	5.00000000000000e-02
31	82	48	65	3.53863000000000e-02	5.00000000000000e-02
32	83	49	66	3.54510000000000e-02	5.00000000000000e-02
33	84	50	67	3.50836000000000e-02	5.00000000000000e-02
34	85	51	68	3.49269000000000e-02	5.00000000000000e-02
35	86	52	69	3.50768000000000e-02	5.00000000000000e-02
36	87	53	70	3.59166000000000e-02	5.00000000000000e-02
37	88	54	71	3.56127000000000e-02	5.00000000000000e-02
38	89	55	72	3.56551000000000e-02	5.00000000000000e-02
39	90	56	73	3.52930000000000e-02	5.00000000000000e-02
40	91	57	74	3.51054000000000e-02	5.00000000000000e-02
41	92	58	75	3.51495000000000e-02	5.00000000000000e-02
42	93	59	76	3.51878000000000e-02	5.00000000000000e-02
43	94	60	77	3.53447000000000e-02	5.00000000000000e-02
44	95	61	78	3.51989000000000e-02	5.00000000000000e-02
45	96	62	79	3.50119000000000e-02	5.00000000000000e-02
46	97	63	80	3.52165000000000e-02	5.00000000000000e-02
47	98	64	81	3.52700000000000e-02	5.00000000000000e-02
48	99	65	82	3.54198000000000e-02	5.00000000000000e-02
49	100	66	83	3.53044000000000e-02	5.00000000000000e-02
1	55	19	37	3.16164000000000e-02	5.00000000000000e-02
2	56	20	38	3.09922000000000e-02	5.00000000000000e-02
3	57	21	39	3.02670000000000e-02	5.00000000000000e-02
4	58	22	40	2.99416000000000e-02	5.00000000000000e-02
5	59	23	41	2.98032000000000e-02	5.00000000000000e-02
6	60	24	42	2.92366000000000e-02	5.00000000000000e-02
7	61	25	43	2.88843000000000e-02	5.00000000000000e-02
8	62	26	44	2.96417000000000e-02	5.00000000000000e-02
9	63	27	45	2.92420000000000e-02	5.00000000000000e-02
10	64	28	46	2.96379000000000e-02	5.00000000000000e-02
11	65	29	47	2.94308000000000e-02	5.00000000000000e-02
12	66	30	48	2.99660000000000e-02	5.00000000000000e-02
13	67	31	49	3.01803000000000e-02	5.00000000000000e-02
14	68	32	50	3.04023000000000e-02	5.00000000000000e-02
15	69	33	51	3.09825000000000e-02	5.00000000000000e-02
16	70	34	52	3.18269000000000e-02	5.00000000000000e-02
17	71	35	53	3.20917000000000e-02	5.00000000000000e-02
18	72	36	54	3.23968000000000e-02	5.00000000000000e-02
19	73	37	55	3.27549000000000e-02	5.00000000000000e-02
20	74	38	56	3.30464000000000e-02	5.00000000000000e-02
21	75	39	57	3.34864000000000e-02	5.00000000000000e-02
22	76	40	58	3.38013000000000e-02	5.00000000000000e-02
23	77	41	59	3.34716000000000e-02	5.00000000000000e-02
24	78	42	60	3.37833000000000e-02	5.00000000000000e-02
25	79	43	61	3.36886000000000e-02	5.00000000000000e-02
26	80	44	62	3.40578000000000e-02	5.00000000000000e-02
27	81	45	63	3.42500000000000e-02	5.00000000000000e-02
28	82	46	64	3.43656000000000e-02	5.00000000000000e-02
29	83	47	65	3.42554000000000e-02	5.00000000000000e-02
30	84	48	66	3.45523000000000e-02	5.00000000000000e-02
31	85	49	67	3.45669000000000e-02	5.00000000000000e-02
32	86	50	68	3.46840000000000e-02	5.00000000000000e-02
33	87	51	69	3.43414000000000e-02	5.00000000000000e-02
34	88	52	70	3.46404000000000e-02	5.00000000000000e-02
35	89	53	71	3.46659000000000e-02	5.00000000000000e-02
36	90	54	72	3.49847000000000e-02	5.00000000000000e-02
37	91	55	73	3.42056000000000e-02	5.00000000000000e-02
38	92	56	74	3.43632000000000e-02	5.00000000000000e-02
39	93	57	75	3.39251000000000e-02	5.00000000000000e-02
40	94	58	76	3.39864000000000e-02	5.00000000000000e-02
41	95	59	77	3.41621000000000e-02	5.00000000000000e-02
42	96	60	78	3.40219000000000e-02	5.00000000000000e-02
43	97	61	79	3.36824000000000e-02	5.00000000000000e-02
44	98	62	80	3.41875000000000e-02	5.00000000000000e-02
45	99	63	81	3.46540000000000e-02	5.00000000000000e-02
46	100	64	82	3.42399000000000e-02	5.00000000000000e-02
1	58	20	39	2.99432000000000e-02	5.00000000000000e-02
2	59	21	40	2.96103000000000e-02	5.00000000000000e-02
3	60	22	41	2.93468000000000e-02	5.00000000000000e-02
4	61	23	42	2.87689000000000e-02	5.00000000000000e-02
5	62	24	43	2.86332000000000e-02	5.00000000000000e-02
6	63	25	44	2.85777000000000e-02	5.00000000000000e-02
7	64	26	45	2.89816000000000e-02	5.00000000000000e-02
8	65	27	46	2.85881000000000e-02	5.00000000000000e-02
9	66	28	47	2.86606000000000e-02	5.00000000000000e-02
10	67	29	48	2.89455000000000e-02	5.00000000000000e-02
11	68	30	49	2.88728000000000e-02	5.00000000000000e-02
12	69	31	50	2.93833000000000e-02	5.00000000000000e-02
13	70	32	51	2.97510000000000e-02	5.00000000000000e-02
14	71	33	52	3.03539000000000e-02	5.00000000000000e-02
15	72	34	53	3.06633000000000e-02	5.00000000000000e-02
16	73	35	54	3.11066000000000e-02	5.00000000000000e-02
17	74	36	55	3.22459000000000e-02	5.00000000000000e-02
18	75	37	56	3.17002000000000e-02	5.00000000000000e-02
19	76	38	57	3.24710000000000e-02	5.00000000000000e-02
20	77	39	58	3.23571000000000e-02	5.00000000000000e-02
21	78	40	59	3.26528000000000e-02	5.00000000000000e-02
22	79	41	60	3.24984000000000e-02	5.00000000000000e-02
23	80	42	61	3.28302000000000e-02	5.00000000000000e-02
24	81	43	62	3.32114000000000e-02	5.00000000000000e-02
25	82	44	63	3.31076000000000e-02	5.00000000000000e-02
26	83	45	64	3.32428000000000e-02	5.00000000000000e-02
27	84	46	65	3.38714000000000e-02	5.00000000000000e-02
28	85	47	66	3.32978000000000e-02	5.00000000000000e-02
29	86	48	67	3.34391000000000e-02	5.00000000000000e-02
30	87	49	68	3.39580000000000e-02	5.00000000000000e-02
31	88	50	69	3.37156000000000e-02	5.00000000000000e-02
32	89	51	70	3.44419000000000e-02	5.00000000000000e-02
33	90	52	71	3.32661000000000e-02	5.00000000000000e-02
34	91	53	72	3.34671000000000e-02	5.00000000000000e-02
35	92	54	73	3.36497000000000e-02	5.00000000000000e-02
36	93	55	74	3.37365000000000e-02	5.00000000000000e-02
37	94	56	75	3.35328000000000e-02	5.00000000000000e-02
38	95	57	76	3.29350000000000e-02	5.00000000000000e-02
39	96	58	77	3.27380000000000e-02	5.00000000000000e-02
40	97	59	78	3.25281000000000e-02	5.00000000000000e-02
41	98	60	79	3.32580000000000e-02	5.00000000000000e-02
42	99	61	80	3.31767000000000e-02	5.00000000000000e-02
43	100	62	81	3.30996000000000e-02	5.00000000000000e-02
1	61	21	41	2.88174000000000e-02	5.00000000000000e-02
2	62	22	42	2.86650000000000e-02	5.00000000000000e-02
3	63	23	43	2.84007000000000e-02	5.00000000000000e-02
4	64	24	44	2.80098000000000e-02	5.00000000000000e-02
5	65	25	45	2.81982000000000e-02	5.00000000000000e-02
6	66	26	46	2.82280000000000e-02	5.00000000000000e-02
7	67	27	47	2.82996000000000e-02	5.00000000000000e-02
8	68	28	48	2.81556000000000e-02	5.00000000000000e-02
9	69	29	49	2.81136000000000e-02	5.00000000000000e-02
10	70	30	50	2.86837000000000e-02	5.00000000000000e-02
11	71	31	51	2.85895000000000e-02	5.00000000000000e-02
12	72	32	52	2.91357000000000e-02	5.00000000000000e-02
13	73	33	53	2.95290000000000e-02	5.00000000000000e-02
14	74	34	54	2.95230000000000e-02	5.00000000000000e-02
15	75	35	55	3.01414000000000e-02	5.00000000000000e-02
16	76	36	56	3.05978000000000e-02	5.00000000000000e-02
17	77	37	57	3.07153000000000e-02	5.00000000000000e-02
18	78	38	58	3.10922000000000e-02	5.00000000000000e-02
19	79	39	59	3.14980000000000e-02	5.00000000000000e-02
20	80	40	60	3.15733000000000e-02	5.00000000000000e-02
21	81	41	61	3.18697000000000e-02	5.00000000000000e-02
22	82	42	62	3.22368000000000e-02	5.00000000000000e-02
23	83	43	63	3.22086000000000e-02	5.00000000000000e-02
24	84	44	64	3.25858000000000e-02	5.00000000000000e-02
25	85	45	65	3.24768000000000e-02	5.00000000000000e-02
26	86	46	66	3.27936000000000e-02	5.00000000000000e-02
27	87	47	67	3.30623000000000e-02	5.00000000000000e-02
28	88	48	68	3.25951000000000e-02	5.00000000000000e-02
29	89	49	69	3.31568000000000e-02	5.00000000000000e-02
30	90	50	70	3.34946000000000e-02	5.00000000000000e-02
31	91	51	71	3.27554000000000e-02	5.00000000000000e-02
32	92	52	72	3.26488000000000e-02	5.00000000000000e-02
33	93	53	73	3.28872000000000e-02	5.00000000000000e-02
34	94	54	74	3.28886000000000e-02	5.00000000000000e-02
35	95	55	75	3.26434000000000e-02	5.00000000000000e-02
36	96	56	76	3.24704000000000e-02	5.00000000000000e-02
37	97	57	77	3.19263000000000e-02	5.00000000000000e-02
38	98	58	78	3.19729000000000e-02	5.00000000000000e-02
39	99	59	79	3.19916000000000e-02	5.00000000000000e-02
40	100	60	80	3.19524000000000e-02	5.00000000000000e-02
1	64	22	43	2.77916000000000e-02	5.00000000000000e-02
2	65	23	44	2.78346000000000e-02	5.00000000000000e-02
3	66	24	45	2.76199000000000e-02	5.00000000000000e-02
4	67	25	46	2.73502000000000e-02	5.00000000000000e-02
5	68	26	47	2.78673000000000e-02	5.00000000000000e-02
6	69	27	48	2.76350000000000e-02	5.00000000000000e-02
7	70	28	49	2.76384000000000e-02	5.00000000000000e-02
8	71	29	50	2.79371000000000e-02	5.00000000000000e-02
9	72	30	51	2.81402000000000e-02	5.00000000000000e-02
10	73	31	52	2.83645000000000e-02	5.00000000000000e-02
11	74	32	53	2.80236000000000e-02	5.00000000000000e-02
12	75	33	54	2.86646000000000e-02	5.00000000000000e-02
13	76	34	55	2.87808000000000e-02	5.00000000000000e-02
14	77	35	56	2.93314000000000e-02	5.00000000000000e-02
15	78	36	57	2.99321000000000e-02	5.00000000000000e-02
16	79	37	58	3.00986000000000e-02	5.00000000000000e-02
17	80	38	59	3.02534000000000e-02	5.00000000000000e-02
18	81	39	60	3.05536000000000e-02	5.00000000000000e-02
19	82	40	61	3.09518000000000e-02	5.00000000000000e-02
20	83	41	62	3.07858000000000e-02	5.00000000000000e-02
21	84	42	63	3.14134000000000e-02	5.00000000000000e-02
22	85	43	64	3.16356000000000e-02	5.00000000000000e-02
23	86	44	65	3.17364000000000e-02	5.00000000000000e-02
24	87	45	66	3.20189000000000e-02	5.00000000000000e-02
25	88	46	67	3.16604000000000e-02	5.00000000000000e-02
26	89	47	68	3.21621000000000e-02	5.00000000000000e-02
27	90	48	69	3.21984000000000e-02	5.00000000000000e-02
28	91	49	70	3.20840000000000e-02	5.00000000000000e-02
29	92	50	71	3.21589000000000e-02	5.00000000000000e-02
30	93	51	72	3.25640000000000e-02	5.00000000000000e-02
31	94	52	73	3.22507000000000e-02	5.00000000000000e-02
32	95	53	74	3.20212000000000e-02	5.00000000000000e-02
33	96	54	75	3.17241000000000e-02	5.00000000000000e-02
34	97	55	76	3.12850000000000e-02	5.00000000000000e-02
35	98	56	77	3.14037000000000e-02	5.00000000000000e-02
36	99	57	78	3.13032000000000e-02	5.00000000000000e-02
37	100	58	79	3.14765000000000e-02	5.00000000000000e-02
1	67	23	45	2.71066000000000e-02	5.00000000000000e-02
2	68	24	46	2.70736000000000e-02	5.00000000000000e-02
3	69	25	47	2.61208000000000e-02	5.00000000000000e-02
4	70	26	48	2.76332000000000e-02	5.00000000000000e-02
5	71	27	49	2.72430000000000e-02	5.00000000000000e-02
6	72	28	50	2.69427000000000e-02	5.00000000000000e-02
7	73	29	51	2.75546000000000e-02	5.00000000000000e-02
8	74	30	52	2.72984000000000e-02	5.00000000000000e-02
9	75	31	53	2.73847000000000e-02	5.00000000000000e-02
10	76	32	54	2.76531000000000e-02	5.00000000000000e-02
11	77	33	55	2.79009000000000e-02	5.00000000000000e-02
12	78	34	56	2.80682000000000e-02	5.00000000000000e-02
13	79	35	57	2.84991000000000e-02	5.00000000000000e-02
14	80	36	58	2.91830000000000e-02	5.00000000000000e-02
15	81	37	59	2.93322000000000e-02	5.00000000000000e-02
16	82	38	60	2.92438000000000e-02	5.00000000000000e-02
17	83	39	61	2.97917000000000e-02	5.00000000000000e-02
18	84	40	62	3.03486000000000e-02	5.00000000000000e-02
19	85	41	63	3.00920000000000e-02	5.00000000000000e-02
20	86	42	64	3.04571000000000e-02	5.00000000000000e-02
21	87	43	65	3.08261000000000e-02	5.00000000000000e-02
22	88	44	66	3.08190000000000e-02	5.00000000000000e-02
23	89	45	67	3.09968000000000e-02	5.00000000000000e-02
24	90	46	68	3.12733000000000e-02	5.00000000000000e-02
25	91	47	69	3.11290000000000e-02	5.00000000000000e-02
26	92	48	70	3.14785000000000e-02	5.00000000000000e-02
27	93	49	71	4.34465000000000e-02	5.00000000000000e-02
28	94	50	72	3.13963000000000e-02	5.00000000000000e-02
29	95	51	73	3.15148000000000e-02	5.00000000000000e-02
30	96	52	74	3.12279000000000e-02	5.00000000000000e-02
31	97	53	75	3.13012000000000e-02	5.00000000000000e-02
32	98	54	76	3.12253000000000e-02	5.00000000000000e-02
33	99	55	77	3.08521000000000e-02	5.00000000000000e-02
34	100	56	78	3.05487000000000e-02	5.00000000000000e-02
1	70	24	47	2.62520000000000e-02	5.00000000000000e-02
2	71	25	48	2.66060000000000e-02	5.00000000000000e-02
3	72	26	49	2.68566000000000e-02	5.00000000000000e-02
4	73	27	50	2.66936000000000e-02	5.00000000000000e-02
5	74	28	51	2.65796000000000e-02	5.00000000000000e-02
6	75	29	52	2.69488000000000e-02	5.00000000000000e-02
7	76	30	53	2.66459000000000e-02	5.00000000000000e-02
8	77	31	54	2.66794000000000e-02	5.00000000000000e-02
9	78	32	55	2.70447000000000e-02	5.00000000000000e-02
10	79	33	56	2.77523000000000e-02	5.00000000000000e-02
11	80	34	57	2.77569000000000e-02	5.00000000000000e-02
12	81	35	58	2.79902000000000e-02	5.00000000000000e-02
13	82	36	59	2.82099000000000e-02	5.00000000000000e-02
14	83	37	60	2.85062000000000e-02	5.00000000000000e-02
15	84	38	61	2.89807000000000e-02	5.00000000000000e-02
16	85	39	62	2.89772000000000e-02	5.00000000000000e-02
17	86	40	63	2.94926000000000e-02	5.00000000000000e-02
18	87	41	64	2.94910000000000e-02	5.00000000000000e-02
19	88	42	65	2.97739000000000e-02	5.00000000000000e-02
20	89	43	66	2.98404000000000e-02	5.00000000000000e-02
21	90	44	67	2.98699000000000e-02	5.00000000000000e-02
22	91	45	68	2.99661000000000e-02	5.00000000000000e-02
23	92	46	69	3.04083000000000e-02	5.00000000000000e-02
24	93	47	70	3.11257000000000e-02	5.00000000000000e-02
25	94	48	71	3.06036000000000e-02	5.00000000000000e-02
26	95	49	72	3.08209000000000e-02	5.00000000000000e-02
27	96	50	73	3.05491000000000e-02	5.00000000000000e-02
28	97	51	74	3.03232000000000e-02	5.00000000000000e-02
29	98	52	75	3.02894000000000e-02	5.00000000000000e-02
30	99	53	76	3.07854000000000e-02	5.00000000000000e-02
31	100	54	77	3.06169000000000e-02	5.00000000000000e-02
1	73	25	49	2.58987000000000e-02	5.00000000000000e-02
2	74	26	50	2.64051000000000e-02	5.00000000000000e-02
3	75	27	51	2.60063000000000e-02	5.00000000000000e-02
4	76	28	52	2.62981000000000e-02	5.00000000000000e-02
5	77	29	53	2.64931000000000e-02	5.00000000000000e-02
6	78	30	54	2.62754000000000e-02	5.00000000000000e-02
7	79	31	55	2.67455000000000e-02	5.00000000000000e-02
8	80	32	56	2.69963000000000e-02	5.00000000000000e-02
9	81	33	57	2.73564000000000e-02	5.00000000000000e-02
10	82	34	58	2.73307000000000e-02	5.00000000000000e-02
11	83	35	59	2.74768000000000e-02	5.00000000000000e-02
12	84	36	60	2.76887000000000e-02	5.00000000000000e-02
13	85	37	61	2.75789000000000e-02	5.00000000000000e-02
14	86	38	62	2.81680000000000e-02	5.00000000000000e-02
15	87	39	63	2.85008000000000e-02	5.00000000000000e-02
16	88	40	64	2.85946000000000e-02	5.00000000000000e-02
17	89	41	65	2.85656000000000e-02	5.00000000000000e-02
18	90	42	66	2.88644000000000e-02	5.00000000000000e-02
19	91	43	67	2.89259000000000e-02	5.00000000000000e-02
20	92	44	68	2.90315000000000e-02	5.00000000000000e-02
21	93	45	69	2.94548000000000e-02	5.00000000000000e-02
22	94	46	70	2.98946000000000e-02	5.00000000000000e-02
23	95	47	71	2.97343000000000e-02	5.00000000000000e-02
24	96	48	72	3.00601000000000e-02	5.00000000000000e-02
25	97	49	73	2.96952000000000e-02	5.00000000000000e-02
26	98	50	74	3.00789000000000e-02	5.00000000000000e-02
27	99	51	75	3.03624000000000e-02	5.00000000000000e-02
28	100	52	76	2.97083000000000e-02	5.00000000000000e-02
1	76	26	51	2.57252000000000e-02	5.00000000000000e-02
2	77	27	52	2.58135000000000e-02	5.00000000000000e-02
3	78	28	53	2.58034000000000e-02	5.00000000000000e-02
4	79	29	54	2.57853000000000e-02	5.00000000000000e-02
5	80	30	55	2.61689000000000e-02	5.00000000000000e-02
6	81	31	56	2.65410000000000e-02	5.00000000000000e-02
7	82	32	57	2.67114000000000e-02	5.00000000000000e-02
8	83	33	58	2.66540000000000e-02	5.00000000000000e-02
9	84	34	59	2.67520000000000e-02	5.00000000000000e-02
10	85	35	60	2.68254000000000e-02	5.00000000000000e-02
11	86	36	61	2.67399000000000e-02	5.00000000000000e-02
12	87	37	62	2.74324000000000e-02	5.00000000000000e-02
13	88	38	63	2.74460000000000e-02	5.00000000000000e-02
14	89	39	64	2.77782000000000e-02	5.00000000000000e-02
15	90	40	65	2.81113000000000e-02	5.00000000000000e-02
16	91	41	66	2.81052000000000e-02	5.00000000000000e-02
17	92	42	67	2.80571000000000e-02	5.00000000000000e-02
18	93	43	68	2.84395000000000e-02	5.00000000000000e-02
19	94	44	69	2.84167000000000e-02	5.00000000000000e-02
20	95	45	70	2.87730000000000e-02	5.00000000000000e-02
21	96	46	71	2.90798000000000e-02	5.00000000000000e-02
22	97	47	72	2.91101000000000e-02	5.00000000000000e-02
23	98	48	73	2.94071000000000e-02	5.00000000000000e-02
24	99	49	74	2.98586000000000e-02	5.00000000000000e-02
25	100	50	75	2.94948000000000e-02	5.00000000000000e-02
1	79	27	53	2.51788000000000e-02	5.00000000000000e-02
2	80	28	54	2.53922000000000e-02	5.00000000000000e-02
3	81	29	55	2.56445000000000e-02	5.00000000000000e-02
4	82	30	56	2.61551000000000e-02	5.00000000000000e-02
5	83	31	57	2.57025000000000e-02	5.00000000000000e-02
6	84	32	58	2.61588000000000e-02	5.00000000000000e-02
7	85	33	59	2.63360000000000e-02	5.00000000000000e-02
8	86	34	60	2.63801000000000e-02	5.00000000000000e-02
9	87	35	61	2.65753000000000e-02	5.00000000000000e-02
10	88	36	62	2.66075000000000e-02	5.00000000000000e-02
11	89	37	63	2.67294000000000e-02	5.00000000000000e-02
12	90	38	64	2.68453000000000e-02	5.00000000000000e-02
13	91	39	65	2.67766000000000e-02	5.00000000000000e-02
14	92	40	66	2.69804000000000e-02	5.00000000000000e-02
15	93	41	67	2.72495000000000e-02	5.00000000000000e-02
16	94	42	68	2.74263000000000e-02	5.00000000000000e-02
17	95	43	69	2.75311000000000e-02	5.00000000000000e-02
18	96	44	70	2.81869000000000e-02	5.00000000000000e-02
19	97	45	71	2.80251000000000e-02	5.00000000000000e-02
20	98	46	72	2.82785000000000e-02	5.00000000000000e-02
21	99	47	73	2.88317000000000e-02	5.00000000000000e-02
22	100	48	74	2.85967000000000e-02	5.00000000000000e-02
1	82	28	55	2.55632000000000e-02	5.00000000000000e-02
2	83	29	56	2.53876000000000e-02	5.00000000000000e-02
3	84	30	57	2.58043000000000e-02	5.00000000000000e-02
4	85	31	58	2.56216000000000e-02	5.00000000000000e-02
5	86	32	59	2.56803000000000e-02	5.00000000000000e-02
6	87	33	60	2.59187000000000e-02	5.00000000000000e-02
7	88	34	61	2.59237000000000e-02	5.00000000000000e-02
8	89	35	62	2.55956000000000e-02	5.00000000000000e-02
9	90	36	63	2.59938000000000e-02	5.00000000000000e-02
10	91	37	64	2.60086000000000e-02	5.00000000000000e-02
11	92	38	65	2.63173000000000e-02	5.00000000000000e-02
12	93	39	66	2.62405000000000e-02	5.00000000000000e-02
13	94	40	67	2.61680000000000e-02	5.00000000000000e-02
14	95	41	68	2.65840000000000e-02	5.00000000000000e-02
15	96	42	69	2.65852000000000e-02	5.00000000000000e-02
16	97	43	70	2.71240000000000e-02	5.00000000000000e-02
17	98	44	71	2.73255000000000e-02	5.00000000000000e-02
18	99	45	72	2.77607000000000e-02	5.00000000000000e-02
19	100	46	73	2.79008000000000e-02	5.00000000000000e-02
1	85	29	57	2.50943000000000e-02	5.00000000000000e-02
2	86	30	58	2.52293000000000e-02	5.00000000000000e-02
3	87	31	59	2.55361000000000e-02	5.00000000000000e-02
4	88	32	60	2.52737000000000e-02	5.00000000000000e-02
5	89	33	61	2.55851000000000e-02	5.00000000000000e-02
6	90	34	62	2.54550000000000e-02	5.00000000000000e-02
7	91	35	63	2.55573000000000e-02	5.00000000000000e-02
8	92	36	64	2.52465000000000e-02	5.00000000000000e-02
9	93	37	65	2.54481000000000e-02	5.00000000000000e-02
10	94	38	66	2.54809000000000e-02	5.00000000000000e-02
11	95	39	67	2.54100000000000e-02	5.00000000000000e-02
12	96	40	68	2.59846000000000e-02	5.00000000000000e-02
13	97	41	69	2.60861000000000e-02	5.00000000000000e-02
14	98	42	70	2.65513000000000e-02	5.00000000000000e-02
15	99	43	71	2.66545000000000e-02	5.00000000000000e-02
16	100	44	72	2.67736000000000e-02	5.00000000000000e-02
1	88	30	59	2.49666000000000e-02	5.00000000000000e-02
2	89	31	60	2.51638000000000e-02	5.00000000000000e-02
3	90	32	61	2.46976000000000e-02	5.00000000000000e-02
4	91	33	62	2.47462000000000e-02	5.00000000000000e-02
5	92	34	63	2.51474000000000e-02	5.00000000000000e-02
6	93	35	64	2.52186000000000e-02	5.00000000000000e-02
7	94	36	65	2.49741000000000e-02	5.00000000000000e-02
8	95	37	66	2.48616000000000e-02	5.00000000000000e-02
9	96	38	67	2.49032000000000e-02	5.00000000000000e-02
10	97	39	68	2.50382000000000e-02	5.00000000000000e-02
11	98	40	69	2.52975000000000e-02	5.00000000000000e-02
12	99	41	70	2.60192000000000e-02	5.00000000000000e-02
13	100	42	71	2.60442000000000e-02	5.00000000000000e-02
1	91	31	61	2.38859000000000e-02	5.00000000000000e-02
2	92	32	62	2.45029000000000e-02	5.00000000000000e-02
3	93	33	63	2.46216000000000e-02	5.00000000000000e-02
4	94	34	64	2.46946000000000e-02	5.00000000000000e-02
5	95	35	65	2.47199000000000e-02	5.00000000000000e-02
6	96	36	66	2.41109000000000e-02	5.00000000000000e-02
7	97	37	67	2.41441000000000e-02	5.00000000000000e-02
8	98	38	68	2.47456000000000e-02	5.00000000000000e-02
9	99	39	69	2.48962000000000e-02	5.00000000000000e-02
10	100	40	70	2.52957000000000e-02	5.00000000000000e-02
1	94	32	63	2.41068000000000e-02	5.00000000000000e-02
2	95	33	64	2.42538000000000e-02	5.00000000000000e-02
3	96	34	65	2.43210000000000e-02	5.00000000000000e-02
4	97	35	66	2.38433000000000e-02	5.00000000000000e-02
5	98	36	67	2.39567000000000e-02	5.00000000000000e-02
6	99	37	68	2.40070000000000e-02	5.00000000000000e-02
7	100	38	69	2.45560000000000e-02	5.00000000000000e-02
1	97	33	65	2.36901000000000e-02	5.00000000000000e-02
2	98	34	66	2.39113000000000e-02	5.00000000000000e-02
3	99	35	67	2.40638000000000e-02	5.00000000000000e-02
4	100	36	68	2.34628000000000e-02	5.00000000000000e-02
1	100	34	67	2.32870000000000e-02	5.00000000000000e-02
0
