92
# x y z
0	0	0
0.5	0	0
1	0	0
1.5	0	0
2	0	0
2.5	0	0
3	0	0
3.5	0	0
4	0	0
4.5	0	0
5	0	0
5.5	0	0
6	0	0
6.5	0	0
7	0	0
7.5	0	0
8	0	0
8.5	0	0
9	0	0
9.5	0	0
10	0	0
10.5	0	0
11	0	0
11.5	0	0
12	0	0
12.5	0	0
13	0	0
13.5	0	0
14	0	0
14.5	0	0
15	0	0
15.5	0	0
16	0	0
16.5	0	0
17	0	0
17.5	0	0
18	0	0
18.5	0	0
19	0	0
19.5	0	0
20	0	0
20.5	0	0
21	0	0
21.5	0	0
22	0	0
22.5	0	0
23	0	0
23.5	0	0
24	0	0
24.5	0	0
25	0	0
25.5	0	0
26	0	0
26.5	0	0
27	0	0
27.5	0	0
28	0	0
28.5	0	0
29	0	0
29.5	0	0
30	0	0
30.5	0	0
31	0	0
31.5	0	0
32	0	0
32.5	0	0
33	0	0
33.5	0	0
34	0	0
34.5	0	0
35	0	0
35.5	0	0
36	0	0
36.5	0	0
37	0	0
37.5	0	0
38	0	0
38.5	0	0
39	0	0
39.5	0	0
40	0	0
40.5	0	0
41	0	0
41.5	0	0
42	0	0
42.5	0	0
43	0	0
43.5	0	0
44	0	0
44.5	0	0
45	0	0
45.5	0	0
1300
# a b m n u i
1	4	2	3	5.23250000000000e-03	1.00000000000000e-03
2	5	3	4	5.58560000000000e-03	1.00000000000000e-03
3	6	4	5	5.54700000000000e-03	1.00000000000000e-03
4	7	5	6	6.75230000000000e-03	1.00000000000000e-03
5	8	6	7	5.55590000000000e-03	1.00000000000000e-03
6	9	7	8	4.46250000000000e-03	1.00000000000000e-03
7	10	8	9	5.45370000000000e-03	1.00000000000000e-03
8	11	9	10	4.61930000000000e-03	1.00000000000000e-03
9	12	10	11	5.44320000000000e-03	1.00000000000000e-03
10	13	11	12	4.79250000000000e-03	1.00000000000000e-03
11	14	12	13	5.27410000000000e-03	1.00000000000000e-03
12	15	13	14	5.34680000000000e-03	1.00000000000000e-03
13	16	14	15	4.47080000000000e-03	1.00000000000000e-03
14	17	15	16	4.86440000000000e-03	1.00000000000000e-03
15	18	16	17	4.30500000000000e-03	1.00000000000000e-03
16	19	17	18	4.18870000000000e-03	1.00000000000000e-03
17	20	18	19	4.48320000000000e-03	1.00000000000000e-03
18	21	19	20	5.99740000000000e-03	1.00000000000000e-03
19	22	20	21	3.77130000000000e-03	1.00000000000000e-03
20	23	21	22	4.48020000000000e-03	1.00000000000000e-03
21	24	22	23	3.88790000000000e-03	1.00000000000000e-03
22	25	23	24	3.70120000000000e-03	1.00000000000000e-03
23	26	24	25	3.62530000000000e-03	1.00000000000000e-03
24	27	25	26	3.56620000000000e-03	1.00000000000000e-03
25	28	26	27	3.71890000000000e-03	1.00000000000000e-03
27	30	28	29	4.42150000000000e-03	1.00000000000000e-03
28	31	29	30	3.78830000000000e-03	1.00000000000000e-03
29	32	30	31	4.19970000000000e-03	1.00000000000000e-03
32	35	33	34	4.02440000000000e-03	1.00000000000000e-03
33	36	34	35	5.15240000000000e-03	1.00000000000000e-03
34	37	35	36	3.67570000000000e-03	1.00000000000000e-03
35	38	36	37	3.54230000000000e-03	1.00000000000000e-03
36	39	37	38	4.29310000000000e-03	1.00000000000000e-03
37	40	38	39	3.80970000000000e-03	1.00000000000000e-03
38	41	39	40	4.44720000000000e-03	1.00000000000000e-03
39	42	40	41	5.91130000000000e-03	1.00000000000000e-03
40	43	41	42	4.88030000000000e-03	1.00000000000000e-03
41	44	42	43	4.71260000000000e-03	1.00000000000000e-03
42	45	43	44	4.81430000000000e-03	1.00000000000000e-03
43	46	44	45	5.44260000000000e-03	1.00000000000000e-03
44	47	45	46	5.16140000000000e-03	1.00000000000000e-03
45	48	46	47	5.95600000000000e-03	1.00000000000000e-03
46	49	47	48	6.06510000000000e-03	1.00000000000000e-03
47	50	48	49	4.80480000000000e-03	1.00000000000000e-03
48	51	49	50	4.24230000000000e-03	1.00000000000000e-03
49	52	50	51	5.20530000000000e-03	1.00000000000000e-03
50	53	51	52	4.82960000000000e-03	1.00000000000000e-03
51	54	52	53	5.03050000000000e-03	1.00000000000000e-03
52	55	53	54	5.67940000000000e-03	1.00000000000000e-03
53	56	54	55	4.79250000000000e-03	1.00000000000000e-03
54	57	55	56	6.80770000000000e-03	1.00000000000000e-03
56	59	57	58	4.81857000000000e-02	1.00000000000000e-02
57	60	58	59	4.93297000000000e-02	1.00000000000000e-02
58	61	59	60	4.92521000000000e-02	1.00000000000000e-02
59	62	60	61	5.29247000000000e-02	1.00000000000000e-02
61	64	62	63	5.47145000000000e-02	1.00000000000000e-02
62	65	63	64	5.37018000000000e-02	1.00000000000000e-02
63	66	64	65	6.44593000000000e-02	1.00000000000000e-02
64	67	65	66	7.63552000000000e-02	1.00000000000000e-02
65	68	66	67	9.67450000000000e-02	1.00000000000000e-02
66	69	67	68	1.08143200000000e-01	1.00000000000000e-02
67	70	68	69	9.93075000000000e-02	1.00000000000000e-02
68	71	69	70	1.07147300000000e-01	1.00000000000000e-02
69	72	70	71	7.84106000000000e-02	1.00000000000000e-02
70	73	71	72	8.65868000000000e-02	1.00000000000000e-02
71	74	72	73	8.23011000000000e-02	1.00000000000000e-02
72	75	73	74	8.30270000000000e-02	1.00000000000000e-02
73	76	74	75	8.89509000000000e-02	1.00000000000000e-02
74	77	75	76	8.09440000000000e-02	1.00000000000000e-02
75	78	76	77	9.01100000000000e-02	1.00000000000000e-02
76	79	77	78	7.90235000000000e-02	1.00000000000000e-02
77	80	78	79	1.01730600000000e-01	1.00000000000000e-02
78	81	79	80	9.42098000000000e-02	1.00000000000000e-02
79	82	80	81	1.14223000000000e-01	1.00000000000000e-02
80	83	81	82	8.51852000000000e-02	1.00000000000000e-02
81	84	82	83	1.12265000000000e-01	1.00000000000000e-02
82	85	83	84	1.12432000000000e-01	1.00000000000000e-02
83	86	84	85	9.41353000000000e-02	1.00000000000000e-02
84	87	85	86	1.93211300000000e-01	1.00000000000000e-02
85	88	86	87	1.50329900000000e-01	1.00000000000000e-02
86	89	87	88	2.36241100000000e-01	1.00000000000000e-02
87	90	88	89	2.85655000000000e-01	1.00000000000000e-02
88	91	89	90	1.91042700000000e-01	1.00000000000000e-02
89	92	90	91	2.11087200000000e-01	1.00000000000000e-02
1	7	3	5	2.55249000000000e-02	1.00000000000000e-02
2	8	4	6	2.57473000000000e-02	1.00000000000000e-02
3	9	5	7	2.49799000000000e-02	1.00000000000000e-02
4	10	6	8	2.42247000000000e-02	1.00000000000000e-02
5	11	7	9	2.36781000000000e-02	1.00000000000000e-02
6	12	8	10	2.24071000000000e-02	1.00000000000000e-02
7	13	9	11	2.24243000000000e-02	1.00000000000000e-02
8	14	10	12	2.30280000000000e-02	1.00000000000000e-02
9	15	11	13	2.25903000000000e-02	1.00000000000000e-02
10	16	12	14	2.23070000000000e-02	1.00000000000000e-02
11	17	13	15	2.27514000000000e-02	1.00000000000000e-02
12	18	14	16	2.25727000000000e-02	1.00000000000000e-02
13	19	15	17	2.13358000000000e-02	1.00000000000000e-02
14	20	16	18	2.10380000000000e-02	1.00000000000000e-02
15	21	17	19	2.32764000000000e-02	1.00000000000000e-02
16	22	18	20	2.36234000000000e-02	1.00000000000000e-02
17	23	19	21	2.14364000000000e-02	1.00000000000000e-02
18	24	20	22	2.02265000000000e-02	1.00000000000000e-02
19	25	21	23	2.12714000000000e-02	1.00000000000000e-02
20	26	22	24	2.19393000000000e-02	1.00000000000000e-02
21	27	23	25	2.06963000000000e-02	1.00000000000000e-02
22	28	24	26	1.99509000000000e-02	1.00000000000000e-02
23	29	25	27	1.93860000000000e-02	1.00000000000000e-02
24	30	26	28	1.91063000000000e-02	1.00000000000000e-02
25	31	27	29	1.90671000000000e-02	1.00000000000000e-02
26	32	28	30	1.92239000000000e-02	1.00000000000000e-02
27	33	29	31	1.89621000000000e-02	1.00000000000000e-02
28	34	30	32	1.88684000000000e-02	1.00000000000000e-02
29	35	31	33	1.85766000000000e-02	1.00000000000000e-02
30	36	32	34	1.94473000000000e-02	1.00000000000000e-02
31	37	33	35	1.96306000000000e-02	1.00000000000000e-02
32	38	34	36	1.88101000000000e-02	1.00000000000000e-02
33	39	35	37	1.99131000000000e-02	1.00000000000000e-02
34	40	36	38	2.21770000000000e-02	1.00000000000000e-02
35	41	37	39	2.12563000000000e-02	1.00000000000000e-02
36	42	38	40	2.12021000000000e-02	1.00000000000000e-02
37	43	39	41	2.21421000000000e-02	1.00000000000000e-02
38	44	40	42	2.27581000000000e-02	1.00000000000000e-02
39	45	41	43	2.23543000000000e-02	1.00000000000000e-02
40	46	42	44	2.24069000000000e-02	1.00000000000000e-02
41	47	43	45	2.27417000000000e-02	1.00000000000000e-02
42	48	44	46	2.25573000000000e-02	1.00000000000000e-02
43	49	45	47	2.33065000000000e-02	1.00000000000000e-02
44	50	46	48	2.26411000000000e-02	1.00000000000000e-02
45	51	47	49	2.08814000000000e-02	1.00000000000000e-02
46	52	48	50	2.01090000000000e-02	1.00000000000000e-02
47	53	49	51	2.14315000000000e-02	1.00000000000000e-02
48	54	50	52	2.28401000000000e-02	1.00000000000000e-02
49	55	51	53	2.11635000000000e-02	1.00000000000000e-02
50	56	52	54	1.91932000000000e-02	1.00000000000000e-02
51	57	53	55	2.08279000000000e-02	1.00000000000000e-02
52	58	54	56	2.28056000000000e-02	1.00000000000000e-02
54	60	56	58	2.09106000000000e-02	1.00000000000000e-02
55	61	57	59	2.14476000000000e-02	1.00000000000000e-02
56	62	58	60	2.31538000000000e-02	1.00000000000000e-02
57	63	59	61	2.23205000000000e-02	1.00000000000000e-02
59	65	61	63	2.30524000000000e-02	1.00000000000000e-02
60	66	62	64	2.47734000000000e-02	1.00000000000000e-02
61	67	63	65	2.52921000000000e-02	1.00000000000000e-02
62	68	64	66	2.83339000000000e-02	1.00000000000000e-02
63	69	65	67	3.61449000000000e-02	1.00000000000000e-02
64	70	66	68	3.68530000000000e-02	1.00000000000000e-02
65	71	67	69	3.40029000000000e-02	1.00000000000000e-02
66	72	68	70	3.46598000000000e-02	1.00000000000000e-02
67	73	69	71	3.85578000000000e-02	1.00000000000000e-02
68	74	70	72	3.53208000000000e-02	1.00000000000000e-02
69	75	71	73	3.34297000000000e-02	1.00000000000000e-02
70	76	72	74	2.99692000000000e-02	1.00000000000000e-02
71	77	73	75	2.86358000000000e-02	1.00000000000000e-02
72	78	74	76	2.86771000000000e-02	1.00000000000000e-02
73	79	75	77	2.92788000000000e-02	1.00000000000000e-02
74	80	76	78	2.66697000000000e-02	1.00000000000000e-02
75	81	77	79	2.70281000000000e-02	1.00000000000000e-02
76	82	78	80	2.95397000000000e-02	1.00000000000000e-02
77	83	79	81	3.01065000000000e-02	1.00000000000000e-02
78	84	80	82	2.81434000000000e-02	1.00000000000000e-02
79	85	81	83	3.09598000000000e-02	1.00000000000000e-02
80	86	82	84	3.13192000000000e-02	1.00000000000000e-02
81	87	83	85	3.28382000000000e-02	1.00000000000000e-02
82	88	84	86	3.98135000000000e-02	1.00000000000000e-02
83	89	85	87	4.34430000000000e-02	1.00000000000000e-02
84	90	86	88	5.00339000000000e-02	1.00000000000000e-02
85	91	87	89	4.65629000000000e-02	1.00000000000000e-02
86	92	88	90	3.74209000000000e-02	1.00000000000000e-02
1	10	4	7	1.77583000000000e-02	1.00000000000000e-02
2	11	5	8	1.72661000000000e-02	1.00000000000000e-02
3	12	6	9	1.66543000000000e-02	1.00000000000000e-02
4	13	7	10	1.54155000000000e-02	1.00000000000000e-02
5	14	8	11	1.60334000000000e-02	1.00000000000000e-02
6	15	9	12	1.60016000000000e-02	1.00000000000000e-02
7	16	10	13	1.66481000000000e-02	1.00000000000000e-02
8	17	11	14	1.63062000000000e-02	1.00000000000000e-02
9	18	12	15	1.61233000000000e-02	1.00000000000000e-02
10	19	13	16	1.58103000000000e-02	1.00000000000000e-02
11	20	14	17	1.54586000000000e-02	1.00000000000000e-02
12	21	15	18	1.58990000000000e-02	1.00000000000000e-02
13	22	16	19	1.59803000000000e-02	1.00000000000000e-02
14	23	17	20	1.75189000000000e-02	1.00000000000000e-02
15	24	18	21	1.63851000000000e-02	1.00000000000000e-02
16	25	19	22	1.60941000000000e-02	1.00000000000000e-02
17	26	20	23	1.51223000000000e-02	1.00000000000000e-02
18	27	21	24	1.62083000000000e-02	1.00000000000000e-02
19	28	22	25	1.56588000000000e-02	1.00000000000000e-02
20	29	23	26	1.60335000000000e-02	1.00000000000000e-02
21	30	24	27	1.50989000000000e-02	1.00000000000000e-02
22	31	25	28	1.51056000000000e-02	1.00000000000000e-02
23	32	26	29	1.51878000000000e-02	1.00000000000000e-02
24	33	27	30	1.47100000000000e-02	1.00000000000000e-02
25	34	28	31	1.47297000000000e-02	1.00000000000000e-02
26	35	29	32	1.46604000000000e-02	1.00000000000000e-02
27	36	30	33	1.48380000000000e-02	1.00000000000000e-02
28	37	31	34	1.49394000000000e-02	1.00000000000000e-02
29	38	32	35	1.46200000000000e-02	1.00000000000000e-02
30	39	33	36	1.42919000000000e-02	1.00000000000000e-02
31	40	34	37	1.53660000000000e-02	1.00000000000000e-02
32	41	35	38	1.58083000000000e-02	1.00000000000000e-02
33	42	36	39	1.60610000000000e-02	1.00000000000000e-02
34	43	37	40	1.68067000000000e-02	1.00000000000000e-02
35	44	38	41	1.63339000000000e-02	1.00000000000000e-02
36	45	39	42	1.66016000000000e-02	1.00000000000000e-02
37	46	40	43	1.64504000000000e-02	1.00000000000000e-02
38	47	41	44	1.65773000000000e-02	1.00000000000000e-02
39	48	42	45	1.66837000000000e-02	1.00000000000000e-02
40	49	43	46	1.70616000000000e-02	1.00000000000000e-02
41	50	44	47	1.66525000000000e-02	1.00000000000000e-02
42	51	45	48	1.66384000000000e-02	1.00000000000000e-02
43	52	46	49	1.58163000000000e-02	1.00000000000000e-02
44	53	47	50	1.52101000000000e-02	1.00000000000000e-02
45	54	48	51	1.52331000000000e-02	1.00000000000000e-02
46	55	49	52	1.57899000000000e-02	1.00000000000000e-02
47	56	50	53	1.56025000000000e-02	1.00000000000000e-02
48	57	51	54	1.50816000000000e-02	1.00000000000000e-02
49	58	52	55	1.46837000000000e-02	1.00000000000000e-02
50	59	53	56	1.52255000000000e-02	1.00000000000000e-02
52	61	55	58	1.60143000000000e-02	1.00000000000000e-02
53	62	56	59	1.56843000000000e-02	1.00000000000000e-02
54	63	57	60	1.53438000000000e-02	1.00000000000000e-02
55	64	58	61	1.57326000000000e-02	1.00000000000000e-02
57	66	60	63	1.70013000000000e-02	1.00000000000000e-02
58	67	61	64	1.65062000000000e-02	1.00000000000000e-02
59	68	62	65	1.70637000000000e-02	1.00000000000000e-02
60	69	63	66	1.84200000000000e-02	1.00000000000000e-02
61	70	64	67	2.07774000000000e-02	1.00000000000000e-02
62	71	65	68	2.18094000000000e-02	1.00000000000000e-02
63	72	66	69	2.16670000000000e-02	1.00000000000000e-02
64	73	67	70	2.14032000000000e-02	1.00000000000000e-02
65	74	68	71	2.06864000000000e-02	1.00000000000000e-02
66	75	69	72	2.12257000000000e-02	1.00000000000000e-02
67	76	70	73	2.12307000000000e-02	1.00000000000000e-02
68	77	71	74	2.05204000000000e-02	1.00000000000000e-02
69	78	72	75	2.01552000000000e-02	1.00000000000000e-02
70	79	73	76	2.03854000000000e-02	1.00000000000000e-02
71	80	74	77	1.98320000000000e-02	1.00000000000000e-02
72	81	75	78	1.83334000000000e-02	1.00000000000000e-02
73	82	76	79	1.85848000000000e-02	1.00000000000000e-02
74	83	77	80	1.87305000000000e-02	1.00000000000000e-02
75	84	78	81	2.02930000000000e-02	1.00000000000000e-02
76	85	79	82	2.00635000000000e-02	1.00000000000000e-02
77	86	80	83	2.02909000000000e-02	1.00000000000000e-02
78	87	81	84	2.08552000000000e-02	1.00000000000000e-02
79	88	82	85	2.11956000000000e-02	1.00000000000000e-02
80	89	83	86	2.34651000000000e-02	1.00000000000000e-02
81	90	84	87	2.49915000000000e-02	1.00000000000000e-02
82	91	85	88	2.57926000000000e-02	1.00000000000000e-02
83	92	86	89	2.35502000000000e-02	1.00000000000000e-02
1	13	5	9	1.37395000000000e-02	1.00000000000000e-02
2	14	6	10	1.31395000000000e-02	1.00000000000000e-02
3	15	7	11	1.30032000000000e-02	1.00000000000000e-02
4	16	8	12	1.30427000000000e-02	1.00000000000000e-02
5	17	9	13	1.33083000000000e-02	1.00000000000000e-02
6	18	10	14	1.37556000000000e-02	1.00000000000000e-02
7	19	11	15	1.38852000000000e-02	1.00000000000000e-02
8	20	12	16	1.34151000000000e-02	1.00000000000000e-02
9	21	13	17	1.34778000000000e-02	1.00000000000000e-02
10	22	14	18	1.31523000000000e-02	1.00000000000000e-02
11	23	15	19	1.37767000000000e-02	1.00000000000000e-02
12	24	16	20	1.40015000000000e-02	1.00000000000000e-02
13	25	17	21	1.35749000000000e-02	1.00000000000000e-02
14	26	18	22	1.38298000000000e-02	1.00000000000000e-02
15	27	19	23	1.37469000000000e-02	1.00000000000000e-02
16	28	20	24	1.32055000000000e-02	1.00000000000000e-02
17	29	21	25	1.33879000000000e-02	1.00000000000000e-02
18	30	22	26	1.32155000000000e-02	1.00000000000000e-02
19	31	23	27	1.34450000000000e-02	1.00000000000000e-02
20	32	24	28	1.34037000000000e-02	1.00000000000000e-02
21	33	25	29	1.28986000000000e-02	1.00000000000000e-02
22	34	26	30	1.30311000000000e-02	1.00000000000000e-02
23	35	27	31	1.28786000000000e-02	1.00000000000000e-02
24	36	28	32	1.31296000000000e-02	1.00000000000000e-02
25	37	29	33	1.30961000000000e-02	1.00000000000000e-02
26	38	30	34	1.28555000000000e-02	1.00000000000000e-02
27	39	31	35	1.31334000000000e-02	1.00000000000000e-02
28	40	32	36	1.27650000000000e-02	1.00000000000000e-02
29	41	33	37	1.29370000000000e-02	1.00000000000000e-02
30	42	34	38	1.35098000000000e-02	1.00000000000000e-02
31	43	35	39	1.39516000000000e-02	1.00000000000000e-02
32	44	36	40	1.42402000000000e-02	1.00000000000000e-02
33	45	37	41	1.42938000000000e-02	1.00000000000000e-02
34	46	38	42	1.42514000000000e-02	1.00000000000000e-02
35	47	39	43	1.38670000000000e-02	1.00000000000000e-02
36	48	40	44	1.41582000000000e-02	1.00000000000000e-02
37	49	41	45	1.44940000000000e-02	1.00000000000000e-02
38	50	42	46	1.42332000000000e-02	1.00000000000000e-02
39	51	43	47	1.47494000000000e-02	1.00000000000000e-02
40	52	44	48	1.42502000000000e-02	1.00000000000000e-02
41	53	45	49	1.39158000000000e-02	1.00000000000000e-02
42	54	46	50	1.35760000000000e-02	1.00000000000000e-02
43	55	47	51	1.37028000000000e-02	1.00000000000000e-02
44	56	48	52	1.36169000000000e-02	1.00000000000000e-02
45	57	49	53	1.34398000000000e-02	1.00000000000000e-02
46	58	50	54	1.31338000000000e-02	1.00000000000000e-02
47	59	51	55	1.30216000000000e-02	1.00000000000000e-02
48	60	52	56	1.34555000000000e-02	1.00000000000000e-02
50	62	54	58	1.38298000000000e-02	1.00000000000000e-02
51	63	55	59	1.39094000000000e-02	1.00000000000000e-02
52	64	56	60	1.36783000000000e-02	1.00000000000000e-02
53	65	57	61	1.38375000000000e-02	1.00000000000000e-02
55	67	59	63	6.10903000000000e-02	5.00000000000000e-02
56	68	60	64	6.88477000000000e-02	5.00000000000000e-02
57	69	61	65	6.95352000000000e-02	5.00000000000000e-02
58	70	62	66	7.11546000000000e-02	5.00000000000000e-02
59	71	63	67	7.79471000000000e-02	5.00000000000000e-02
60	72	64	68	8.14522000000000e-02	5.00000000000000e-02
61	73	65	69	8.37333000000000e-02	5.00000000000000e-02
62	74	66	70	9.04476000000000e-02	5.00000000000000e-02
63	75	67	71	8.71727000000000e-02	5.00000000000000e-02
64	76	68	72	8.28533000000000e-02	5.00000000000000e-02
65	77	69	73	8.26305000000000e-02	5.00000000000000e-02
66	78	70	74	7.99235000000000e-02	5.00000000000000e-02
67	79	71	75	8.24842000000000e-02	5.00000000000000e-02
68	80	72	76	8.28766000000000e-02	5.00000000000000e-02
69	81	73	77	8.26475000000000e-02	5.00000000000000e-02
70	82	74	78	8.31842000000000e-02	5.00000000000000e-02
71	83	75	79	8.21328000000000e-02	5.00000000000000e-02
72	84	76	80	8.20296000000000e-02	5.00000000000000e-02
73	85	77	81	8.57807000000000e-02	5.00000000000000e-02
74	86	78	82	8.48332000000000e-02	5.00000000000000e-02
75	87	79	83	9.00328000000000e-02	5.00000000000000e-02
76	88	80	84	9.16776000000000e-02	5.00000000000000e-02
77	89	81	85	8.96004000000000e-02	5.00000000000000e-02
78	90	82	86	1.02555800000000e-01	5.00000000000000e-02
79	91	83	87	9.93966000000000e-02	5.00000000000000e-02
80	92	84	88	1.01828000000000e-01	5.00000000000000e-02
1	16	6	11	5.79827000000000e-02	5.00000000000000e-02
2	17	7	12	5.81695000000000e-02	5.00000000000000e-02
3	18	8	13	5.86630000000000e-02	5.00000000000000e-02
4	19	9	14	5.84683000000000e-02	5.00000000000000e-02
5	20	10	15	5.99285000000000e-02	5.00000000000000e-02
6	21	11	16	6.05979000000000e-02	5.00000000000000e-02
7	22	12	17	5.97777000000000e-02	5.00000000000000e-02
8	23	13	18	5.98015000000000e-02	5.00000000000000e-02
9	24	14	19	5.94372000000000e-02	5.00000000000000e-02
10	25	15	20	6.09727000000000e-02	5.00000000000000e-02
11	26	16	21	5.99708000000000e-02	5.00000000000000e-02
12	27	17	22	6.17531000000000e-02	5.00000000000000e-02
13	28	18	23	6.13517000000000e-02	5.00000000000000e-02
14	29	19	24	6.14770000000000e-02	5.00000000000000e-02
15	30	20	25	5.95885000000000e-02	5.00000000000000e-02
16	31	21	26	6.08079000000000e-02	5.00000000000000e-02
17	32	22	27	5.93748000000000e-02	5.00000000000000e-02
18	33	23	28	5.90986000000000e-02	5.00000000000000e-02
19	34	24	29	5.84185000000000e-02	5.00000000000000e-02
20	35	25	30	5.92157000000000e-02	5.00000000000000e-02
21	36	26	31	5.86217000000000e-02	5.00000000000000e-02
22	37	27	32	5.90247000000000e-02	5.00000000000000e-02
23	38	28	33	5.89899000000000e-02	5.00000000000000e-02
24	39	29	34	5.95310000000000e-02	5.00000000000000e-02
25	40	30	35	5.90862000000000e-02	5.00000000000000e-02
26	41	31	36	5.83555000000000e-02	5.00000000000000e-02
27	42	32	37	5.96001000000000e-02	5.00000000000000e-02
28	43	33	38	6.19688000000000e-02	5.00000000000000e-02
29	44	34	39	6.20064000000000e-02	5.00000000000000e-02
30	45	35	40	6.33879000000000e-02	5.00000000000000e-02
31	46	36	41	6.27398000000000e-02	5.00000000000000e-02
32	47	37	42	6.45580000000000e-02	5.00000000000000e-02
33	48	38	43	6.37945000000000e-02	5.00000000000000e-02
34	49	39	44	6.45756000000000e-02	5.00000000000000e-02
35	50	40	45	6.41958000000000e-02	5.00000000000000e-02
36	51	41	46	6.38516000000000e-02	5.00000000000000e-02
37	52	42	47	6.41294000000000e-02	5.00000000000000e-02
38	53	43	48	6.52199000000000e-02	5.00000000000000e-02
39	54	44	49	6.45995000000000e-02	5.00000000000000e-02
40	55	45	50	6.33251000000000e-02	5.00000000000000e-02
41	56	46	51	6.26832000000000e-02	5.00000000000000e-02
42	57	47	52	6.28247000000000e-02	5.00000000000000e-02
43	58	48	53	6.11246000000000e-02	5.00000000000000e-02
44	59	49	54	6.09554000000000e-02	5.00000000000000e-02
45	60	50	55	6.14745000000000e-02	5.00000000000000e-02
46	61	51	56	6.21217000000000e-02	5.00000000000000e-02
48	63	53	58	6.26628000000000e-02	5.00000000000000e-02
49	64	54	59	6.36576000000000e-02	5.00000000000000e-02
50	65	55	60	6.37667000000000e-02	5.00000000000000e-02
51	66	56	61	6.36390000000000e-02	5.00000000000000e-02
53	68	58	63	6.22286000000000e-02	5.00000000000000e-02
54	69	59	64	6.15815000000000e-02	5.00000000000000e-02
55	70	60	65	6.04045000000000e-02	5.00000000000000e-02
56	71	61	66	6.13269000000000e-02	5.00000000000000e-02
57	72	62	67	6.78850000000000e-02	5.00000000000000e-02
58	73	63	68	7.02785000000000e-02	5.00000000000000e-02
59	74	64	69	7.35294000000000e-02	5.00000000000000e-02
60	75	65	70	7.88500000000000e-02	5.00000000000000e-02
61	76	66	71	8.15895000000000e-02	5.00000000000000e-02
62	77	67	72	7.74543000000000e-02	5.00000000000000e-02
63	78	68	73	7.61641000000000e-02	5.00000000000000e-02
64	79	69	74	7.52408000000000e-02	5.00000000000000e-02
65	80	70	75	7.16941000000000e-02	5.00000000000000e-02
66	81	71	76	7.10334000000000e-02	5.00000000000000e-02
67	82	72	77	7.41397000000000e-02	5.00000000000000e-02
68	83	73	78	7.42303000000000e-02	5.00000000000000e-02
69	84	74	79	7.57348000000000e-02	5.00000000000000e-02
70	85	75	80	7.88056000000000e-02	5.00000000000000e-02
71	86	76	81	7.91058000000000e-02	5.00000000000000e-02
72	87	77	82	7.92010000000000e-02	5.00000000000000e-02
73	88	78	83	8.33594000000000e-02	5.00000000000000e-02
74	89	79	84	8.47647000000000e-02	5.00000000000000e-02
75	90	80	85	8.68371000000000e-02	5.00000000000000e-02
76	91	81	86	9.21849000000000e-02	5.00000000000000e-02
77	92	82	87	9.22288000000000e-02	5.00000000000000e-02
1	19	7	13	5.32528000000000e-02	5.00000000000000e-02
2	20	8	14	5.37592000000000e-02	5.00000000000000e-02
3	21	9	15	5.45920000000000e-02	5.00000000000000e-02
4	22	10	16	5.47801000000000e-02	5.00000000000000e-02
5	23	11	17	5.46058000000000e-02	5.00000000000000e-02
6	24	12	18	5.45222000000000e-02	5.00000000000000e-02
7	25	13	19	5.57182000000000e-02	5.00000000000000e-02
8	26	14	20	5.68233000000000e-02	5.00000000000000e-02
9	27	15	21	5.51009000000000e-02	5.00000000000000e-02
10	28	16	22	5.61072000000000e-02	5.00000000000000e-02
11	29	17	23	5.69417000000000e-02	5.00000000000000e-02
12	30	18	24	5.77005000000000e-02	5.00000000000000e-02
13	31	19	25	5.69333000000000e-02	5.00000000000000e-02
14	32	20	26	5.55021000000000e-02	5.00000000000000e-02
15	33	21	27	5.63818000000000e-02	5.00000000000000e-02
16	34	22	28	5.50799000000000e-02	5.00000000000000e-02
17	35	23	29	5.47743000000000e-02	5.00000000000000e-02
18	36	24	30	5.45532000000000e-02	5.00000000000000e-02
19	37	25	31	5.43560000000000e-02	5.00000000000000e-02
20	38	26	32	5.51508000000000e-02	5.00000000000000e-02
21	39	27	33	5.51023000000000e-02	5.00000000000000e-02
22	40	28	34	5.54604000000000e-02	5.00000000000000e-02
23	41	29	35	5.52294000000000e-02	5.00000000000000e-02
24	42	30	36	4.82203000000000e-02	5.00000000000000e-02
25	43	31	37	5.65068000000000e-02	5.00000000000000e-02
26	44	32	38	5.74508000000000e-02	5.00000000000000e-02
27	45	33	39	5.81635000000000e-02	5.00000000000000e-02
28	46	34	40	5.84764000000000e-02	5.00000000000000e-02
29	47	35	41	5.91030000000000e-02	5.00000000000000e-02
30	48	36	42	6.07829000000000e-02	5.00000000000000e-02
31	49	37	43	6.06555000000000e-02	5.00000000000000e-02
32	50	38	44	6.05802000000000e-02	5.00000000000000e-02
33	51	39	45	6.03243000000000e-02	5.00000000000000e-02
34	52	40	46	6.06507000000000e-02	5.00000000000000e-02
35	53	41	47	6.00300000000000e-02	5.00000000000000e-02
36	54	42	48	6.06318000000000e-02	5.00000000000000e-02
37	55	43	49	6.07218000000000e-02	5.00000000000000e-02
38	56	44	50	5.92349000000000e-02	5.00000000000000e-02
39	57	45	51	6.01044000000000e-02	5.00000000000000e-02
40	58	46	52	5.94107000000000e-02	5.00000000000000e-02
41	59	47	53	5.83826000000000e-02	5.00000000000000e-02
42	60	48	54	5.72640000000000e-02	5.00000000000000e-02
43	61	49	55	5.80017000000000e-02	5.00000000000000e-02
44	62	50	56	5.99750000000000e-02	5.00000000000000e-02
46	64	52	58	5.92966000000000e-02	5.00000000000000e-02
47	65	53	59	5.96588000000000e-02	5.00000000000000e-02
48	66	54	60	6.15114000000000e-02	5.00000000000000e-02
49	67	55	61	6.05705000000000e-02	5.00000000000000e-02
51	69	57	63	5.42793000000000e-02	5.00000000000000e-02
52	70	58	64	5.70813000000000e-02	5.00000000000000e-02
53	71	59	65	5.60263000000000e-02	5.00000000000000e-02
54	72	60	66	5.66360000000000e-02	5.00000000000000e-02
55	73	61	67	6.07941000000000e-02	5.00000000000000e-02
56	74	62	68	6.53885000000000e-02	5.00000000000000e-02
57	75	63	69	6.69926000000000e-02	5.00000000000000e-02
58	76	64	70	7.17056000000000e-02	5.00000000000000e-02
59	77	65	71	7.44363000000000e-02	5.00000000000000e-02
60	78	66	72	7.60232000000000e-02	5.00000000000000e-02
61	79	67	73	7.33706000000000e-02	5.00000000000000e-02
62	80	68	74	7.14041000000000e-02	5.00000000000000e-02
63	81	69	75	7.10220000000000e-02	5.00000000000000e-02
64	82	70	76	6.86893000000000e-02	5.00000000000000e-02
65	83	71	77	6.71824000000000e-02	5.00000000000000e-02
66	84	72	78	6.70350000000000e-02	5.00000000000000e-02
67	85	73	79	7.03988000000000e-02	5.00000000000000e-02
68	86	74	80	7.25530000000000e-02	5.00000000000000e-02
69	87	75	81	7.55918000000000e-02	5.00000000000000e-02
70	88	76	82	7.61473000000000e-02	5.00000000000000e-02
71	89	77	83	7.89175000000000e-02	5.00000000000000e-02
72	90	78	84	8.26337000000000e-02	5.00000000000000e-02
73	91	79	85	8.30649000000000e-02	5.00000000000000e-02
74	92	80	86	8.66455000000000e-02	5.00000000000000e-02
1	22	8	15	5.01826000000000e-02	5.00000000000000e-02
2	23	9	16	5.07149000000000e-02	5.00000000000000e-02
3	24	10	17	5.05256000000000e-02	5.00000000000000e-02
4	25	11	18	5.03928000000000e-02	5.00000000000000e-02
5	26	12	19	5.14966000000000e-02	5.00000000000000e-02
6	27	13	20	5.33829000000000e-02	5.00000000000000e-02
7	28	14	21	5.30601000000000e-02	5.00000000000000e-02
8	29	15	22	5.31106000000000e-02	5.00000000000000e-02
9	30	16	23	5.29835000000000e-02	5.00000000000000e-02
10	31	17	24	5.44201000000000e-02	5.00000000000000e-02
11	32	18	25	5.45260000000000e-02	5.00000000000000e-02
12	33	19	26	5.38549000000000e-02	5.00000000000000e-02
13	34	20	27	5.22941000000000e-02	5.00000000000000e-02
14	35	21	28	5.29291000000000e-02	5.00000000000000e-02
15	36	22	29	5.26264000000000e-02	5.00000000000000e-02
16	37	23	30	5.23598000000000e-02	5.00000000000000e-02
17	38	24	31	5.11540000000000e-02	5.00000000000000e-02
18	39	25	32	5.13193000000000e-02	5.00000000000000e-02
19	40	26	33	5.14112000000000e-02	5.00000000000000e-02
20	41	27	34	5.18386000000000e-02	5.00000000000000e-02
21	42	28	35	5.19382000000000e-02	5.00000000000000e-02
23	44	30	37	5.33026000000000e-02	5.00000000000000e-02
24	45	31	38	5.43747000000000e-02	5.00000000000000e-02
25	46	32	39	5.46905000000000e-02	5.00000000000000e-02
26	47	33	40	5.50506000000000e-02	5.00000000000000e-02
27	48	34	41	5.60412000000000e-02	5.00000000000000e-02
28	49	35	42	5.72333000000000e-02	5.00000000000000e-02
29	50	36	43	5.71155000000000e-02	5.00000000000000e-02
30	51	37	44	5.80389000000000e-02	5.00000000000000e-02
31	52	38	45	5.75292000000000e-02	5.00000000000000e-02
32	53	39	46	5.79379000000000e-02	5.00000000000000e-02
33	54	40	47	5.85886000000000e-02	5.00000000000000e-02
34	55	41	48	5.78749000000000e-02	5.00000000000000e-02
35	56	42	49	5.67841000000000e-02	5.00000000000000e-02
36	57	43	50	5.65293000000000e-02	5.00000000000000e-02
37	58	44	51	5.66785000000000e-02	5.00000000000000e-02
38	59	45	52	5.71342000000000e-02	5.00000000000000e-02
39	60	46	53	5.66130000000000e-02	5.00000000000000e-02
40	61	47	54	5.56099000000000e-02	5.00000000000000e-02
41	62	48	55	5.53026000000000e-02	5.00000000000000e-02
42	63	49	56	5.66801000000000e-02	5.00000000000000e-02
44	65	51	58	5.77281000000000e-02	5.00000000000000e-02
45	66	52	59	5.76092000000000e-02	5.00000000000000e-02
46	67	53	60	5.71745000000000e-02	5.00000000000000e-02
47	68	54	61	5.74918000000000e-02	5.00000000000000e-02
49	70	56	63	5.54812000000000e-02	5.00000000000000e-02
50	71	57	64	5.30943000000000e-02	5.00000000000000e-02
51	72	58	65	5.37599000000000e-02	5.00000000000000e-02
52	73	59	66	5.40359000000000e-02	5.00000000000000e-02
53	74	60	67	5.82276000000000e-02	5.00000000000000e-02
54	75	61	68	6.04512000000000e-02	5.00000000000000e-02
55	76	62	69	6.29728000000000e-02	5.00000000000000e-02
56	77	63	70	6.72123000000000e-02	5.00000000000000e-02
57	78	64	71	7.02198000000000e-02	5.00000000000000e-02
58	79	65	72	7.10768000000000e-02	5.00000000000000e-02
59	80	66	73	7.18844000000000e-02	5.00000000000000e-02
60	81	67	74	6.93259000000000e-02	5.00000000000000e-02
61	82	68	75	6.91360000000000e-02	5.00000000000000e-02
62	83	69	76	6.88490000000000e-02	5.00000000000000e-02
63	84	70	77	6.62724000000000e-02	5.00000000000000e-02
64	85	71	78	6.50815000000000e-02	5.00000000000000e-02
65	86	72	79	6.53221000000000e-02	5.00000000000000e-02
66	87	73	80	6.78005000000000e-02	5.00000000000000e-02
67	88	74	81	7.14569000000000e-02	5.00000000000000e-02
68	89	75	82	7.20428000000000e-02	5.00000000000000e-02
69	90	76	83	7.59025000000000e-02	5.00000000000000e-02
70	91	77	84	7.88901000000000e-02	5.00000000000000e-02
71	92	78	85	7.98938000000000e-02	5.00000000000000e-02
1	25	9	17	4.67271000000000e-02	5.00000000000000e-02
2	26	10	18	4.77716000000000e-02	5.00000000000000e-02
3	27	11	19	4.84144000000000e-02	5.00000000000000e-02
4	28	12	20	4.98444000000000e-02	5.00000000000000e-02
5	29	13	21	4.92612000000000e-02	5.00000000000000e-02
6	30	14	22	5.06554000000000e-02	5.00000000000000e-02
7	31	15	23	5.15096000000000e-02	5.00000000000000e-02
8	32	16	24	5.17331000000000e-02	5.00000000000000e-02
9	33	17	25	5.18531000000000e-02	5.00000000000000e-02
10	34	18	26	5.16679000000000e-02	5.00000000000000e-02
11	35	19	27	5.14128000000000e-02	5.00000000000000e-02
12	36	20	28	5.03102000000000e-02	5.00000000000000e-02
13	37	21	29	5.06453000000000e-02	5.00000000000000e-02
14	38	22	30	4.98304000000000e-02	5.00000000000000e-02
15	39	23	31	4.97985000000000e-02	5.00000000000000e-02
16	40	24	32	4.88727000000000e-02	5.00000000000000e-02
17	41	25	33	4.82471000000000e-02	5.00000000000000e-02
18	42	26	34	4.85339000000000e-02	5.00000000000000e-02
19	43	27	35	4.92222000000000e-02	5.00000000000000e-02
21	45	29	37	5.01156000000000e-02	5.00000000000000e-02
22	46	30	38	5.12473000000000e-02	5.00000000000000e-02
23	47	31	39	5.18497000000000e-02	5.00000000000000e-02
24	48	32	40	5.29061000000000e-02	5.00000000000000e-02
25	49	33	41	5.39069000000000e-02	5.00000000000000e-02
26	50	34	42	5.40573000000000e-02	5.00000000000000e-02
27	51	35	43	5.47824000000000e-02	5.00000000000000e-02
28	52	36	44	5.50788000000000e-02	5.00000000000000e-02
29	53	37	45	5.54273000000000e-02	5.00000000000000e-02
30	54	38	46	5.59892000000000e-02	5.00000000000000e-02
31	55	39	47	5.62262000000000e-02	5.00000000000000e-02
32	56	40	48	5.60130000000000e-02	5.00000000000000e-02
33	57	41	49	5.53434000000000e-02	5.00000000000000e-02
34	58	42	50	5.46713000000000e-02	5.00000000000000e-02
35	59	43	51	5.49731000000000e-02	5.00000000000000e-02
36	60	44	52	5.47158000000000e-02	5.00000000000000e-02
37	61	45	53	5.45079000000000e-02	5.00000000000000e-02
38	62	46	54	5.40878000000000e-02	5.00000000000000e-02
39	63	47	55	5.38266000000000e-02	5.00000000000000e-02
40	64	48	56	5.47270000000000e-02	5.00000000000000e-02
42	66	50	58	5.61631000000000e-02	5.00000000000000e-02
43	67	51	59	5.49979000000000e-02	5.00000000000000e-02
44	68	52	60	5.43972000000000e-02	5.00000000000000e-02
45	69	53	61	5.46943000000000e-02	5.00000000000000e-02
47	71	55	63	5.38571000000000e-02	5.00000000000000e-02
48	72	56	64	5.26593000000000e-02	5.00000000000000e-02
49	73	57	65	5.22182000000000e-02	5.00000000000000e-02
50	74	58	66	5.20253000000000e-02	5.00000000000000e-02
51	75	59	67	5.57936000000000e-02	5.00000000000000e-02
52	76	60	68	5.84195000000000e-02	5.00000000000000e-02
53	77	61	69	6.00557000000000e-02	5.00000000000000e-02
54	78	62	70	6.42815000000000e-02	5.00000000000000e-02
55	79	63	71	6.57338000000000e-02	5.00000000000000e-02
56	80	64	72	6.72317000000000e-02	5.00000000000000e-02
57	81	65	73	6.76165000000000e-02	5.00000000000000e-02
58	82	66	74	6.92059000000000e-02	5.00000000000000e-02
59	83	67	75	6.78822000000000e-02	5.00000000000000e-02
60	84	68	76	6.73014000000000e-02	5.00000000000000e-02
61	85	69	77	6.75980000000000e-02	5.00000000000000e-02
62	86	70	78	6.42227000000000e-02	5.00000000000000e-02
63	87	71	79	6.44628000000000e-02	5.00000000000000e-02
64	88	72	80	6.57840000000000e-02	5.00000000000000e-02
65	89	73	81	6.76097000000000e-02	5.00000000000000e-02
66	90	74	82	6.91156000000000e-02	5.00000000000000e-02
67	91	75	83	7.27441000000000e-02	5.00000000000000e-02
68	92	76	84	7.39494000000000e-02	5.00000000000000e-02
1	28	10	19	4.59301000000000e-02	5.00000000000000e-02
2	29	11	20	4.70488000000000e-02	5.00000000000000e-02
3	30	12	21	4.73109000000000e-02	5.00000000000000e-02
4	31	13	22	4.81785000000000e-02	5.00000000000000e-02
5	32	14	23	4.83726000000000e-02	5.00000000000000e-02
6	33	15	24	4.93046000000000e-02	5.00000000000000e-02
7	34	16	25	5.00029000000000e-02	5.00000000000000e-02
8	35	17	26	5.01835000000000e-02	5.00000000000000e-02
9	36	18	27	4.96987000000000e-02	5.00000000000000e-02
10	37	19	28	4.91690000000000e-02	5.00000000000000e-02
11	38	20	29	4.81335000000000e-02	5.00000000000000e-02
12	39	21	30	4.87838000000000e-02	5.00000000000000e-02
13	40	22	31	4.75365000000000e-02	5.00000000000000e-02
14	41	23	32	4.70655000000000e-02	5.00000000000000e-02
15	42	24	33	4.65093000000000e-02	5.00000000000000e-02
16	43	25	34	4.66785000000000e-02	5.00000000000000e-02
17	44	26	35	4.64776000000000e-02	5.00000000000000e-02
18	45	27	36	4.65365000000000e-02	5.00000000000000e-02
19	46	28	37	4.74480000000000e-02	5.00000000000000e-02
20	47	29	38	4.85438000000000e-02	5.00000000000000e-02
21	48	30	39	4.93843000000000e-02	5.00000000000000e-02
22	49	31	40	5.06527000000000e-02	5.00000000000000e-02
23	50	32	41	5.12145000000000e-02	5.00000000000000e-02
24	51	33	42	5.20880000000000e-02	5.00000000000000e-02
25	52	34	43	5.20389000000000e-02	5.00000000000000e-02
26	53	35	44	5.29733000000000e-02	5.00000000000000e-02
27	54	36	45	5.44596000000000e-02	5.00000000000000e-02
28	55	37	46	5.43350000000000e-02	5.00000000000000e-02
29	56	38	47	5.36067000000000e-02	5.00000000000000e-02
30	57	39	48	5.41596000000000e-02	5.00000000000000e-02
31	58	40	49	5.38281000000000e-02	5.00000000000000e-02
32	59	41	50	5.33507000000000e-02	5.00000000000000e-02
33	60	42	51	5.32998000000000e-02	5.00000000000000e-02
34	61	43	52	5.35782000000000e-02	5.00000000000000e-02
35	62	44	53	5.29239000000000e-02	5.00000000000000e-02
36	63	45	54	5.21074000000000e-02	5.00000000000000e-02
37	64	46	55	5.24387000000000e-02	5.00000000000000e-02
38	65	47	56	5.30195000000000e-02	5.00000000000000e-02
40	67	49	58	5.32859000000000e-02	5.00000000000000e-02
41	68	50	59	5.28533000000000e-02	5.00000000000000e-02
42	69	51	60	5.23581000000000e-02	5.00000000000000e-02
43	70	52	61	5.16616000000000e-02	5.00000000000000e-02
45	72	54	63	5.18325000000000e-02	5.00000000000000e-02
46	73	55	64	5.14813000000000e-02	5.00000000000000e-02
47	74	56	65	5.07651000000000e-02	5.00000000000000e-02
48	75	57	66	5.11894000000000e-02	5.00000000000000e-02
49	76	58	67	5.38541000000000e-02	5.00000000000000e-02
50	77	59	68	5.59094000000000e-02	5.00000000000000e-02
51	78	60	69	5.82227000000000e-02	5.00000000000000e-02
52	79	61	70	6.16012000000000e-02	5.00000000000000e-02
53	80	62	71	6.31778000000000e-02	5.00000000000000e-02
54	81	63	72	6.34460000000000e-02	5.00000000000000e-02
55	82	64	73	6.45303000000000e-02	5.00000000000000e-02
56	83	65	74	6.58287000000000e-02	5.00000000000000e-02
57	84	66	75	6.73952000000000e-02	5.00000000000000e-02
58	85	67	76	6.65849000000000e-02	5.00000000000000e-02
59	86	68	77	6.59464000000000e-02	5.00000000000000e-02
60	87	69	78	6.55677000000000e-02	5.00000000000000e-02
61	88	70	79	6.41590000000000e-02	5.00000000000000e-02
62	89	71	80	6.41729000000000e-02	5.00000000000000e-02
63	90	72	81	6.67058000000000e-02	5.00000000000000e-02
64	91	73	82	6.73108000000000e-02	5.00000000000000e-02
65	92	74	83	6.89670000000000e-02	5.00000000000000e-02
1	31	11	21	4.49059000000000e-02	5.00000000000000e-02
2	32	12	22	4.59468000000000e-02	5.00000000000000e-02
3	33	13	23	4.64693000000000e-02	5.00000000000000e-02
4	34	14	24	4.68450000000000e-02	5.00000000000000e-02
5	35	15	25	4.70663000000000e-02	5.00000000000000e-02
6	36	16	26	4.77787000000000e-02	5.00000000000000e-02
7	37	17	27	4.83706000000000e-02	5.00000000000000e-02
8	38	18	28	4.77424000000000e-02	5.00000000000000e-02
9	39	19	29	4.72192000000000e-02	5.00000000000000e-02
10	40	20	30	4.60155000000000e-02	5.00000000000000e-02
11	41	21	31	4.62437000000000e-02	5.00000000000000e-02
12	42	22	32	4.56384000000000e-02	5.00000000000000e-02
13	43	23	33	4.55336000000000e-02	5.00000000000000e-02
14	44	24	34	4.46910000000000e-02	5.00000000000000e-02
15	45	25	35	4.47245000000000e-02	5.00000000000000e-02
17	47	27	37	4.45337000000000e-02	5.00000000000000e-02
18	48	28	38	4.60520000000000e-02	5.00000000000000e-02
19	49	29	39	4.72873000000000e-02	5.00000000000000e-02
20	50	30	40	4.79226000000000e-02	5.00000000000000e-02
21	51	31	41	4.89452000000000e-02	5.00000000000000e-02
22	52	32	42	4.95750000000000e-02	5.00000000000000e-02
23	53	33	43	5.02462000000000e-02	5.00000000000000e-02
24	54	34	44	5.14552000000000e-02	5.00000000000000e-02
25	55	35	45	5.17702000000000e-02	5.00000000000000e-02
26	56	36	46	5.22936000000000e-02	5.00000000000000e-02
27	57	37	47	5.28562000000000e-02	5.00000000000000e-02
28	58	38	48	5.25319000000000e-02	5.00000000000000e-02
29	59	39	49	5.18960000000000e-02	5.00000000000000e-02
30	60	40	50	5.17717000000000e-02	5.00000000000000e-02
31	61	41	51	5.21818000000000e-02	5.00000000000000e-02
32	62	42	52	5.22082000000000e-02	5.00000000000000e-02
33	63	43	53	5.16229000000000e-02	5.00000000000000e-02
34	64	44	54	5.12270000000000e-02	5.00000000000000e-02
35	65	45	55	5.12355000000000e-02	5.00000000000000e-02
36	66	46	56	5.14387000000000e-02	5.00000000000000e-02
38	68	48	58	4.87464000000000e-02	5.00000000000000e-02
39	69	49	59	5.10260000000000e-02	5.00000000000000e-02
40	70	50	60	5.02732000000000e-02	5.00000000000000e-02
41	71	51	61	4.96210000000000e-02	5.00000000000000e-02
43	73	53	63	4.96335000000000e-02	5.00000000000000e-02
44	74	54	64	5.00303000000000e-02	5.00000000000000e-02
45	75	55	65	4.99200000000000e-02	5.00000000000000e-02
46	76	56	66	4.98964000000000e-02	5.00000000000000e-02
47	77	57	67	5.22258000000000e-02	5.00000000000000e-02
48	78	58	68	5.48355000000000e-02	5.00000000000000e-02
49	79	59	69	5.63388000000000e-02	5.00000000000000e-02
50	80	60	70	5.88538000000000e-02	5.00000000000000e-02
51	81	61	71	6.04812000000000e-02	5.00000000000000e-02
52	82	62	72	6.15083000000000e-02	5.00000000000000e-02
53	83	63	73	6.19732000000000e-02	5.00000000000000e-02
54	84	64	74	6.26496000000000e-02	5.00000000000000e-02
55	85	65	75	6.46799000000000e-02	5.00000000000000e-02
56	86	66	76	6.56841000000000e-02	5.00000000000000e-02
57	87	67	77	6.53968000000000e-02	5.00000000000000e-02
58	88	68	78	6.44920000000000e-02	5.00000000000000e-02
59	89	69	79	6.47340000000000e-02	5.00000000000000e-02
60	90	70	80	6.48111000000000e-02	5.00000000000000e-02
61	91	71	81	6.56305000000000e-02	5.00000000000000e-02
62	92	72	82	6.54500000000000e-02	5.00000000000000e-02
1	34	12	23	4.41127000000000e-02	5.00000000000000e-02
2	35	13	24	4.49594000000000e-02	5.00000000000000e-02
3	36	14	25	4.51705000000000e-02	5.00000000000000e-02
4	37	15	26	4.52540000000000e-02	5.00000000000000e-02
5	38	16	27	4.52184000000000e-02	5.00000000000000e-02
6	39	17	28	4.61095000000000e-02	5.00000000000000e-02
7	40	18	29	4.60045000000000e-02	5.00000000000000e-02
8	41	19	30	4.50190000000000e-02	5.00000000000000e-02
9	42	20	31	4.41131000000000e-02	5.00000000000000e-02
10	43	21	32	4.45604000000000e-02	5.00000000000000e-02
11	44	22	33	4.39739000000000e-02	5.00000000000000e-02
12	45	23	34	4.35401000000000e-02	5.00000000000000e-02
13	46	24	35	4.27231000000000e-02	5.00000000000000e-02
14	47	25	36	4.26082000000000e-02	5.00000000000000e-02
15	48	26	37	4.34244000000000e-02	5.00000000000000e-02
16	49	27	38	4.43403000000000e-02	5.00000000000000e-02
17	50	28	39	4.47720000000000e-02	5.00000000000000e-02
18	51	29	40	4.56247000000000e-02	5.00000000000000e-02
19	52	30	41	4.63511000000000e-02	5.00000000000000e-02
20	53	31	42	4.75674000000000e-02	5.00000000000000e-02
21	54	32	43	4.80840000000000e-02	5.00000000000000e-02
22	55	33	44	4.92269000000000e-02	5.00000000000000e-02
23	56	34	45	4.96270000000000e-02	5.00000000000000e-02
24	57	35	46	5.05297000000000e-02	5.00000000000000e-02
25	58	36	47	5.13109000000000e-02	5.00000000000000e-02
26	59	37	48	5.17479000000000e-02	5.00000000000000e-02
27	60	38	49	5.08413000000000e-02	5.00000000000000e-02
28	61	39	50	5.02783000000000e-02	5.00000000000000e-02
29	62	40	51	5.07382000000000e-02	5.00000000000000e-02
30	63	41	52	5.06545000000000e-02	5.00000000000000e-02
31	64	42	53	5.06895000000000e-02	5.00000000000000e-02
32	65	43	54	5.07725000000000e-02	5.00000000000000e-02
33	66	44	55	5.01087000000000e-02	5.00000000000000e-02
34	67	45	56	5.01075000000000e-02	5.00000000000000e-02
36	69	47	58	4.89820000000000e-02	5.00000000000000e-02
37	70	48	59	4.80028000000000e-02	5.00000000000000e-02
38	71	49	60	4.79355000000000e-02	5.00000000000000e-02
39	72	50	61	4.83156000000000e-02	5.00000000000000e-02
41	74	52	63	4.76691000000000e-02	5.00000000000000e-02
42	75	53	64	4.80826000000000e-02	5.00000000000000e-02
43	76	54	65	4.85583000000000e-02	5.00000000000000e-02
44	77	55	66	4.89684000000000e-02	5.00000000000000e-02
45	78	56	67	5.10555000000000e-02	5.00000000000000e-02
46	79	57	68	5.30021000000000e-02	5.00000000000000e-02
47	80	58	69	5.43343000000000e-02	5.00000000000000e-02
48	81	59	70	5.70759000000000e-02	5.00000000000000e-02
49	82	60	71	5.85885000000000e-02	5.00000000000000e-02
50	83	61	72	5.90803000000000e-02	5.00000000000000e-02
51	84	62	73	6.00091000000000e-02	5.00000000000000e-02
52	85	63	74	6.08388000000000e-02	5.00000000000000e-02
53	86	64	75	6.18454000000000e-02	5.00000000000000e-02
54	87	65	76	6.35105000000000e-02	5.00000000000000e-02
55	88	66	77	6.45769000000000e-02	5.00000000000000e-02
56	89	67	78	6.36860000000000e-02	5.00000000000000e-02
57	90	68	79	6.44730000000000e-02	5.00000000000000e-02
58	91	69	80	6.51646000000000e-02	5.00000000000000e-02
59	92	70	81	6.45961000000000e-02	5.00000000000000e-02
1	37	13	25	4.32700000000000e-02	5.00000000000000e-02
2	38	14	26	4.30140000000000e-02	5.00000000000000e-02
3	39	15	27	4.35049000000000e-02	5.00000000000000e-02
4	40	16	28	4.32098000000000e-02	5.00000000000000e-02
5	41	17	29	4.34287000000000e-02	5.00000000000000e-02
6	42	18	30	4.38216000000000e-02	5.00000000000000e-02
7	43	19	31	4.38363000000000e-02	5.00000000000000e-02
8	44	20	32	4.26573000000000e-02	5.00000000000000e-02
9	45	21	33	4.26579000000000e-02	5.00000000000000e-02
10	46	22	34	4.19123000000000e-02	5.00000000000000e-02
11	47	23	35	4.17441000000000e-02	5.00000000000000e-02
12	48	24	36	4.13778000000000e-02	5.00000000000000e-02
13	49	25	37	4.18320000000000e-02	5.00000000000000e-02
14	50	26	38	4.24093000000000e-02	5.00000000000000e-02
15	51	27	39	4.32213000000000e-02	5.00000000000000e-02
16	52	28	40	4.35039000000000e-02	5.00000000000000e-02
17	53	29	41	4.43504000000000e-02	5.00000000000000e-02
18	54	30	42	4.53392000000000e-02	5.00000000000000e-02
19	55	31	43	4.59692000000000e-02	5.00000000000000e-02
20	56	32	44	4.68399000000000e-02	5.00000000000000e-02
21	57	33	45	4.77002000000000e-02	5.00000000000000e-02
22	58	34	46	4.84378000000000e-02	5.00000000000000e-02
23	59	35	47	4.95417000000000e-02	5.00000000000000e-02
24	60	36	48	5.00624000000000e-02	5.00000000000000e-02
25	61	37	49	4.99431000000000e-02	5.00000000000000e-02
26	62	38	50	4.95184000000000e-02	5.00000000000000e-02
27	63	39	51	4.93753000000000e-02	5.00000000000000e-02
28	64	40	52	4.98989000000000e-02	5.00000000000000e-02
29	65	41	53	4.92089000000000e-02	5.00000000000000e-02
30	66	42	54	4.89206000000000e-02	5.00000000000000e-02
31	67	43	55	4.87751000000000e-02	5.00000000000000e-02
32	68	44	56	4.86001000000000e-02	5.00000000000000e-02
34	70	46	58	4.74014000000000e-02	5.00000000000000e-02
35	71	47	59	4.47135000000000e-02	5.00000000000000e-02
36	72	48	60	4.62803000000000e-02	5.00000000000000e-02
37	73	49	61	4.64494000000000e-02	5.00000000000000e-02
39	75	51	63	4.68960000000000e-02	5.00000000000000e-02
40	76	52	64	4.65256000000000e-02	5.00000000000000e-02
41	77	53	65	4.65677000000000e-02	5.00000000000000e-02
42	78	54	66	4.81107000000000e-02	5.00000000000000e-02
43	79	55	67	5.01873000000000e-02	5.00000000000000e-02
44	80	56	68	5.14746000000000e-02	5.00000000000000e-02
45	81	57	69	5.22816000000000e-02	5.00000000000000e-02
46	82	58	70	5.50508000000000e-02	5.00000000000000e-02
47	83	59	71	5.65214000000000e-02	5.00000000000000e-02
48	84	60	72	5.73678000000000e-02	5.00000000000000e-02
49	85	61	73	5.82795000000000e-02	5.00000000000000e-02
50	86	62	74	5.87551000000000e-02	5.00000000000000e-02
51	87	63	75	6.00222000000000e-02	5.00000000000000e-02
52	88	64	76	6.15814000000000e-02	5.00000000000000e-02
53	89	65	77	6.28138000000000e-02	5.00000000000000e-02
54	90	66	78	6.36926000000000e-02	5.00000000000000e-02
55	91	67	79	6.38585000000000e-02	5.00000000000000e-02
56	92	68	80	6.40663000000000e-02	5.00000000000000e-02
1	40	14	27	4.14356000000000e-02	5.00000000000000e-02
2	41	15	28	4.10431000000000e-02	5.00000000000000e-02
3	42	16	29	4.11533000000000e-02	5.00000000000000e-02
4	43	17	30	4.16479000000000e-02	5.00000000000000e-02
5	44	18	31	4.18197000000000e-02	5.00000000000000e-02
6	45	19	32	4.18911000000000e-02	5.00000000000000e-02
7	46	20	33	4.10162000000000e-02	5.00000000000000e-02
8	47	21	34	4.10204000000000e-02	5.00000000000000e-02
9	48	22	35	4.05632000000000e-02	5.00000000000000e-02
10	49	23	36	4.05526000000000e-02	5.00000000000000e-02
11	50	24	37	4.06343000000000e-02	5.00000000000000e-02
12	51	25	38	4.12059000000000e-02	5.00000000000000e-02
13	52	26	39	4.14302000000000e-02	5.00000000000000e-02
14	53	27	40	4.18200000000000e-02	5.00000000000000e-02
15	54	28	41	4.32871000000000e-02	5.00000000000000e-02
16	55	29	42	4.38701000000000e-02	5.00000000000000e-02
17	56	30	43	4.40890000000000e-02	5.00000000000000e-02
18	57	31	44	4.48713000000000e-02	5.00000000000000e-02
19	58	32	45	4.52715000000000e-02	5.00000000000000e-02
20	59	33	46	4.67354000000000e-02	5.00000000000000e-02
21	60	34	47	4.73190000000000e-02	5.00000000000000e-02
22	61	35	48	4.82252000000000e-02	5.00000000000000e-02
23	62	36	49	4.86654000000000e-02	5.00000000000000e-02
24	63	37	50	4.83381000000000e-02	5.00000000000000e-02
25	64	38	51	4.86816000000000e-02	5.00000000000000e-02
26	65	39	52	4.89583000000000e-02	5.00000000000000e-02
27	66	40	53	4.86792000000000e-02	5.00000000000000e-02
28	67	41	54	4.76399000000000e-02	5.00000000000000e-02
29	68	42	55	4.71635000000000e-02	5.00000000000000e-02
30	69	43	56	4.76072000000000e-02	5.00000000000000e-02
32	71	45	58	4.58311000000000e-02	5.00000000000000e-02
33	72	46	59	4.11751000000000e-02	5.00000000000000e-02
34	73	47	60	4.51181000000000e-02	5.00000000000000e-02
35	74	48	61	4.50246000000000e-02	5.00000000000000e-02
37	76	50	63	4.55604000000000e-02	5.00000000000000e-02
38	77	51	64	4.53436000000000e-02	5.00000000000000e-02
39	78	52	65	4.58660000000000e-02	5.00000000000000e-02
40	79	53	66	4.65020000000000e-02	5.00000000000000e-02
41	80	54	67	4.83961000000000e-02	5.00000000000000e-02
42	81	55	68	5.01307000000000e-02	5.00000000000000e-02
43	82	56	69	5.11136000000000e-02	5.00000000000000e-02
44	83	57	70	5.34463000000000e-02	5.00000000000000e-02
45	84	58	71	5.46965000000000e-02	5.00000000000000e-02
46	85	59	72	5.53710000000000e-02	5.00000000000000e-02
47	86	60	73	5.60381000000000e-02	5.00000000000000e-02
48	87	61	74	5.69497000000000e-02	5.00000000000000e-02
49	88	62	75	5.85342000000000e-02	5.00000000000000e-02
50	89	63	76	5.88300000000000e-02	5.00000000000000e-02
51	90	64	77	6.11559000000000e-02	5.00000000000000e-02
52	91	65	78	6.18889000000000e-02	5.00000000000000e-02
53	92	66	79	6.34646000000000e-02	5.00000000000000e-02
1	43	15	29	3.97041000000000e-02	5.00000000000000e-02
2	44	16	30	3.99249000000000e-02	5.00000000000000e-02
3	45	17	31	3.99455000000000e-02	5.00000000000000e-02
4	46	18	32	3.97748000000000e-02	5.00000000000000e-02
5	47	19	33	3.97890000000000e-02	5.00000000000000e-02
6	48	20	34	3.95948000000000e-02	5.00000000000000e-02
7	49	21	35	4.03668000000000e-02	5.00000000000000e-02
8	50	22	36	3.97242000000000e-02	5.00000000000000e-02
9	51	23	37	3.99037000000000e-02	5.00000000000000e-02
10	52	24	38	3.98313000000000e-02	5.00000000000000e-02
11	53	25	39	4.02797000000000e-02	5.00000000000000e-02
12	54	26	40	4.09671000000000e-02	5.00000000000000e-02
13	55	27	41	4.12405000000000e-02	5.00000000000000e-02
14	56	28	42	4.20348000000000e-02	5.00000000000000e-02
15	57	29	43	4.27346000000000e-02	5.00000000000000e-02
16	58	30	44	4.32691000000000e-02	5.00000000000000e-02
17	59	31	45	4.41435000000000e-02	5.00000000000000e-02
18	60	32	46	4.47105000000000e-02	5.00000000000000e-02
19	61	33	47	4.55583000000000e-02	5.00000000000000e-02
20	62	34	48	4.66209000000000e-02	5.00000000000000e-02
21	63	35	49	4.66635000000000e-02	5.00000000000000e-02
22	64	36	50	4.54409000000000e-02	5.00000000000000e-02
23	65	37	51	4.76313000000000e-02	5.00000000000000e-02
24	66	38	52	4.76504000000000e-02	5.00000000000000e-02
25	67	39	53	4.69529000000000e-02	5.00000000000000e-02
26	68	40	54	4.64918000000000e-02	5.00000000000000e-02
27	69	41	55	4.60857000000000e-02	5.00000000000000e-02
28	70	42	56	4.56000000000000e-02	5.00000000000000e-02
30	72	44	58	4.52212000000000e-02	5.00000000000000e-02
31	73	45	59	4.32436000000000e-02	5.00000000000000e-02
32	74	46	60	4.45091000000000e-02	5.00000000000000e-02
33	75	47	61	4.41976000000000e-02	5.00000000000000e-02
35	77	49	63	4.43812000000000e-02	5.00000000000000e-02
36	78	50	64	4.43408000000000e-02	5.00000000000000e-02
37	79	51	65	4.46447000000000e-02	5.00000000000000e-02
38	80	52	66	4.46159000000000e-02	5.00000000000000e-02
39	81	53	67	4.67270000000000e-02	5.00000000000000e-02
40	82	54	68	4.87456000000000e-02	5.00000000000000e-02
41	83	55	69	5.01207000000000e-02	5.00000000000000e-02
42	84	56	70	5.18784000000000e-02	5.00000000000000e-02
43	85	57	71	5.34125000000000e-02	5.00000000000000e-02
44	86	58	72	5.38005000000000e-02	5.00000000000000e-02
45	87	59	73	5.43859000000000e-02	5.00000000000000e-02
46	88	60	74	5.52833000000000e-02	5.00000000000000e-02
47	89	61	75	5.63167000000000e-02	5.00000000000000e-02
48	90	62	76	5.81577000000000e-02	5.00000000000000e-02
49	91	63	77	5.91822000000000e-02	5.00000000000000e-02
50	92	64	78	5.95909000000000e-02	5.00000000000000e-02
1	46	16	31	3.79085000000000e-02	5.00000000000000e-02
2	47	17	32	3.82114000000000e-02	5.00000000000000e-02
3	48	18	33	3.86005000000000e-02	5.00000000000000e-02
4	49	19	34	3.85183000000000e-02	5.00000000000000e-02
5	50	20	35	3.81458000000000e-02	5.00000000000000e-02
6	51	21	36	3.87943000000000e-02	5.00000000000000e-02
7	52	22	37	3.89830000000000e-02	5.00000000000000e-02
8	53	23	38	3.92200000000000e-02	5.00000000000000e-02
9	54	24	39	3.93193000000000e-02	5.00000000000000e-02
10	55	25	40	3.98463000000000e-02	5.00000000000000e-02
11	56	26	41	4.03714000000000e-02	5.00000000000000e-02
12	57	27	42	4.10174000000000e-02	5.00000000000000e-02
13	58	28	43	4.10138000000000e-02	5.00000000000000e-02
14	59	29	44	4.21267000000000e-02	5.00000000000000e-02
15	60	30	45	4.23932000000000e-02	5.00000000000000e-02
16	61	31	46	4.34165000000000e-02	5.00000000000000e-02
17	62	32	47	4.40136000000000e-02	5.00000000000000e-02
18	63	33	48	4.45590000000000e-02	5.00000000000000e-02
19	64	34	49	4.48910000000000e-02	5.00000000000000e-02
20	65	35	50	4.56156000000000e-02	5.00000000000000e-02
21	66	36	51	4.61416000000000e-02	5.00000000000000e-02
22	67	37	52	4.60423000000000e-02	5.00000000000000e-02
23	68	38	53	4.59681000000000e-02	5.00000000000000e-02
24	69	39	54	4.52713000000000e-02	5.00000000000000e-02
25	70	40	55	4.47222000000000e-02	5.00000000000000e-02
26	71	41	56	4.46781000000000e-02	5.00000000000000e-02
28	73	43	58	4.40697000000000e-02	5.00000000000000e-02
29	74	44	59	4.39663000000000e-02	5.00000000000000e-02
30	75	45	60	4.37193000000000e-02	5.00000000000000e-02
31	76	46	61	4.34131000000000e-02	5.00000000000000e-02
33	78	48	63	4.21998000000000e-02	5.00000000000000e-02
34	79	49	64	4.34731000000000e-02	5.00000000000000e-02
35	80	50	65	4.35486000000000e-02	5.00000000000000e-02
36	81	51	66	4.37375000000000e-02	5.00000000000000e-02
37	82	52	67	4.54460000000000e-02	5.00000000000000e-02
38	83	53	68	4.70814000000000e-02	5.00000000000000e-02
39	84	54	69	4.86101000000000e-02	5.00000000000000e-02
40	85	55	70	5.08286000000000e-02	5.00000000000000e-02
41	86	56	71	5.14714000000000e-02	5.00000000000000e-02
42	87	57	72	5.19227000000000e-02	5.00000000000000e-02
43	88	58	73	5.29428000000000e-02	5.00000000000000e-02
44	89	59	74	5.35953000000000e-02	5.00000000000000e-02
45	90	60	75	5.51204000000000e-02	5.00000000000000e-02
46	91	61	76	5.62660000000000e-02	5.00000000000000e-02
47	92	62	77	5.70958000000000e-02	5.00000000000000e-02
1	49	17	33	3.71895000000000e-02	5.00000000000000e-02
2	50	18	34	3.72469000000000e-02	5.00000000000000e-02
3	51	19	35	3.74483000000000e-02	5.00000000000000e-02
4	52	20	36	3.68166000000000e-02	5.00000000000000e-02
5	53	21	37	3.77130000000000e-02	5.00000000000000e-02
6	54	22	38	3.83269000000000e-02	5.00000000000000e-02
7	55	23	39	3.88686000000000e-02	5.00000000000000e-02
8	56	24	40	3.87357000000000e-02	5.00000000000000e-02
9	57	25	41	3.92786000000000e-02	5.00000000000000e-02
10	58	26	42	3.95566000000000e-02	5.00000000000000e-02
11	59	27	43	4.02379000000000e-02	5.00000000000000e-02
12	60	28	44	4.08833000000000e-02	5.00000000000000e-02
13	61	29	45	4.13274000000000e-02	5.00000000000000e-02
14	62	30	46	4.20443000000000e-02	5.00000000000000e-02
15	63	31	47	4.25711000000000e-02	5.00000000000000e-02
16	64	32	48	4.32333000000000e-02	5.00000000000000e-02
17	65	33	49	4.34725000000000e-02	5.00000000000000e-02
18	66	34	50	4.35375000000000e-02	5.00000000000000e-02
19	67	35	51	4.40004000000000e-02	5.00000000000000e-02
20	68	36	52	4.46786000000000e-02	5.00000000000000e-02
21	69	37	53	4.43695000000000e-02	5.00000000000000e-02
22	70	38	54	4.36673000000000e-02	5.00000000000000e-02
23	71	39	55	4.36220000000000e-02	5.00000000000000e-02
24	72	40	56	4.36058000000000e-02	5.00000000000000e-02
26	74	42	58	4.33778000000000e-02	5.00000000000000e-02
27	75	43	59	4.32288000000000e-02	5.00000000000000e-02
28	76	44	60	4.29585000000000e-02	5.00000000000000e-02
29	77	45	61	4.24652000000000e-02	5.00000000000000e-02
31	79	47	63	4.27624000000000e-02	5.00000000000000e-02
32	80	48	64	4.21082000000000e-02	5.00000000000000e-02
33	81	49	65	4.24405000000000e-02	5.00000000000000e-02
34	82	50	66	4.26799000000000e-02	5.00000000000000e-02
35	83	51	67	4.43325000000000e-02	5.00000000000000e-02
36	84	52	68	4.54181000000000e-02	5.00000000000000e-02
37	85	53	69	4.70122000000000e-02	5.00000000000000e-02
38	86	54	70	4.90348000000000e-02	5.00000000000000e-02
39	87	55	71	5.03348000000000e-02	5.00000000000000e-02
40	88	56	72	5.07722000000000e-02	5.00000000000000e-02
41	89	57	73	5.14299000000000e-02	5.00000000000000e-02
42	90	58	74	5.24107000000000e-02	5.00000000000000e-02
43	91	59	75	5.31903000000000e-02	5.00000000000000e-02
44	92	60	76	5.44627000000000e-02	5.00000000000000e-02
1	52	18	35	3.60211000000000e-02	5.00000000000000e-02
3	54	20	37	3.63164000000000e-02	5.00000000000000e-02
4	55	21	38	3.70412000000000e-02	5.00000000000000e-02
5	56	22	39	3.75599000000000e-02	5.00000000000000e-02
6	57	23	40	3.80752000000000e-02	5.00000000000000e-02
7	58	24	41	3.86659000000000e-02	5.00000000000000e-02
8	59	25	42	3.90706000000000e-02	5.00000000000000e-02
9	60	26	43	3.88338000000000e-02	5.00000000000000e-02
10	61	27	44	3.98781000000000e-02	5.00000000000000e-02
11	62	28	45	4.04095000000000e-02	5.00000000000000e-02
12	63	29	46	4.07325000000000e-02	5.00000000000000e-02
13	64	30	47	4.15559000000000e-02	5.00000000000000e-02
14	65	31	48	4.21793000000000e-02	5.00000000000000e-02
15	66	32	49	4.22178000000000e-02	5.00000000000000e-02
16	67	33	50	4.17766000000000e-02	5.00000000000000e-02
17	68	34	51	4.21676000000000e-02	5.00000000000000e-02
18	69	35	52	4.27350000000000e-02	5.00000000000000e-02
19	70	36	53	4.15937000000000e-02	5.00000000000000e-02
20	71	37	54	4.27392000000000e-02	5.00000000000000e-02
21	72	38	55	4.21103000000000e-02	5.00000000000000e-02
22	73	39	56	4.23409000000000e-02	5.00000000000000e-02
24	75	41	58	4.26615000000000e-02	5.00000000000000e-02
25	76	42	59	4.24909000000000e-02	5.00000000000000e-02
26	77	43	60	4.24264000000000e-02	5.00000000000000e-02
27	78	44	61	4.21833000000000e-02	5.00000000000000e-02
29	80	46	63	4.18000000000000e-02	5.00000000000000e-02
30	81	47	64	4.13991000000000e-02	5.00000000000000e-02
31	82	48	65	4.15857000000000e-02	5.00000000000000e-02
32	83	49	66	4.19145000000000e-02	5.00000000000000e-02
33	84	50	67	4.30263000000000e-02	5.00000000000000e-02
34	85	51	68	4.47955000000000e-02	5.00000000000000e-02
35	86	52	69	4.52685000000000e-02	5.00000000000000e-02
36	87	53	70	4.73570000000000e-02	5.00000000000000e-02
37	88	54	71	4.88378000000000e-02	5.00000000000000e-02
38	89	55	72	4.93507000000000e-02	5.00000000000000e-02
39	90	56	73	5.02632000000000e-02	5.00000000000000e-02
40	91	57	74	5.09210000000000e-02	5.00000000000000e-02
41	92	58	75	5.16361000000000e-02	5.00000000000000e-02
1	55	19	37	3.55735000000000e-02	5.00000000000000e-02
2	56	20	38	3.56742000000000e-02	5.00000000000000e-02
3	57	21	39	3.65131000000000e-02	5.00000000000000e-02
4	58	22	40	3.68026000000000e-02	5.00000000000000e-02
5	59	23	41	3.74852000000000e-02	5.00000000000000e-02
6	60	24	42	3.77074000000000e-02	5.00000000000000e-02
7	61	25	43	3.82406000000000e-02	5.00000000000000e-02
8	62	26	44	3.91635000000000e-02	5.00000000000000e-02
9	63	27	45	3.89918000000000e-02	5.00000000000000e-02
10	64	28	46	3.95361000000000e-02	5.00000000000000e-02
11	65	29	47	4.04284000000000e-02	5.00000000000000e-02
12	66	30	48	4.07339000000000e-02	5.00000000000000e-02
13	67	31	49	4.06647000000000e-02	5.00000000000000e-02
14	68	32	50	4.05918000000000e-02	5.00000000000000e-02
15	69	33	51	4.10610000000000e-02	5.00000000000000e-02
16	70	34	52	4.07778000000000e-02	5.00000000000000e-02
17	71	35	53	4.05547000000000e-02	5.00000000000000e-02
18	72	36	54	4.10045000000000e-02	5.00000000000000e-02
19	73	37	55	4.07344000000000e-02	5.00000000000000e-02
20	74	38	56	4.15361000000000e-02	5.00000000000000e-02
22	76	40	58	4.18403000000000e-02	5.00000000000000e-02
23	77	41	59	3.98363000000000e-02	5.00000000000000e-02
24	78	42	60	4.16498000000000e-02	5.00000000000000e-02
25	79	43	61	4.16348000000000e-02	5.00000000000000e-02
27	81	45	63	4.10894000000000e-02	5.00000000000000e-02
28	82	46	64	4.10147000000000e-02	5.00000000000000e-02
29	83	47	65	4.07857000000000e-02	5.00000000000000e-02
30	84	48	66	4.09128000000000e-02	5.00000000000000e-02
31	85	49	67	4.28192000000000e-02	5.00000000000000e-02
32	86	50	68	4.38404000000000e-02	5.00000000000000e-02
33	87	51	69	4.47258000000000e-02	5.00000000000000e-02
34	88	52	70	4.64489000000000e-02	5.00000000000000e-02
35	89	53	71	4.69283000000000e-02	5.00000000000000e-02
36	90	54	72	4.81855000000000e-02	5.00000000000000e-02
37	91	55	73	4.90056000000000e-02	5.00000000000000e-02
38	92	56	74	4.93238000000000e-02	5.00000000000000e-02
1	58	20	39	3.49893000000000e-02	5.00000000000000e-02
2	59	21	40	3.60170000000000e-02	5.00000000000000e-02
3	60	22	41	3.62475000000000e-02	5.00000000000000e-02
4	61	23	42	3.66904000000000e-02	5.00000000000000e-02
5	62	24	43	3.71670000000000e-02	5.00000000000000e-02
6	63	25	44	3.76061000000000e-02	5.00000000000000e-02
7	64	26	45	3.83893000000000e-02	5.00000000000000e-02
8	65	27	46	3.89001000000000e-02	5.00000000000000e-02
9	66	28	47	3.92051000000000e-02	5.00000000000000e-02
10	67	29	48	3.93638000000000e-02	5.00000000000000e-02
11	68	30	49	3.96249000000000e-02	5.00000000000000e-02
12	69	31	50	3.92259000000000e-02	5.00000000000000e-02
13	70	32	51	3.92149000000000e-02	5.00000000000000e-02
14	71	33	52	3.95768000000000e-02	5.00000000000000e-02
15	72	34	53	3.95341000000000e-02	5.00000000000000e-02
16	73	35	54	3.95610000000000e-02	5.00000000000000e-02
17	74	36	55	3.99840000000000e-02	5.00000000000000e-02
18	75	37	56	3.99961000000000e-02	5.00000000000000e-02
20	77	39	58	4.08400000000000e-02	5.00000000000000e-02
21	78	40	59	4.08296000000000e-02	5.00000000000000e-02
22	79	41	60	4.09324000000000e-02	5.00000000000000e-02
23	80	42	61	4.08483000000000e-02	5.00000000000000e-02
25	82	44	63	4.07374000000000e-02	5.00000000000000e-02
26	83	45	64	4.05713000000000e-02	5.00000000000000e-02
27	84	46	65	4.00944000000000e-02	5.00000000000000e-02
28	85	47	66	4.06043000000000e-02	5.00000000000000e-02
29	86	48	67	4.13102000000000e-02	5.00000000000000e-02
30	87	49	68	4.25296000000000e-02	5.00000000000000e-02
31	88	50	69	4.40899000000000e-02	5.00000000000000e-02
32	89	51	70	4.54937000000000e-02	5.00000000000000e-02
33	90	52	71	4.60621000000000e-02	5.00000000000000e-02
34	91	53	72	4.69570000000000e-02	5.00000000000000e-02
35	92	54	73	4.71096000000000e-02	5.00000000000000e-02
1	61	21	41	3.53287000000000e-02	5.00000000000000e-02
2	62	22	42	3.59446000000000e-02	5.00000000000000e-02
3	63	23	43	3.59722000000000e-02	5.00000000000000e-02
4	64	24	44	3.66472000000000e-02	5.00000000000000e-02
5	65	25	45	3.72787000000000e-02	5.00000000000000e-02
6	66	26	46	3.78206000000000e-02	5.00000000000000e-02
7	67	27	47	3.79464000000000e-02	5.00000000000000e-02
8	68	28	48	3.81995000000000e-02	5.00000000000000e-02
9	69	29	49	3.80456000000000e-02	5.00000000000000e-02
10	70	30	50	3.78413000000000e-02	5.00000000000000e-02
11	71	31	51	3.78914000000000e-02	5.00000000000000e-02
12	72	32	52	3.82473000000000e-02	5.00000000000000e-02
13	73	33	53	3.85710000000000e-02	5.00000000000000e-02
14	74	34	54	3.85558000000000e-02	5.00000000000000e-02
15	75	35	55	3.90576000000000e-02	5.00000000000000e-02
16	76	36	56	3.94406000000000e-02	5.00000000000000e-02
18	78	38	58	3.97393000000000e-02	5.00000000000000e-02
19	79	39	59	4.00612000000000e-02	5.00000000000000e-02
20	80	40	60	3.95091000000000e-02	5.00000000000000e-02
21	81	41	61	3.92405000000000e-02	5.00000000000000e-02
23	83	43	63	3.96877000000000e-02	5.00000000000000e-02
24	84	44	64	3.96531000000000e-02	5.00000000000000e-02
25	85	45	65	4.00078000000000e-02	5.00000000000000e-02
26	86	46	66	3.97070000000000e-02	5.00000000000000e-02
27	87	47	67	4.08905000000000e-02	5.00000000000000e-02
28	88	48	68	4.21103000000000e-02	5.00000000000000e-02
29	89	49	69	4.23668000000000e-02	5.00000000000000e-02
30	90	50	70	4.41823000000000e-02	5.00000000000000e-02
31	91	51	71	4.53679000000000e-02	5.00000000000000e-02
32	92	52	72	4.55493000000000e-02	5.00000000000000e-02
1	64	22	43	3.51244000000000e-02	5.00000000000000e-02
2	65	23	44	3.59738000000000e-02	5.00000000000000e-02
3	66	24	45	3.56746000000000e-02	5.00000000000000e-02
4	67	25	46	3.61979000000000e-02	5.00000000000000e-02
5	68	26	47	3.65939000000000e-02	5.00000000000000e-02
6	69	27	48	3.64968000000000e-02	5.00000000000000e-02
7	70	28	49	3.68031000000000e-02	5.00000000000000e-02
8	71	29	50	3.72247000000000e-02	5.00000000000000e-02
9	72	30	51	3.71301000000000e-02	5.00000000000000e-02
10	73	31	52	3.78054000000000e-02	5.00000000000000e-02
11	74	32	53	3.75417000000000e-02	5.00000000000000e-02
12	75	33	54	3.77958000000000e-02	5.00000000000000e-02
13	76	34	55	3.81758000000000e-02	5.00000000000000e-02
14	77	35	56	3.81298000000000e-02	5.00000000000000e-02
16	79	37	58	3.85575000000000e-02	5.00000000000000e-02
17	80	38	59	3.90777000000000e-02	5.00000000000000e-02
18	81	39	60	3.89905000000000e-02	5.00000000000000e-02
19	82	40	61	3.89187000000000e-02	5.00000000000000e-02
21	84	42	63	3.92818000000000e-02	5.00000000000000e-02
22	85	43	64	3.95541000000000e-02	5.00000000000000e-02
23	86	44	65	3.94725000000000e-02	5.00000000000000e-02
24	87	45	66	3.91992000000000e-02	5.00000000000000e-02
25	88	46	67	4.02113000000000e-02	5.00000000000000e-02
26	89	47	68	4.09721000000000e-02	5.00000000000000e-02
27	90	48	69	4.15934000000000e-02	5.00000000000000e-02
28	91	49	70	4.36238000000000e-02	5.00000000000000e-02
29	92	50	71	4.40839000000000e-02	5.00000000000000e-02
1	67	23	45	3.48798000000000e-02	5.00000000000000e-02
2	68	24	46	3.56057000000000e-02	5.00000000000000e-02
3	69	25	47	3.55622000000000e-02	5.00000000000000e-02
4	70	26	48	3.54486000000000e-02	5.00000000000000e-02
5	71	27	49	3.55570000000000e-02	5.00000000000000e-02
6	72	28	50	3.59368000000000e-02	5.00000000000000e-02
7	73	29	51	3.62885000000000e-02	5.00000000000000e-02
8	74	30	52	3.63441000000000e-02	5.00000000000000e-02
9	75	31	53	3.67132000000000e-02	5.00000000000000e-02
10	76	32	54	3.68030000000000e-02	5.00000000000000e-02
11	77	33	55	3.67051000000000e-02	5.00000000000000e-02
12	78	34	56	3.72631000000000e-02	5.00000000000000e-02
14	80	36	58	3.29856000000000e-02	5.00000000000000e-02
15	81	37	59	3.79335000000000e-02	5.00000000000000e-02
16	82	38	60	3.79377000000000e-02	5.00000000000000e-02
17	83	39	61	3.82332000000000e-02	5.00000000000000e-02
19	85	41	63	3.82429000000000e-02	5.00000000000000e-02
20	86	42	64	3.84061000000000e-02	5.00000000000000e-02
21	87	43	65	3.84240000000000e-02	5.00000000000000e-02
22	88	44	66	3.83778000000000e-02	5.00000000000000e-02
23	89	45	67	3.95611000000000e-02	5.00000000000000e-02
24	90	46	68	4.05996000000000e-02	5.00000000000000e-02
25	91	47	69	4.14527000000000e-02	5.00000000000000e-02
26	92	48	70	4.25818000000000e-02	5.00000000000000e-02
1	70	24	47	3.40451000000000e-02	5.00000000000000e-02
2	71	25	48	3.43403000000000e-02	5.00000000000000e-02
3	72	26	49	3.47940000000000e-02	5.00000000000000e-02
4	73	27	50	3.45318000000000e-02	5.00000000000000e-02
5	74	28	51	3.54840000000000e-02	5.00000000000000e-02
6	75	29	52	3.55845000000000e-02	5.00000000000000e-02
7	76	30	53	3.59884000000000e-02	5.00000000000000e-02
8	77	31	54	3.60187000000000e-02	5.00000000000000e-02
9	78	32	55	3.61912000000000e-02	5.00000000000000e-02
10	79	33	56	3.65744000000000e-02	5.00000000000000e-02
12	81	35	58	3.70032000000000e-02	5.00000000000000e-02
13	82	36	59	3.73122000000000e-02	5.00000000000000e-02
14	83	37	60	3.75633000000000e-02	5.00000000000000e-02
15	84	38	61	3.71426000000000e-02	5.00000000000000e-02
17	86	40	63	3.73911000000000e-02	5.00000000000000e-02
18	87	41	64	3.76990000000000e-02	5.00000000000000e-02
19	88	42	65	3.73873000000000e-02	5.00000000000000e-02
20	89	43	66	3.78182000000000e-02	5.00000000000000e-02
21	90	44	67	3.90906000000000e-02	5.00000000000000e-02
22	91	45	68	4.00829000000000e-02	5.00000000000000e-02
23	92	46	69	4.04570000000000e-02	5.00000000000000e-02
1	73	25	49	3.33268000000000e-02	5.00000000000000e-02
2	74	26	50	3.37658000000000e-02	5.00000000000000e-02
3	75	27	51	3.40902000000000e-02	5.00000000000000e-02
4	76	28	52	3.45689000000000e-02	5.00000000000000e-02
5	77	29	53	3.47861000000000e-02	5.00000000000000e-02
6	78	30	54	3.52599000000000e-02	5.00000000000000e-02
7	79	31	55	3.52550000000000e-02	5.00000000000000e-02
8	80	32	56	3.60360000000000e-02	5.00000000000000e-02
10	82	34	58	3.58880000000000e-02	5.00000000000000e-02
11	83	35	59	3.70634000000000e-02	5.00000000000000e-02
12	84	36	60	3.61897000000000e-02	5.00000000000000e-02
13	85	37	61	3.69921000000000e-02	5.00000000000000e-02
15	87	39	63	3.70851000000000e-02	5.00000000000000e-02
16	88	40	64	3.69008000000000e-02	5.00000000000000e-02
17	89	41	65	3.70870000000000e-02	5.00000000000000e-02
18	90	42	66	3.71659000000000e-02	5.00000000000000e-02
19	91	43	67	3.84844000000000e-02	5.00000000000000e-02
20	92	44	68	3.91127000000000e-02	5.00000000000000e-02
1	76	26	51	3.33291000000000e-02	5.00000000000000e-02
2	77	27	52	3.33940000000000e-02	5.00000000000000e-02
3	78	28	53	3.39554000000000e-02	5.00000000000000e-02
4	79	29	54	3.42468000000000e-02	5.00000000000000e-02
5	80	30	55	3.42866000000000e-02	5.00000000000000e-02
6	81	31	56	3.49158000000000e-02	5.00000000000000e-02
8	83	33	58	3.55541000000000e-02	5.00000000000000e-02
9	84	34	59	3.58317000000000e-02	5.00000000000000e-02
10	85	35	60	3.59766000000000e-02	5.00000000000000e-02
11	86	36	61	3.59700000000000e-02	5.00000000000000e-02
13	88	38	63	3.67150000000000e-02	5.00000000000000e-02
14	89	39	64	3.64145000000000e-02	5.00000000000000e-02
15	90	40	65	3.66867000000000e-02	5.00000000000000e-02
16	91	41	66	3.63201000000000e-02	5.00000000000000e-02
17	92	42	67	3.76731000000000e-02	5.00000000000000e-02
1	79	27	53	3.33879000000000e-02	5.00000000000000e-02
2	80	28	54	3.31297000000000e-02	5.00000000000000e-02
3	81	29	55	3.36157000000000e-02	5.00000000000000e-02
4	82	30	56	3.37230000000000e-02	5.00000000000000e-02
6	84	32	58	3.49665000000000e-02	5.00000000000000e-02
7	85	33	59	3.51402000000000e-02	5.00000000000000e-02
8	86	34	60	3.47314000000000e-02	5.00000000000000e-02
9	87	35	61	3.51771000000000e-02	5.00000000000000e-02
11	89	37	63	3.53300000000000e-02	5.00000000000000e-02
12	90	38	64	3.58804000000000e-02	5.00000000000000e-02
13	91	39	65	3.54489000000000e-02	5.00000000000000e-02
14	92	40	66	3.57437000000000e-02	5.00000000000000e-02
1	82	28	55	3.29860000000000e-02	5.00000000000000e-02
2	83	29	56	3.32813000000000e-02	5.00000000000000e-02
4	85	31	58	3.35946000000000e-02	5.00000000000000e-02
5	86	32	59	3.38817000000000e-02	5.00000000000000e-02
6	87	33	60	3.45872000000000e-02	5.00000000000000e-02
7	88	34	61	3.43051000000000e-02	5.00000000000000e-02
9	90	36	63	3.36299000000000e-02	5.00000000000000e-02
10	91	37	64	3.54735000000000e-02	5.00000000000000e-02
11	92	38	65	3.50722000000000e-02	5.00000000000000e-02
2	86	30	58	3.27288000000000e-02	5.00000000000000e-02
3	87	31	59	3.29063000000000e-02	5.00000000000000e-02
4	88	32	60	3.29492000000000e-02	5.00000000000000e-02
5	89	33	61	3.33122000000000e-02	5.00000000000000e-02
7	91	35	63	3.46424000000000e-02	5.00000000000000e-02
8	92	36	64	3.49817000000000e-02	5.00000000000000e-02
1	88	30	59	2.88895000000000e-02	5.00000000000000e-02
2	89	31	60	3.25460000000000e-02	5.00000000000000e-02
3	90	32	61	3.27165000000000e-02	5.00000000000000e-02
5	92	34	63	3.31128000000000e-02	5.00000000000000e-02
1	91	31	61	3.16654000000000e-02	5.00000000000000e-02
0
