100
# x y z
0	0	0
0.5	0	0
1	0	0
1.5	0	0
2	0	0
2.5	0	0
3	0	0
3.5	0	0
4	0	0
4.5	0	0
5	0	0
5.5	0	0
6	0	0
6.5	0	0
7	0	0
7.5	0	0
8	0	0
8.5	0	0
9	0	0
9.5	0	0
10	0	0
10.5	0	0
11	0	0
11.5	0	0
12	0	0
12.5	0	0
13	0	0
13.5	0	0
14	0	0
14.5	0	0
15	0	0
15.5	0	0
16	0	0
16.5	0	0
17	0	0
17.5	0	0
18	0	0
18.5	0	0
19	0	0
19.5	0	0
20	0	0
20.5	0	0
21	0	0
21.5	0	0
22	0	0
22.5	0	0
23	0	0
23.5	0	0
24	0	0
24.5	0	0
25	0	0
25.5	0	0
26	0	0
26.5	0	0
27	0	0
27.5	0	0
28	0	0
28.5	0	0
29	0	0
29.5	0	0
30	0	0
30.5	0	0
31	0	0
31.5	0	0
32	0	0
32.5	0	0
33	0	0
33.5	0	0
34	0	0
34.5	0	0
35	0	0
35.5	0	0
36	0	0
36.5	0	0
37	0	0
37.5	0	0
38	0	0
38.5	0	0
39	0	0
39.5	0	0
40	0	0
40.5	0	0
41	0	0
41.5	0	0
42	0	0
42.5	0	0
43	0	0
43.5	0	0
44	0	0
44.5	0	0
45	0	0
45.5	0	0
46	0	0
46.5	0	0
47	0	0
47.5	0	0
48	0	0
48.5	0	0
49	0	0
49.5	0	0
1487
# a b m n u i
1	4	2	3	6.74719000000000e-02	1.00000000000000e-02
2	5	3	4	7.59963000000000e-02	1.00000000000000e-02
3	6	4	5	6.87973000000000e-02	1.00000000000000e-02
4	7	5	6	7.43775000000000e-02	1.00000000000000e-02
5	8	6	7	7.11532000000000e-02	1.00000000000000e-02
6	9	7	8	6.81827000000000e-02	1.00000000000000e-02
7	10	8	9	6.90667000000000e-02	1.00000000000000e-02
8	11	9	10	6.85608000000000e-02	1.00000000000000e-02
9	12	10	11	6.51636000000000e-02	1.00000000000000e-02
10	13	11	12	6.78161000000000e-02	1.00000000000000e-02
11	14	12	13	5.74448000000000e-02	1.00000000000000e-02
12	15	13	14	6.42714000000000e-02	1.00000000000000e-02
13	16	14	15	6.02615000000000e-02	1.00000000000000e-02
14	17	15	16	6.11684000000000e-02	1.00000000000000e-02
15	18	16	17	6.06170000000000e-02	1.00000000000000e-02
16	19	17	18	6.54221000000000e-02	1.00000000000000e-02
17	20	18	19	6.85521000000000e-02	1.00000000000000e-02
18	21	19	20	6.90395000000000e-02	1.00000000000000e-02
19	22	20	21	7.35833000000000e-02	1.00000000000000e-02
20	23	21	22	7.34698000000000e-02	1.00000000000000e-02
21	24	22	23	8.08290000000000e-02	1.00000000000000e-02
22	25	23	24	8.34030000000000e-02	1.00000000000000e-02
23	26	24	25	8.70072000000000e-02	1.00000000000000e-02
24	27	25	26	8.79890000000000e-02	1.00000000000000e-02
25	28	26	27	9.95818000000000e-02	1.00000000000000e-02
26	29	27	28	8.59073000000000e-02	1.00000000000000e-02
27	30	28	29	1.07180200000000e-01	1.00000000000000e-02
28	31	29	30	9.30187000000000e-02	1.00000000000000e-02
29	32	30	31	1.03029100000000e-01	1.00000000000000e-02
30	33	31	32	8.55360000000000e-02	1.00000000000000e-02
31	34	32	33	9.90175000000000e-02	1.00000000000000e-02
32	35	33	34	8.80243000000000e-02	1.00000000000000e-02
33	36	34	35	8.82382000000000e-02	1.00000000000000e-02
34	37	35	36	9.34682000000000e-02	1.00000000000000e-02
35	38	36	37	8.27689000000000e-02	1.00000000000000e-02
36	39	37	38	9.46794000000000e-02	1.00000000000000e-02
37	40	38	39	8.85137000000000e-02	1.00000000000000e-02
38	41	39	40	8.98135000000000e-02	1.00000000000000e-02
39	42	40	41	9.17176000000000e-02	1.00000000000000e-02
41	44	42	43	9.06724000000000e-02	1.00000000000000e-02
43	46	44	45	8.96926000000000e-02	1.00000000000000e-02
44	47	45	46	1.10851000000000e-01	1.00000000000000e-02
46	49	47	48	1.09118900000000e-01	1.00000000000000e-02
47	50	48	49	1.01267600000000e-01	1.00000000000000e-02
48	51	49	50	1.08091600000000e-01	1.00000000000000e-02
49	52	50	51	1.11320800000000e-01	1.00000000000000e-02
50	53	51	52	1.13400300000000e-01	1.00000000000000e-02
51	54	52	53	1.09954900000000e-01	1.00000000000000e-02
52	55	53	54	1.04851900000000e-01	1.00000000000000e-02
53	56	54	55	1.16154900000000e-01	1.00000000000000e-02
54	57	55	56	1.08477200000000e-01	1.00000000000000e-02
55	58	56	57	1.02153200000000e-01	1.00000000000000e-02
56	59	57	58	1.12255700000000e-01	1.00000000000000e-02
57	60	58	59	9.45312000000000e-02	1.00000000000000e-02
58	61	59	60	1.12530800000000e-01	1.00000000000000e-02
59	62	60	61	9.93698000000000e-02	1.00000000000000e-02
60	63	61	62	1.04834700000000e-01	1.00000000000000e-02
61	64	62	63	1.00986200000000e-01	1.00000000000000e-02
63	66	64	65	1.07443200000000e-01	1.00000000000000e-02
64	67	65	66	9.35658000000000e-02	1.00000000000000e-02
65	68	66	67	1.40997100000000e-01	1.00000000000000e-02
66	69	67	68	9.10312000000000e-02	1.00000000000000e-02
67	70	68	69	1.25873900000000e-01	1.00000000000000e-02
69	72	70	71	1.31698300000000e-01	1.00000000000000e-02
70	73	71	72	1.14307500000000e-01	1.00000000000000e-02
71	74	72	73	8.61046000000000e-02	1.00000000000000e-02
72	75	73	74	1.36096600000000e-01	1.00000000000000e-02
73	76	74	75	1.18825900000000e-01	1.00000000000000e-02
74	77	75	76	1.30666200000000e-01	1.00000000000000e-02
75	78	76	77	1.15070300000000e-01	1.00000000000000e-02
76	79	77	78	1.31815200000000e-01	1.00000000000000e-02
77	80	78	79	1.15691500000000e-01	1.00000000000000e-02
78	81	79	80	1.24082700000000e-01	1.00000000000000e-02
79	82	80	81	1.17575300000000e-01	1.00000000000000e-02
80	83	81	82	1.32005100000000e-01	1.00000000000000e-02
81	84	82	83	1.16753800000000e-01	1.00000000000000e-02
82	85	83	84	1.27260500000000e-01	1.00000000000000e-02
83	86	84	85	1.32110500000000e-01	1.00000000000000e-02
84	87	85	86	1.35265000000000e-01	1.00000000000000e-02
85	88	86	87	1.40065500000000e-01	1.00000000000000e-02
86	89	87	88	1.52474200000000e-01	1.00000000000000e-02
87	90	88	89	1.33710300000000e-01	1.00000000000000e-02
88	91	89	90	1.46323100000000e-01	1.00000000000000e-02
89	92	90	91	1.30583200000000e-01	1.00000000000000e-02
90	93	91	92	1.38452800000000e-01	1.00000000000000e-02
91	94	92	93	1.27793200000000e-01	1.00000000000000e-02
92	95	93	94	1.40733100000000e-01	1.00000000000000e-02
94	97	95	96	1.49150200000000e-01	1.00000000000000e-02
95	98	96	97	1.19632900000000e-01	1.00000000000000e-02
96	99	97	98	1.49290100000000e-01	1.00000000000000e-02
97	100	98	99	1.27676800000000e-01	1.00000000000000e-02
1	7	3	5	4.08218000000000e-02	1.00000000000000e-02
2	8	4	6	4.30849000000000e-02	1.00000000000000e-02
3	9	5	7	4.31991000000000e-02	1.00000000000000e-02
4	10	6	8	4.13519000000000e-02	1.00000000000000e-02
5	11	7	9	3.96431000000000e-02	1.00000000000000e-02
6	12	8	10	4.02316000000000e-02	1.00000000000000e-02
7	13	9	11	4.15968000000000e-02	1.00000000000000e-02
8	14	10	12	3.96797000000000e-02	1.00000000000000e-02
9	15	11	13	3.66790000000000e-02	1.00000000000000e-02
10	16	12	14	3.70227000000000e-02	1.00000000000000e-02
11	17	13	15	3.88927000000000e-02	1.00000000000000e-02
12	18	14	16	3.74902000000000e-02	1.00000000000000e-02
13	19	15	17	3.69292000000000e-02	1.00000000000000e-02
14	20	16	18	3.78787000000000e-02	1.00000000000000e-02
15	21	17	19	4.08677000000000e-02	1.00000000000000e-02
16	22	18	20	4.35493000000000e-02	1.00000000000000e-02
17	23	19	21	4.46556000000000e-02	1.00000000000000e-02
18	24	20	22	4.65906000000000e-02	1.00000000000000e-02
19	25	21	23	4.93282000000000e-02	1.00000000000000e-02
20	26	22	24	5.02841000000000e-02	1.00000000000000e-02
21	27	23	25	4.92466000000000e-02	1.00000000000000e-02
22	28	24	26	5.27039000000000e-02	1.00000000000000e-02
23	29	25	27	5.56152000000000e-02	1.00000000000000e-02
24	30	26	28	5.40715000000000e-02	1.00000000000000e-02
25	31	27	29	5.28858000000000e-02	1.00000000000000e-02
26	32	28	30	5.56963000000000e-02	1.00000000000000e-02
27	33	29	31	5.41429000000000e-02	1.00000000000000e-02
28	34	30	32	5.10823000000000e-02	1.00000000000000e-02
29	35	31	33	5.36845000000000e-02	1.00000000000000e-02
30	36	32	34	5.54060000000000e-02	1.00000000000000e-02
31	37	33	35	5.23781000000000e-02	1.00000000000000e-02
32	38	34	36	5.05961000000000e-02	1.00000000000000e-02
33	39	35	37	5.13604000000000e-02	1.00000000000000e-02
34	40	36	38	5.48969000000000e-02	1.00000000000000e-02
35	41	37	39	5.70906000000000e-02	1.00000000000000e-02
36	42	38	40	5.39945000000000e-02	1.00000000000000e-02
37	43	39	41	5.45758000000000e-02	1.00000000000000e-02
39	45	41	43	5.60265000000000e-02	1.00000000000000e-02
41	47	43	45	5.96846000000000e-02	1.00000000000000e-02
42	48	44	46	5.61497000000000e-02	1.00000000000000e-02
44	50	46	48	6.15882000000000e-02	1.00000000000000e-02
45	51	47	49	6.08425000000000e-02	1.00000000000000e-02
46	52	48	50	5.81067000000000e-02	1.00000000000000e-02
47	53	49	51	6.20306000000000e-02	1.00000000000000e-02
48	54	50	52	6.86583000000000e-02	1.00000000000000e-02
49	55	51	53	6.38254000000000e-02	1.00000000000000e-02
50	56	52	54	5.99885000000000e-02	1.00000000000000e-02
51	57	53	55	6.41321000000000e-02	1.00000000000000e-02
52	58	54	56	6.75208000000000e-02	1.00000000000000e-02
53	59	55	57	6.46228000000000e-02	1.00000000000000e-02
54	60	56	58	6.20203000000000e-02	1.00000000000000e-02
55	61	57	59	6.04718000000000e-02	1.00000000000000e-02
56	62	58	60	6.14699000000000e-02	1.00000000000000e-02
57	63	59	61	6.39258000000000e-02	1.00000000000000e-02
58	64	60	62	6.21014000000000e-02	1.00000000000000e-02
59	65	61	63	6.13265000000000e-02	1.00000000000000e-02
61	67	63	65	6.05855000000000e-02	1.00000000000000e-02
62	68	64	66	6.02004000000000e-02	1.00000000000000e-02
63	69	65	67	6.61455000000000e-02	1.00000000000000e-02
64	70	66	68	6.47034000000000e-02	1.00000000000000e-02
65	71	67	69	5.70711000000000e-02	1.00000000000000e-02
67	73	69	71	7.47008000000000e-02	1.00000000000000e-02
68	74	70	72	6.27422000000000e-02	1.00000000000000e-02
69	75	71	73	6.19539000000000e-02	1.00000000000000e-02
70	76	72	74	6.93313000000000e-02	1.00000000000000e-02
71	77	73	75	7.21489000000000e-02	1.00000000000000e-02
72	78	74	76	6.47799000000000e-02	1.00000000000000e-02
73	79	75	77	6.58601000000000e-02	1.00000000000000e-02
74	80	76	78	7.05975000000000e-02	1.00000000000000e-02
75	81	77	79	7.21681000000000e-02	1.00000000000000e-02
76	82	78	80	6.70500000000000e-02	1.00000000000000e-02
77	83	79	81	6.58788000000000e-02	1.00000000000000e-02
78	84	80	82	7.10027000000000e-02	1.00000000000000e-02
79	85	81	83	7.36463000000000e-02	1.00000000000000e-02
80	86	82	84	7.35894000000000e-02	1.00000000000000e-02
81	87	83	85	7.40653000000000e-02	1.00000000000000e-02
82	88	84	86	7.43825000000000e-02	1.00000000000000e-02
83	89	85	87	7.56800000000000e-02	1.00000000000000e-02
84	90	86	88	8.10694000000000e-02	1.00000000000000e-02
85	91	87	89	8.06355000000000e-02	1.00000000000000e-02
86	92	88	90	7.96164000000000e-02	1.00000000000000e-02
87	93	89	91	7.92952000000000e-02	1.00000000000000e-02
88	94	90	92	7.94177000000000e-02	1.00000000000000e-02
89	95	91	93	8.13321000000000e-02	1.00000000000000e-02
90	96	92	94	8.02010000000000e-02	1.00000000000000e-02
92	98	94	96	7.79720000000000e-02	1.00000000000000e-02
93	99	95	97	7.65477000000000e-02	1.00000000000000e-02
94	100	96	98	8.14212000000000e-02	1.00000000000000e-02
1	10	4	7	3.45793000000000e-02	1.00000000000000e-02
2	11	5	8	3.45034000000000e-02	1.00000000000000e-02
3	12	6	9	3.29788000000000e-02	1.00000000000000e-02
4	13	7	10	3.36014000000000e-02	1.00000000000000e-02
5	14	8	11	3.39210000000000e-02	1.00000000000000e-02
6	15	9	12	3.42400000000000e-02	1.00000000000000e-02
7	16	10	13	3.32076000000000e-02	1.00000000000000e-02
8	17	11	14	3.27403000000000e-02	1.00000000000000e-02
9	18	12	15	3.20257000000000e-02	1.00000000000000e-02
10	19	13	16	3.29233000000000e-02	1.00000000000000e-02
11	20	14	17	3.23550000000000e-02	1.00000000000000e-02
12	21	15	18	3.28826000000000e-02	1.00000000000000e-02
13	22	16	19	3.46719000000000e-02	1.00000000000000e-02
14	23	17	20	3.67054000000000e-02	1.00000000000000e-02
15	24	18	21	3.84270000000000e-02	1.00000000000000e-02
16	25	19	22	3.97383000000000e-02	1.00000000000000e-02
17	26	20	23	4.05824000000000e-02	1.00000000000000e-02
18	27	21	24	4.04078000000000e-02	1.00000000000000e-02
19	28	22	25	4.19259000000000e-02	1.00000000000000e-02
20	29	23	26	4.27799000000000e-02	1.00000000000000e-02
21	30	24	27	4.47215000000000e-02	1.00000000000000e-02
22	31	25	28	4.41634000000000e-02	1.00000000000000e-02
23	32	26	29	4.59877000000000e-02	1.00000000000000e-02
24	33	27	30	4.46733000000000e-02	1.00000000000000e-02
25	34	28	31	4.55106000000000e-02	1.00000000000000e-02
26	35	29	32	4.37879000000000e-02	1.00000000000000e-02
27	36	30	33	4.52732000000000e-02	1.00000000000000e-02
28	37	31	34	4.44919000000000e-02	1.00000000000000e-02
29	38	32	35	4.52936000000000e-02	1.00000000000000e-02
30	39	33	36	4.32156000000000e-02	1.00000000000000e-02
31	40	34	37	4.32917000000000e-02	1.00000000000000e-02
32	41	35	38	4.47801000000000e-02	1.00000000000000e-02
33	42	36	39	4.62112000000000e-02	1.00000000000000e-02
34	43	37	40	4.74300000000000e-02	1.00000000000000e-02
35	44	38	41	4.63586000000000e-02	1.00000000000000e-02
37	46	40	43	4.37797000000000e-02	1.00000000000000e-02
39	48	42	45	2.11029600000000e-01	5.00000000000000e-02
40	49	43	46	2.46076700000000e-01	5.00000000000000e-02
42	51	45	48	2.52127200000000e-01	5.00000000000000e-02
43	52	46	49	2.38539800000000e-01	5.00000000000000e-02
44	53	47	50	2.47138000000000e-01	5.00000000000000e-02
45	54	48	51	2.48279400000000e-01	5.00000000000000e-02
46	55	49	52	2.60900700000000e-01	5.00000000000000e-02
47	56	50	53	2.26650700000000e-01	5.00000000000000e-02
48	57	51	54	2.56378100000000e-01	5.00000000000000e-02
49	58	52	55	2.55199700000000e-01	5.00000000000000e-02
50	59	53	56	2.60942100000000e-01	5.00000000000000e-02
51	60	54	57	2.62515600000000e-01	5.00000000000000e-02
52	61	55	58	2.39600400000000e-01	5.00000000000000e-02
53	62	56	59	2.44578000000000e-01	5.00000000000000e-02
54	63	57	60	2.50200900000000e-01	5.00000000000000e-02
55	64	58	61	2.50464300000000e-01	5.00000000000000e-02
56	65	59	62	2.60347800000000e-01	5.00000000000000e-02
57	66	60	63	2.58694800000000e-01	5.00000000000000e-02
59	68	62	65	2.36998300000000e-01	5.00000000000000e-02
60	69	63	66	2.50104000000000e-01	5.00000000000000e-02
61	70	64	67	2.65290100000000e-01	5.00000000000000e-02
62	71	65	68	2.46432600000000e-01	5.00000000000000e-02
63	72	66	69	2.59046800000000e-01	5.00000000000000e-02
65	74	68	71	2.71780200000000e-01	5.00000000000000e-02
66	75	69	72	2.64076400000000e-01	5.00000000000000e-02
67	76	70	73	2.73963900000000e-01	5.00000000000000e-02
68	77	71	74	2.63590300000000e-01	5.00000000000000e-02
69	78	72	75	2.65057200000000e-01	5.00000000000000e-02
70	79	73	76	2.68888500000000e-01	5.00000000000000e-02
71	80	74	77	2.64954600000000e-01	5.00000000000000e-02
72	81	75	78	2.76683200000000e-01	5.00000000000000e-02
73	82	76	79	2.74970400000000e-01	5.00000000000000e-02
74	83	77	80	2.79311200000000e-01	5.00000000000000e-02
75	84	78	81	2.67361300000000e-01	5.00000000000000e-02
76	85	79	82	2.79098600000000e-01	5.00000000000000e-02
77	86	80	83	2.84726100000000e-01	5.00000000000000e-02
78	87	81	84	6.03196000000000e-02	1.00000000000000e-02
79	88	82	85	5.84302000000000e-02	1.00000000000000e-02
80	89	83	86	5.92073000000000e-02	1.00000000000000e-02
81	90	84	87	5.90033000000000e-02	1.00000000000000e-02
82	91	85	88	6.22246000000000e-02	1.00000000000000e-02
83	92	86	89	6.21376000000000e-02	1.00000000000000e-02
84	93	87	90	6.34376000000000e-02	1.00000000000000e-02
85	94	88	91	6.13661000000000e-02	1.00000000000000e-02
86	95	89	92	6.32780000000000e-02	1.00000000000000e-02
87	96	90	93	6.22125000000000e-02	1.00000000000000e-02
88	97	91	94	6.46234000000000e-02	1.00000000000000e-02
90	99	93	96	6.37246000000000e-02	1.00000000000000e-02
91	100	94	97	6.18494000000000e-02	1.00000000000000e-02
1	13	5	9	3.07376000000000e-02	1.00000000000000e-02
2	14	6	10	3.06944000000000e-02	1.00000000000000e-02
3	15	7	11	3.05382000000000e-02	1.00000000000000e-02
4	16	8	12	3.10468000000000e-02	1.00000000000000e-02
5	17	9	13	3.10948000000000e-02	1.00000000000000e-02
6	18	10	14	3.09086000000000e-02	1.00000000000000e-02
7	19	11	15	3.02792000000000e-02	1.00000000000000e-02
8	20	12	16	2.95942000000000e-02	1.00000000000000e-02
9	21	13	17	2.99741000000000e-02	1.00000000000000e-02
10	22	14	18	3.01481000000000e-02	1.00000000000000e-02
11	23	15	19	3.15202000000000e-02	1.00000000000000e-02
12	24	16	20	3.30385000000000e-02	1.00000000000000e-02
13	25	17	21	3.43335000000000e-02	1.00000000000000e-02
14	26	18	22	3.55213000000000e-02	1.00000000000000e-02
15	27	19	23	3.59448000000000e-02	1.00000000000000e-02
16	28	20	24	3.68467000000000e-02	1.00000000000000e-02
17	29	21	25	3.68656000000000e-02	1.00000000000000e-02
18	30	22	26	3.74938000000000e-02	1.00000000000000e-02
19	31	23	27	3.85929000000000e-02	1.00000000000000e-02
20	32	24	28	3.92709000000000e-02	1.00000000000000e-02
21	33	25	29	4.01892000000000e-02	1.00000000000000e-02
22	34	26	30	4.00489000000000e-02	1.00000000000000e-02
23	35	27	31	4.04355000000000e-02	1.00000000000000e-02
24	36	28	32	4.00309000000000e-02	1.00000000000000e-02
25	37	29	33	4.03952000000000e-02	1.00000000000000e-02
26	38	30	34	4.00320000000000e-02	1.00000000000000e-02
27	39	31	35	3.85876000000000e-02	1.00000000000000e-02
28	40	32	36	3.99111000000000e-02	1.00000000000000e-02
29	41	33	37	3.86684000000000e-02	1.00000000000000e-02
30	42	34	38	3.97129000000000e-02	1.00000000000000e-02
31	43	35	39	4.07536000000000e-02	1.00000000000000e-02
32	44	36	40	4.08979000000000e-02	1.00000000000000e-02
33	45	37	41	4.25067000000000e-02	1.00000000000000e-02
35	47	39	43	4.12206000000000e-02	1.00000000000000e-02
37	49	41	45	4.15829000000000e-02	1.00000000000000e-02
38	50	42	46	4.13354000000000e-02	1.00000000000000e-02
40	52	44	48	1.76732300000000e-01	5.00000000000000e-02
41	53	45	49	2.14025000000000e-01	5.00000000000000e-02
42	54	46	50	2.14042300000000e-01	5.00000000000000e-02
43	55	47	51	2.15107900000000e-01	5.00000000000000e-02
44	56	48	52	2.13999500000000e-01	5.00000000000000e-02
45	57	49	53	2.06446800000000e-01	5.00000000000000e-02
46	58	50	54	2.25252500000000e-01	5.00000000000000e-02
47	59	51	55	2.28766300000000e-01	5.00000000000000e-02
48	60	52	56	2.25289200000000e-01	5.00000000000000e-02
49	61	53	57	2.22047300000000e-01	5.00000000000000e-02
50	62	54	58	2.23068500000000e-01	5.00000000000000e-02
51	63	55	59	1.98244300000000e-01	5.00000000000000e-02
52	64	56	60	2.16735300000000e-01	5.00000000000000e-02
53	65	57	61	2.19102900000000e-01	5.00000000000000e-02
54	66	58	62	2.19072200000000e-01	5.00000000000000e-02
55	67	59	63	2.23182500000000e-01	5.00000000000000e-02
57	69	61	65	2.23656000000000e-01	5.00000000000000e-02
58	70	62	66	2.19103100000000e-01	5.00000000000000e-02
59	71	63	67	2.23575800000000e-01	5.00000000000000e-02
60	72	64	68	2.16414000000000e-01	5.00000000000000e-02
61	73	65	69	2.20029300000000e-01	5.00000000000000e-02
63	75	67	71	2.22906900000000e-01	5.00000000000000e-02
64	76	68	72	2.28877000000000e-01	5.00000000000000e-02
65	77	69	73	1.80351200000000e-01	5.00000000000000e-02
66	78	70	74	2.18125500000000e-01	5.00000000000000e-02
67	79	71	75	2.27841200000000e-01	5.00000000000000e-02
68	80	72	76	2.30701100000000e-01	5.00000000000000e-02
69	81	73	77	2.30094800000000e-01	5.00000000000000e-02
70	82	74	78	2.27414800000000e-01	5.00000000000000e-02
71	83	75	79	2.35981300000000e-01	5.00000000000000e-02
72	84	76	80	2.33027300000000e-01	5.00000000000000e-02
73	85	77	81	2.36090700000000e-01	5.00000000000000e-02
74	86	78	82	2.40213500000000e-01	5.00000000000000e-02
75	87	79	83	2.41501400000000e-01	5.00000000000000e-02
76	88	80	84	2.44186000000000e-01	5.00000000000000e-02
77	89	81	85	2.49971900000000e-01	5.00000000000000e-02
78	90	82	86	2.48768600000000e-01	5.00000000000000e-02
79	91	83	87	2.53883300000000e-01	5.00000000000000e-02
80	92	84	88	2.59474200000000e-01	5.00000000000000e-02
81	93	85	89	2.58039800000000e-01	5.00000000000000e-02
82	94	86	90	2.64414400000000e-01	5.00000000000000e-02
83	95	87	91	2.64475600000000e-01	5.00000000000000e-02
84	96	88	92	2.60127200000000e-01	5.00000000000000e-02
85	97	89	93	2.63596900000000e-01	5.00000000000000e-02
86	98	90	94	2.61455200000000e-01	5.00000000000000e-02
88	100	92	96	2.69449900000000e-01	5.00000000000000e-02
1	16	6	11	1.45527600000000e-01	5.00000000000000e-02
2	17	7	12	1.46755600000000e-01	5.00000000000000e-02
3	18	8	13	1.43318300000000e-01	5.00000000000000e-02
4	19	9	14	1.45188300000000e-01	5.00000000000000e-02
5	20	10	15	1.43280400000000e-01	5.00000000000000e-02
6	21	11	16	1.40791000000000e-01	5.00000000000000e-02
7	22	12	17	1.38949200000000e-01	5.00000000000000e-02
8	23	13	18	1.41181700000000e-01	5.00000000000000e-02
9	24	14	19	1.45030800000000e-01	5.00000000000000e-02
10	25	15	20	1.50089900000000e-01	5.00000000000000e-02
11	26	16	21	1.54797700000000e-01	5.00000000000000e-02
12	27	17	22	1.59902700000000e-01	5.00000000000000e-02
13	28	18	23	1.65732000000000e-01	5.00000000000000e-02
14	29	19	24	1.67737500000000e-01	5.00000000000000e-02
15	30	20	25	1.68631700000000e-01	5.00000000000000e-02
16	31	21	26	1.71252200000000e-01	5.00000000000000e-02
17	32	22	27	1.77111900000000e-01	5.00000000000000e-02
18	33	23	28	1.74799900000000e-01	5.00000000000000e-02
19	34	24	29	1.79869300000000e-01	5.00000000000000e-02
20	35	25	30	1.83072700000000e-01	5.00000000000000e-02
21	36	26	31	1.83975000000000e-01	5.00000000000000e-02
22	37	27	32	1.79400700000000e-01	5.00000000000000e-02
23	38	28	33	1.84611400000000e-01	5.00000000000000e-02
24	39	29	34	1.80344800000000e-01	5.00000000000000e-02
25	40	30	35	1.79206500000000e-01	5.00000000000000e-02
26	41	31	36	1.76655700000000e-01	5.00000000000000e-02
27	42	32	37	1.78613400000000e-01	5.00000000000000e-02
28	43	33	38	1.80421900000000e-01	5.00000000000000e-02
29	44	34	39	1.83173600000000e-01	5.00000000000000e-02
30	45	35	40	1.84975500000000e-01	5.00000000000000e-02
31	46	36	41	1.87530400000000e-01	5.00000000000000e-02
33	48	38	43	1.85234100000000e-01	5.00000000000000e-02
35	50	40	45	1.88795700000000e-01	5.00000000000000e-02
36	51	41	46	1.90436400000000e-01	5.00000000000000e-02
38	53	43	48	1.94778200000000e-01	5.00000000000000e-02
39	54	44	49	1.68174300000000e-01	5.00000000000000e-02
40	55	45	50	1.89344200000000e-01	5.00000000000000e-02
41	56	46	51	1.90510400000000e-01	5.00000000000000e-02
42	57	47	52	1.99686500000000e-01	5.00000000000000e-02
43	58	48	53	1.86141300000000e-01	5.00000000000000e-02
44	59	49	54	2.00705700000000e-01	5.00000000000000e-02
45	60	50	55	2.04686600000000e-01	5.00000000000000e-02
46	61	51	56	2.02204000000000e-01	5.00000000000000e-02
47	62	52	57	1.96414600000000e-01	5.00000000000000e-02
48	63	53	58	1.96122400000000e-01	5.00000000000000e-02
49	64	54	59	1.92017500000000e-01	5.00000000000000e-02
50	65	55	60	1.89797100000000e-01	5.00000000000000e-02
51	66	56	61	1.92810800000000e-01	5.00000000000000e-02
52	67	57	62	1.92530700000000e-01	5.00000000000000e-02
53	68	58	63	1.96082600000000e-01	5.00000000000000e-02
55	70	60	65	1.99019100000000e-01	5.00000000000000e-02
56	71	61	66	1.92591300000000e-01	5.00000000000000e-02
57	72	62	67	2.01184000000000e-01	5.00000000000000e-02
58	73	63	68	1.95472300000000e-01	5.00000000000000e-02
59	74	64	69	1.90416200000000e-01	5.00000000000000e-02
61	76	66	71	2.04877700000000e-01	5.00000000000000e-02
62	77	67	72	1.95789800000000e-01	5.00000000000000e-02
63	78	68	73	1.82060300000000e-01	5.00000000000000e-02
64	79	69	74	2.06989800000000e-01	5.00000000000000e-02
65	80	70	75	1.90610700000000e-01	5.00000000000000e-02
66	81	71	76	1.99433400000000e-01	5.00000000000000e-02
67	82	72	77	2.05541800000000e-01	5.00000000000000e-02
68	83	73	78	2.04156900000000e-01	5.00000000000000e-02
69	84	74	79	1.99698400000000e-01	5.00000000000000e-02
70	85	75	80	2.02468700000000e-01	5.00000000000000e-02
71	86	76	81	2.07061900000000e-01	5.00000000000000e-02
72	87	77	82	2.11906900000000e-01	5.00000000000000e-02
73	88	78	83	2.08485900000000e-01	5.00000000000000e-02
74	89	79	84	2.13279800000000e-01	5.00000000000000e-02
75	90	80	85	2.14695000000000e-01	5.00000000000000e-02
76	91	81	86	2.18796700000000e-01	5.00000000000000e-02
77	92	82	87	2.17742500000000e-01	5.00000000000000e-02
78	93	83	88	2.26251700000000e-01	5.00000000000000e-02
79	94	84	89	2.24344100000000e-01	5.00000000000000e-02
80	95	85	90	2.28472200000000e-01	5.00000000000000e-02
81	96	86	91	2.25692400000000e-01	5.00000000000000e-02
82	97	87	92	2.29805400000000e-01	5.00000000000000e-02
83	98	88	93	2.23077800000000e-01	5.00000000000000e-02
84	99	89	94	2.26501200000000e-01	5.00000000000000e-02
1	19	7	13	1.36936900000000e-01	5.00000000000000e-02
2	20	8	14	1.37505500000000e-01	5.00000000000000e-02
3	21	9	15	1.35815600000000e-01	5.00000000000000e-02
4	22	10	16	1.34759200000000e-01	5.00000000000000e-02
5	23	11	17	1.32190500000000e-01	5.00000000000000e-02
6	24	12	18	1.32135500000000e-01	5.00000000000000e-02
7	25	13	19	1.36520200000000e-01	5.00000000000000e-02
8	26	14	20	1.38141900000000e-01	5.00000000000000e-02
9	27	15	21	1.40884400000000e-01	5.00000000000000e-02
10	28	16	22	1.46035300000000e-01	5.00000000000000e-02
11	29	17	23	1.52129000000000e-01	5.00000000000000e-02
12	30	18	24	1.56424700000000e-01	5.00000000000000e-02
13	31	19	25	1.57155300000000e-01	5.00000000000000e-02
14	32	20	26	1.61424700000000e-01	5.00000000000000e-02
15	33	21	27	1.63907400000000e-01	5.00000000000000e-02
16	34	22	28	1.63860300000000e-01	5.00000000000000e-02
17	35	23	29	1.66829800000000e-01	5.00000000000000e-02
18	36	24	30	1.67065400000000e-01	5.00000000000000e-02
19	37	25	31	1.70039700000000e-01	5.00000000000000e-02
20	38	26	32	1.66581200000000e-01	5.00000000000000e-02
21	39	27	33	1.66066700000000e-01	5.00000000000000e-02
22	40	28	34	1.68741400000000e-01	5.00000000000000e-02
23	41	29	35	1.64225200000000e-01	5.00000000000000e-02
24	42	30	36	1.63300000000000e-01	5.00000000000000e-02
25	43	31	37	1.61433600000000e-01	5.00000000000000e-02
26	44	32	38	1.66931700000000e-01	5.00000000000000e-02
27	45	33	39	1.67497800000000e-01	5.00000000000000e-02
28	46	34	40	1.59920900000000e-01	5.00000000000000e-02
29	47	35	41	1.63135500000000e-01	5.00000000000000e-02
31	49	37	43	1.74923800000000e-01	5.00000000000000e-02
33	51	39	45	1.73768000000000e-01	5.00000000000000e-02
34	52	40	46	1.52083900000000e-01	5.00000000000000e-02
36	54	42	48	1.42290300000000e-01	5.00000000000000e-02
37	55	43	49	1.70856000000000e-01	5.00000000000000e-02
38	56	44	50	1.70754800000000e-01	5.00000000000000e-02
39	57	45	51	1.74597000000000e-01	5.00000000000000e-02
40	58	46	52	1.77754300000000e-01	5.00000000000000e-02
41	59	47	53	1.81633100000000e-01	5.00000000000000e-02
42	60	48	54	1.78702300000000e-01	5.00000000000000e-02
43	61	49	55	1.81821900000000e-01	5.00000000000000e-02
44	62	50	56	1.82339300000000e-01	5.00000000000000e-02
45	63	51	57	1.79535500000000e-01	5.00000000000000e-02
46	64	52	58	1.76837500000000e-01	5.00000000000000e-02
47	65	53	59	1.73004100000000e-01	5.00000000000000e-02
48	66	54	60	1.77647300000000e-01	5.00000000000000e-02
49	67	55	61	1.70599700000000e-01	5.00000000000000e-02
50	68	56	62	1.25019300000000e-01	5.00000000000000e-02
51	69	57	63	1.74626400000000e-01	5.00000000000000e-02
53	71	59	65	1.78171700000000e-01	5.00000000000000e-02
54	72	60	66	1.74911600000000e-01	5.00000000000000e-02
55	73	61	67	1.81669900000000e-01	5.00000000000000e-02
56	74	62	68	1.74090400000000e-01	5.00000000000000e-02
57	75	63	69	1.74847900000000e-01	5.00000000000000e-02
59	77	65	71	1.80864300000000e-01	5.00000000000000e-02
60	78	66	72	1.81831600000000e-01	5.00000000000000e-02
61	79	67	73	1.77679500000000e-01	5.00000000000000e-02
62	80	68	74	1.85640600000000e-01	5.00000000000000e-02
63	81	69	75	1.84215800000000e-01	5.00000000000000e-02
64	82	70	76	1.64983900000000e-01	5.00000000000000e-02
65	83	71	77	1.77944600000000e-01	5.00000000000000e-02
66	84	72	78	1.82320500000000e-01	5.00000000000000e-02
67	85	73	79	1.85439000000000e-01	5.00000000000000e-02
68	86	74	80	1.79554700000000e-01	5.00000000000000e-02
69	87	75	81	1.80043500000000e-01	5.00000000000000e-02
70	88	76	82	1.83735300000000e-01	5.00000000000000e-02
71	89	77	83	1.87789000000000e-01	5.00000000000000e-02
72	90	78	84	1.86692100000000e-01	5.00000000000000e-02
73	91	79	85	1.89773700000000e-01	5.00000000000000e-02
74	92	80	86	1.93169100000000e-01	5.00000000000000e-02
75	93	81	87	1.95916000000000e-01	5.00000000000000e-02
76	94	82	88	1.97083200000000e-01	5.00000000000000e-02
77	95	83	89	1.98692200000000e-01	5.00000000000000e-02
78	96	84	90	1.99757600000000e-01	5.00000000000000e-02
79	97	85	91	2.00707700000000e-01	5.00000000000000e-02
80	98	86	92	1.99805900000000e-01	5.00000000000000e-02
81	99	87	93	1.99530100000000e-01	5.00000000000000e-02
82	100	88	94	1.99989700000000e-01	5.00000000000000e-02
1	22	8	15	1.29798400000000e-01	5.00000000000000e-02
2	23	9	16	1.29437800000000e-01	5.00000000000000e-02
3	24	10	17	1.26830800000000e-01	5.00000000000000e-02
4	25	11	18	1.24971700000000e-01	5.00000000000000e-02
5	26	12	19	1.25931900000000e-01	5.00000000000000e-02
6	27	13	20	1.29192600000000e-01	5.00000000000000e-02
7	28	14	21	1.31968300000000e-01	5.00000000000000e-02
8	29	15	22	1.34612600000000e-01	5.00000000000000e-02
9	30	16	23	1.38974700000000e-01	5.00000000000000e-02
10	31	17	24	1.43296200000000e-01	5.00000000000000e-02
11	32	18	25	1.49141700000000e-01	5.00000000000000e-02
12	33	19	26	1.51097200000000e-01	5.00000000000000e-02
13	34	20	27	1.54036900000000e-01	5.00000000000000e-02
14	35	21	28	1.54787600000000e-01	5.00000000000000e-02
15	36	22	29	1.57315300000000e-01	5.00000000000000e-02
16	37	23	30	1.57626900000000e-01	5.00000000000000e-02
17	38	24	31	1.57927300000000e-01	5.00000000000000e-02
18	39	25	32	1.54038700000000e-01	5.00000000000000e-02
19	40	26	33	1.57121600000000e-01	5.00000000000000e-02
20	41	27	34	1.54488100000000e-01	5.00000000000000e-02
21	42	28	35	1.50820600000000e-01	5.00000000000000e-02
22	43	29	36	1.51799000000000e-01	5.00000000000000e-02
23	44	30	37	1.50319000000000e-01	5.00000000000000e-02
24	45	31	38	1.52393600000000e-01	5.00000000000000e-02
25	46	32	39	1.54898900000000e-01	5.00000000000000e-02
26	47	33	40	1.54647500000000e-01	5.00000000000000e-02
27	48	34	41	1.55017600000000e-01	5.00000000000000e-02
29	50	36	43	1.59607800000000e-01	5.00000000000000e-02
31	52	38	45	1.60638500000000e-01	5.00000000000000e-02
32	53	39	46	1.59918900000000e-01	5.00000000000000e-02
34	55	41	48	1.59816300000000e-01	5.00000000000000e-02
35	56	42	49	1.56468600000000e-01	5.00000000000000e-02
36	57	43	50	1.58184500000000e-01	5.00000000000000e-02
37	58	44	51	1.54049800000000e-01	5.00000000000000e-02
38	59	45	52	1.65077300000000e-01	5.00000000000000e-02
39	60	46	53	1.63200300000000e-01	5.00000000000000e-02
40	61	47	54	1.63628300000000e-01	5.00000000000000e-02
41	62	48	55	1.64089300000000e-01	5.00000000000000e-02
42	63	49	56	1.66443800000000e-01	5.00000000000000e-02
43	64	50	57	1.64629800000000e-01	5.00000000000000e-02
44	65	51	58	1.63949500000000e-01	5.00000000000000e-02
45	66	52	59	1.60091100000000e-01	5.00000000000000e-02
46	67	53	60	1.59986400000000e-01	5.00000000000000e-02
47	68	54	61	1.60833100000000e-01	5.00000000000000e-02
48	69	55	62	1.38683700000000e-01	5.00000000000000e-02
49	70	56	63	1.57637600000000e-01	5.00000000000000e-02
51	72	58	65	1.56614400000000e-01	5.00000000000000e-02
52	73	59	66	1.61472000000000e-01	5.00000000000000e-02
53	74	60	67	1.63435200000000e-01	5.00000000000000e-02
54	75	61	68	1.58923700000000e-01	5.00000000000000e-02
55	76	62	69	1.59960100000000e-01	5.00000000000000e-02
57	78	64	71	1.63877900000000e-01	5.00000000000000e-02
58	79	65	72	1.63746600000000e-01	5.00000000000000e-02
59	80	66	73	1.63133900000000e-01	5.00000000000000e-02
60	81	67	74	1.65689300000000e-01	5.00000000000000e-02
61	82	68	75	1.66210800000000e-01	5.00000000000000e-02
62	83	69	76	1.66424600000000e-01	5.00000000000000e-02
63	84	70	77	1.59519800000000e-01	5.00000000000000e-02
64	85	71	78	1.63877100000000e-01	5.00000000000000e-02
65	86	72	79	1.66699700000000e-01	5.00000000000000e-02
66	87	73	80	1.64603300000000e-01	5.00000000000000e-02
67	88	74	81	1.62370100000000e-01	5.00000000000000e-02
68	89	75	82	1.64623100000000e-01	5.00000000000000e-02
69	90	76	83	1.65244600000000e-01	5.00000000000000e-02
70	91	77	84	1.68418500000000e-01	5.00000000000000e-02
71	92	78	85	1.70125400000000e-01	5.00000000000000e-02
72	93	79	86	1.70656200000000e-01	5.00000000000000e-02
73	94	80	87	1.74102100000000e-01	5.00000000000000e-02
74	95	81	88	1.80703100000000e-01	5.00000000000000e-02
75	96	82	89	1.77015200000000e-01	5.00000000000000e-02
76	97	83	90	1.79218500000000e-01	5.00000000000000e-02
77	98	84	91	1.76186800000000e-01	5.00000000000000e-02
78	99	85	92	1.79131800000000e-01	5.00000000000000e-02
79	100	86	93	1.79844600000000e-01	5.00000000000000e-02
1	25	9	17	1.21702400000000e-01	5.00000000000000e-02
2	26	10	18	1.20262900000000e-01	5.00000000000000e-02
3	27	11	19	1.18841700000000e-01	5.00000000000000e-02
4	28	12	20	1.20519700000000e-01	5.00000000000000e-02
5	29	13	21	1.23475800000000e-01	5.00000000000000e-02
6	30	14	22	1.25728500000000e-01	5.00000000000000e-02
7	31	15	23	1.29596000000000e-01	5.00000000000000e-02
8	32	16	24	1.33638500000000e-01	5.00000000000000e-02
9	33	17	25	1.37195300000000e-01	5.00000000000000e-02
10	34	18	26	1.41352600000000e-01	5.00000000000000e-02
11	35	19	27	1.45947900000000e-01	5.00000000000000e-02
12	36	20	28	1.46918700000000e-01	5.00000000000000e-02
13	37	21	29	1.49097700000000e-01	5.00000000000000e-02
14	38	22	30	1.49407500000000e-01	5.00000000000000e-02
15	39	23	31	1.47810400000000e-01	5.00000000000000e-02
16	40	24	32	1.47444800000000e-01	5.00000000000000e-02
17	41	25	33	1.47507400000000e-01	5.00000000000000e-02
18	42	26	34	1.45428500000000e-01	5.00000000000000e-02
19	43	27	35	2.85814000000000e-02	1.00000000000000e-02
20	44	28	36	1.42886000000000e-01	5.00000000000000e-02
21	45	29	37	1.40294600000000e-01	5.00000000000000e-02
22	46	30	38	1.41694000000000e-01	5.00000000000000e-02
23	47	31	39	1.43047500000000e-01	5.00000000000000e-02
24	48	32	40	1.40150200000000e-01	5.00000000000000e-02
25	49	33	41	1.44321300000000e-01	5.00000000000000e-02
27	51	35	43	1.31578000000000e-01	5.00000000000000e-02
29	53	37	45	1.50167400000000e-01	5.00000000000000e-02
30	54	38	46	1.49744200000000e-01	5.00000000000000e-02
32	56	40	48	1.25848600000000e-01	5.00000000000000e-02
33	57	41	49	1.48088200000000e-01	5.00000000000000e-02
34	58	42	50	1.46668000000000e-01	5.00000000000000e-02
35	59	43	51	1.50929000000000e-01	5.00000000000000e-02
36	60	44	52	1.51229000000000e-01	5.00000000000000e-02
37	61	45	53	1.49696900000000e-01	5.00000000000000e-02
38	62	46	54	1.50889600000000e-01	5.00000000000000e-02
39	63	47	55	1.52969800000000e-01	5.00000000000000e-02
40	64	48	56	1.51383800000000e-01	5.00000000000000e-02
41	65	49	57	1.52094400000000e-01	5.00000000000000e-02
42	66	50	58	1.54091900000000e-01	5.00000000000000e-02
43	67	51	59	1.47886500000000e-01	5.00000000000000e-02
44	68	52	60	1.49573700000000e-01	5.00000000000000e-02
45	69	53	61	1.48466800000000e-01	5.00000000000000e-02
46	70	54	62	1.46892600000000e-01	5.00000000000000e-02
47	71	55	63	1.44123800000000e-01	5.00000000000000e-02
49	73	57	65	1.43214500000000e-01	5.00000000000000e-02
50	74	58	66	1.43449500000000e-01	5.00000000000000e-02
51	75	59	67	1.50792000000000e-01	5.00000000000000e-02
52	76	60	68	1.47686100000000e-01	5.00000000000000e-02
53	77	61	69	1.48427000000000e-01	5.00000000000000e-02
55	79	63	71	1.51703300000000e-01	5.00000000000000e-02
56	80	64	72	1.40372500000000e-01	5.00000000000000e-02
57	81	65	73	1.38714400000000e-01	5.00000000000000e-02
58	82	66	74	1.54912900000000e-01	5.00000000000000e-02
59	83	67	75	1.48980400000000e-01	5.00000000000000e-02
60	84	68	76	1.52657200000000e-01	5.00000000000000e-02
61	85	69	77	1.51599300000000e-01	5.00000000000000e-02
62	86	70	78	1.52173200000000e-01	5.00000000000000e-02
63	87	71	79	1.49820800000000e-01	5.00000000000000e-02
64	88	72	80	1.50638100000000e-01	5.00000000000000e-02
65	89	73	81	1.49323600000000e-01	5.00000000000000e-02
66	90	74	82	1.48236500000000e-01	5.00000000000000e-02
67	91	75	83	1.51589500000000e-01	5.00000000000000e-02
68	92	76	84	1.51620900000000e-01	5.00000000000000e-02
69	93	77	85	1.53583400000000e-01	5.00000000000000e-02
70	94	78	86	1.53797900000000e-01	5.00000000000000e-02
71	95	79	87	1.57586700000000e-01	5.00000000000000e-02
72	96	80	88	1.59389900000000e-01	5.00000000000000e-02
73	97	81	89	1.62427300000000e-01	5.00000000000000e-02
74	98	82	90	1.60934800000000e-01	5.00000000000000e-02
75	99	83	91	1.60891400000000e-01	5.00000000000000e-02
76	100	84	92	1.61400800000000e-01	5.00000000000000e-02
1	28	10	19	1.15230700000000e-01	5.00000000000000e-02
2	29	11	20	1.14742300000000e-01	5.00000000000000e-02
3	30	12	21	1.15564800000000e-01	5.00000000000000e-02
4	31	13	22	1.18220500000000e-01	5.00000000000000e-02
5	32	14	23	1.21645600000000e-01	5.00000000000000e-02
6	33	15	24	1.24606000000000e-01	5.00000000000000e-02
7	34	16	25	1.27631400000000e-01	5.00000000000000e-02
8	35	17	26	1.32506600000000e-01	5.00000000000000e-02
9	36	18	27	1.36751300000000e-01	5.00000000000000e-02
10	37	19	28	1.38451600000000e-01	5.00000000000000e-02
11	38	20	29	1.40834500000000e-01	5.00000000000000e-02
12	39	21	30	1.40934000000000e-01	5.00000000000000e-02
13	40	22	31	1.42224600000000e-01	5.00000000000000e-02
14	41	23	32	1.39708300000000e-01	5.00000000000000e-02
15	42	24	33	1.39881400000000e-01	5.00000000000000e-02
16	43	25	34	1.39588500000000e-01	5.00000000000000e-02
17	44	26	35	1.36121500000000e-01	5.00000000000000e-02
18	45	27	36	1.33086500000000e-01	5.00000000000000e-02
19	46	28	37	1.32788700000000e-01	5.00000000000000e-02
20	47	29	38	1.33710100000000e-01	5.00000000000000e-02
21	48	30	39	1.33431600000000e-01	5.00000000000000e-02
22	49	31	40	1.18130200000000e-01	5.00000000000000e-02
23	50	32	41	1.36104300000000e-01	5.00000000000000e-02
25	52	34	43	1.34234800000000e-01	5.00000000000000e-02
27	54	36	45	1.37949500000000e-01	5.00000000000000e-02
28	55	37	46	1.38893200000000e-01	5.00000000000000e-02
30	57	39	48	1.39125700000000e-01	5.00000000000000e-02
31	58	40	49	1.38734200000000e-01	5.00000000000000e-02
32	59	41	50	1.38924500000000e-01	5.00000000000000e-02
33	60	42	51	1.39512200000000e-01	5.00000000000000e-02
34	61	43	52	1.42663900000000e-01	5.00000000000000e-02
35	62	44	53	1.41817000000000e-01	5.00000000000000e-02
36	63	45	54	1.40876500000000e-01	5.00000000000000e-02
37	64	46	55	1.40851100000000e-01	5.00000000000000e-02
38	65	47	56	1.41858700000000e-01	5.00000000000000e-02
39	66	48	57	1.37245100000000e-01	5.00000000000000e-02
40	67	49	58	1.40751600000000e-01	5.00000000000000e-02
41	68	50	59	1.40790500000000e-01	5.00000000000000e-02
42	69	51	60	1.40817600000000e-01	5.00000000000000e-02
43	70	52	61	1.38752900000000e-01	5.00000000000000e-02
44	71	53	62	1.36997600000000e-01	5.00000000000000e-02
45	72	54	63	1.37904600000000e-01	5.00000000000000e-02
47	74	56	65	1.34085300000000e-01	5.00000000000000e-02
48	75	57	66	1.34828800000000e-01	5.00000000000000e-02
49	76	58	67	1.36902800000000e-01	5.00000000000000e-02
50	77	59	68	1.36790200000000e-01	5.00000000000000e-02
51	78	60	69	1.36498700000000e-01	5.00000000000000e-02
53	80	62	71	1.41105000000000e-01	5.00000000000000e-02
54	81	63	72	1.39826800000000e-01	5.00000000000000e-02
55	82	64	73	1.40403000000000e-01	5.00000000000000e-02
56	83	65	74	1.41673900000000e-01	5.00000000000000e-02
57	84	66	75	1.41604700000000e-01	5.00000000000000e-02
58	85	67	76	1.38461800000000e-01	5.00000000000000e-02
59	86	68	77	1.40166800000000e-01	5.00000000000000e-02
60	87	69	78	1.41352700000000e-01	5.00000000000000e-02
61	88	70	79	1.40161600000000e-01	5.00000000000000e-02
62	89	71	80	1.37415900000000e-01	5.00000000000000e-02
63	90	72	81	1.37860300000000e-01	5.00000000000000e-02
64	91	73	82	1.38806600000000e-01	5.00000000000000e-02
65	92	74	83	1.37206900000000e-01	5.00000000000000e-02
66	93	75	84	1.38384300000000e-01	5.00000000000000e-02
67	94	76	85	1.41114600000000e-01	5.00000000000000e-02
68	95	77	86	1.41854800000000e-01	5.00000000000000e-02
69	96	78	87	1.40956700000000e-01	5.00000000000000e-02
70	97	79	88	1.45066400000000e-01	5.00000000000000e-02
71	98	80	89	1.45902000000000e-01	5.00000000000000e-02
72	99	81	90	1.47703900000000e-01	5.00000000000000e-02
73	100	82	91	1.47225400000000e-01	5.00000000000000e-02
1	31	11	21	1.10592600000000e-01	5.00000000000000e-02
2	32	12	22	1.12513600000000e-01	5.00000000000000e-02
3	33	13	23	1.14662200000000e-01	5.00000000000000e-02
4	34	14	24	1.16652300000000e-01	5.00000000000000e-02
5	35	15	25	1.20365000000000e-01	5.00000000000000e-02
6	36	16	26	1.23847000000000e-01	5.00000000000000e-02
7	37	17	27	1.28851000000000e-01	5.00000000000000e-02
8	38	18	28	1.30264600000000e-01	5.00000000000000e-02
9	39	19	29	1.31675400000000e-01	5.00000000000000e-02
10	40	20	30	1.34022700000000e-01	5.00000000000000e-02
11	41	21	31	1.34655700000000e-01	5.00000000000000e-02
12	42	22	32	1.33264000000000e-01	5.00000000000000e-02
13	43	23	33	1.34095700000000e-01	5.00000000000000e-02
14	44	24	34	1.32569100000000e-01	5.00000000000000e-02
15	45	25	35	1.23653700000000e-01	5.00000000000000e-02
16	46	26	36	1.27942800000000e-01	5.00000000000000e-02
17	47	27	37	1.25988400000000e-01	5.00000000000000e-02
18	48	28	38	1.25947600000000e-01	5.00000000000000e-02
19	49	29	39	1.26165100000000e-01	5.00000000000000e-02
20	50	30	40	1.25942300000000e-01	5.00000000000000e-02
21	51	31	41	1.25545500000000e-01	5.00000000000000e-02
23	53	33	43	1.26080600000000e-01	5.00000000000000e-02
25	55	35	45	1.26261000000000e-01	5.00000000000000e-02
26	56	36	46	1.28591700000000e-01	5.00000000000000e-02
28	58	38	48	1.30294400000000e-01	5.00000000000000e-02
29	59	39	49	1.30507000000000e-01	5.00000000000000e-02
30	60	40	50	1.30963800000000e-01	5.00000000000000e-02
31	61	41	51	1.31689500000000e-01	5.00000000000000e-02
32	62	42	52	1.31953500000000e-01	5.00000000000000e-02
33	63	43	53	1.32540100000000e-01	5.00000000000000e-02
34	64	44	54	1.25536000000000e-01	5.00000000000000e-02
35	65	45	55	1.33475700000000e-01	5.00000000000000e-02
36	66	46	56	1.32785800000000e-01	5.00000000000000e-02
37	67	47	57	1.31435800000000e-01	5.00000000000000e-02
38	68	48	58	1.30754200000000e-01	5.00000000000000e-02
39	69	49	59	1.31224300000000e-01	5.00000000000000e-02
40	70	50	60	1.32530300000000e-01	5.00000000000000e-02
41	71	51	61	1.30386100000000e-01	5.00000000000000e-02
42	72	52	62	1.30036800000000e-01	5.00000000000000e-02
43	73	53	63	1.28811300000000e-01	5.00000000000000e-02
45	75	55	65	1.26073000000000e-01	5.00000000000000e-02
46	76	56	66	1.25693900000000e-01	5.00000000000000e-02
47	77	57	67	1.28508800000000e-01	5.00000000000000e-02
48	78	58	68	1.26935900000000e-01	5.00000000000000e-02
49	79	59	69	1.28387700000000e-01	5.00000000000000e-02
51	81	61	71	1.30907000000000e-01	5.00000000000000e-02
52	82	62	72	1.30125700000000e-01	5.00000000000000e-02
53	83	63	73	1.31057800000000e-01	5.00000000000000e-02
54	84	64	74	1.31178800000000e-01	5.00000000000000e-02
55	85	65	75	1.31043900000000e-01	5.00000000000000e-02
56	86	66	76	1.32103100000000e-01	5.00000000000000e-02
57	87	67	77	1.28175800000000e-01	5.00000000000000e-02
58	88	68	78	1.30721000000000e-01	5.00000000000000e-02
59	89	69	79	1.29950700000000e-01	5.00000000000000e-02
60	90	70	80	1.29716900000000e-01	5.00000000000000e-02
61	91	71	81	1.26620600000000e-01	5.00000000000000e-02
62	92	72	82	1.29648000000000e-01	5.00000000000000e-02
63	93	73	83	1.28383700000000e-01	5.00000000000000e-02
64	94	74	84	1.27970200000000e-01	5.00000000000000e-02
65	95	75	85	1.29280100000000e-01	5.00000000000000e-02
66	96	76	86	1.29385200000000e-01	5.00000000000000e-02
67	97	77	87	1.32707100000000e-01	5.00000000000000e-02
68	98	78	88	1.31984300000000e-01	5.00000000000000e-02
69	99	79	89	1.32514300000000e-01	5.00000000000000e-02
70	100	80	90	1.34597700000000e-01	5.00000000000000e-02
1	34	12	23	1.08664900000000e-01	5.00000000000000e-02
2	35	13	24	1.11925000000000e-01	5.00000000000000e-02
3	36	14	25	1.13252900000000e-01	5.00000000000000e-02
4	37	15	26	1.16307400000000e-01	5.00000000000000e-02
5	38	16	27	1.20336900000000e-01	5.00000000000000e-02
6	39	17	28	1.21363200000000e-01	5.00000000000000e-02
7	40	18	29	1.26000900000000e-01	5.00000000000000e-02
8	41	19	30	1.26237000000000e-01	5.00000000000000e-02
9	42	20	31	1.26991600000000e-01	5.00000000000000e-02
10	43	21	32	1.26925000000000e-01	5.00000000000000e-02
11	44	22	33	1.27708600000000e-01	5.00000000000000e-02
12	45	23	34	1.26972700000000e-01	5.00000000000000e-02
13	46	24	35	1.25036800000000e-01	5.00000000000000e-02
14	47	25	36	1.24397200000000e-01	5.00000000000000e-02
15	48	26	37	1.20843400000000e-01	5.00000000000000e-02
16	49	27	38	1.20959000000000e-01	5.00000000000000e-02
17	50	28	39	1.21131100000000e-01	5.00000000000000e-02
18	51	29	40	1.18853600000000e-01	5.00000000000000e-02
19	52	30	41	1.18278600000000e-01	5.00000000000000e-02
21	54	32	43	1.18909100000000e-01	5.00000000000000e-02
23	56	34	45	1.18615900000000e-01	5.00000000000000e-02
24	57	35	46	1.10086200000000e-01	5.00000000000000e-02
26	59	37	48	1.23856700000000e-01	5.00000000000000e-02
27	60	38	49	1.22562500000000e-01	5.00000000000000e-02
28	61	39	50	1.22276800000000e-01	5.00000000000000e-02
29	62	40	51	1.23955100000000e-01	5.00000000000000e-02
30	63	41	52	1.25209900000000e-01	5.00000000000000e-02
31	64	42	53	1.24994300000000e-01	5.00000000000000e-02
32	65	43	54	1.25295400000000e-01	5.00000000000000e-02
33	66	44	55	1.25433700000000e-01	5.00000000000000e-02
34	67	45	56	1.25286600000000e-01	5.00000000000000e-02
35	68	46	57	1.24815500000000e-01	5.00000000000000e-02
36	69	47	58	1.24852400000000e-01	5.00000000000000e-02
37	70	48	59	1.22596600000000e-01	5.00000000000000e-02
38	71	49	60	1.23769900000000e-01	5.00000000000000e-02
39	72	50	61	1.23984400000000e-01	5.00000000000000e-02
40	73	51	62	1.21998900000000e-01	5.00000000000000e-02
41	74	52	63	1.21097200000000e-01	5.00000000000000e-02
43	76	54	65	1.20393300000000e-01	5.00000000000000e-02
44	77	55	66	1.18677300000000e-01	5.00000000000000e-02
45	78	56	67	1.20916400000000e-01	5.00000000000000e-02
46	79	57	68	1.19143000000000e-01	5.00000000000000e-02
47	80	58	69	1.19715600000000e-01	5.00000000000000e-02
49	82	60	71	1.22206800000000e-01	5.00000000000000e-02
50	83	61	72	1.21111900000000e-01	5.00000000000000e-02
51	84	62	73	1.21327000000000e-01	5.00000000000000e-02
52	85	63	74	1.23424800000000e-01	5.00000000000000e-02
53	86	64	75	1.22650900000000e-01	5.00000000000000e-02
54	87	65	76	1.22228700000000e-01	5.00000000000000e-02
55	88	66	77	1.21974400000000e-01	5.00000000000000e-02
56	89	67	78	1.20560900000000e-01	5.00000000000000e-02
57	90	68	79	1.21414400000000e-01	5.00000000000000e-02
58	91	69	80	1.21221400000000e-01	5.00000000000000e-02
59	92	70	81	1.05228200000000e-01	5.00000000000000e-02
60	93	71	82	1.19423200000000e-01	5.00000000000000e-02
61	94	72	83	1.20463600000000e-01	5.00000000000000e-02
62	95	73	84	1.20685600000000e-01	5.00000000000000e-02
63	96	74	85	1.19329000000000e-01	5.00000000000000e-02
64	97	75	86	1.20680800000000e-01	5.00000000000000e-02
65	98	76	87	1.20881500000000e-01	5.00000000000000e-02
66	99	77	88	1.22741400000000e-01	5.00000000000000e-02
67	100	78	89	1.24144700000000e-01	5.00000000000000e-02
1	37	13	25	1.08498500000000e-01	5.00000000000000e-02
2	38	14	26	1.10817200000000e-01	5.00000000000000e-02
3	39	15	27	1.12338000000000e-01	5.00000000000000e-02
4	40	16	28	1.14642400000000e-01	5.00000000000000e-02
5	41	17	29	1.17685200000000e-01	5.00000000000000e-02
6	42	18	30	1.19415300000000e-01	5.00000000000000e-02
7	43	19	31	1.21313300000000e-01	5.00000000000000e-02
8	44	20	32	1.19822000000000e-01	5.00000000000000e-02
9	45	21	33	1.21500000000000e-01	5.00000000000000e-02
10	46	22	34	1.20664100000000e-01	5.00000000000000e-02
11	47	23	35	1.20494900000000e-01	5.00000000000000e-02
12	48	24	36	1.19029100000000e-01	5.00000000000000e-02
13	49	25	37	1.17462500000000e-01	5.00000000000000e-02
14	50	26	38	1.17053300000000e-01	5.00000000000000e-02
15	51	27	39	1.15234400000000e-01	5.00000000000000e-02
16	52	28	40	1.14565500000000e-01	5.00000000000000e-02
17	53	29	41	1.13052800000000e-01	5.00000000000000e-02
19	55	31	43	1.10654300000000e-01	5.00000000000000e-02
21	57	33	45	1.12178200000000e-01	5.00000000000000e-02
22	58	34	46	1.12676500000000e-01	5.00000000000000e-02
24	60	36	48	1.15392900000000e-01	5.00000000000000e-02
25	61	37	49	1.15784400000000e-01	5.00000000000000e-02
26	62	38	50	1.14954000000000e-01	5.00000000000000e-02
27	63	39	51	1.16322500000000e-01	5.00000000000000e-02
28	64	40	52	1.17987600000000e-01	5.00000000000000e-02
29	65	41	53	1.17836400000000e-01	5.00000000000000e-02
30	66	42	54	1.09646100000000e-01	5.00000000000000e-02
31	67	43	55	1.19015100000000e-01	5.00000000000000e-02
32	68	44	56	1.18983600000000e-01	5.00000000000000e-02
33	69	45	57	1.18676500000000e-01	5.00000000000000e-02
34	70	46	58	1.17961000000000e-01	5.00000000000000e-02
35	71	47	59	1.15848500000000e-01	5.00000000000000e-02
36	72	48	60	1.15824500000000e-01	5.00000000000000e-02
37	73	49	61	1.16468600000000e-01	5.00000000000000e-02
38	74	50	62	1.16631800000000e-01	5.00000000000000e-02
39	75	51	63	1.15810400000000e-01	5.00000000000000e-02
41	77	53	65	1.03175800000000e-01	5.00000000000000e-02
42	78	54	66	1.13767100000000e-01	5.00000000000000e-02
43	79	55	67	1.14777700000000e-01	5.00000000000000e-02
44	80	56	68	1.13488100000000e-01	5.00000000000000e-02
45	81	57	69	1.14186100000000e-01	5.00000000000000e-02
47	83	59	71	1.16273400000000e-01	5.00000000000000e-02
48	84	60	72	1.13940500000000e-01	5.00000000000000e-02
49	85	61	73	1.13884400000000e-01	5.00000000000000e-02
50	86	62	74	1.15054300000000e-01	5.00000000000000e-02
51	87	63	75	1.13876400000000e-01	5.00000000000000e-02
52	88	64	76	1.13935400000000e-01	5.00000000000000e-02
53	89	65	77	1.13873300000000e-01	5.00000000000000e-02
54	90	66	78	1.14979800000000e-01	5.00000000000000e-02
55	91	67	79	1.12396700000000e-01	5.00000000000000e-02
56	92	68	80	1.13535000000000e-01	5.00000000000000e-02
57	93	69	81	1.12919300000000e-01	5.00000000000000e-02
58	94	70	82	1.13762200000000e-01	5.00000000000000e-02
59	95	71	83	1.11571300000000e-01	5.00000000000000e-02
60	96	72	84	1.13007900000000e-01	5.00000000000000e-02
61	97	73	85	1.13072700000000e-01	5.00000000000000e-02
62	98	74	86	1.11939600000000e-01	5.00000000000000e-02
63	99	75	87	1.12482500000000e-01	5.00000000000000e-02
64	100	76	88	1.15042100000000e-01	5.00000000000000e-02
1	40	14	27	1.07498700000000e-01	5.00000000000000e-02
2	41	15	28	1.08473200000000e-01	5.00000000000000e-02
3	42	16	29	1.10283500000000e-01	5.00000000000000e-02
4	43	17	30	1.12574200000000e-01	5.00000000000000e-02
5	44	18	31	1.14484700000000e-01	5.00000000000000e-02
6	45	19	32	1.13961100000000e-01	5.00000000000000e-02
7	46	20	33	1.15654200000000e-01	5.00000000000000e-02
8	47	21	34	1.15444500000000e-01	5.00000000000000e-02
9	48	22	35	1.01578900000000e-01	5.00000000000000e-02
10	49	23	36	1.13568800000000e-01	5.00000000000000e-02
11	50	24	37	1.12802300000000e-01	5.00000000000000e-02
12	51	25	38	1.13056700000000e-01	5.00000000000000e-02
13	52	26	39	1.11194100000000e-01	5.00000000000000e-02
14	53	27	40	1.08670500000000e-01	5.00000000000000e-02
15	54	28	41	1.08876200000000e-01	5.00000000000000e-02
17	56	30	43	1.05863800000000e-01	5.00000000000000e-02
19	58	32	45	1.07039800000000e-01	5.00000000000000e-02
20	59	33	46	1.06823300000000e-01	5.00000000000000e-02
22	61	35	48	1.02276100000000e-01	5.00000000000000e-02
23	62	36	49	1.08098400000000e-01	5.00000000000000e-02
24	63	37	50	1.09329300000000e-01	5.00000000000000e-02
25	64	38	51	1.09968500000000e-01	5.00000000000000e-02
26	65	39	52	1.11271500000000e-01	5.00000000000000e-02
27	66	40	53	1.12139000000000e-01	5.00000000000000e-02
28	67	41	54	1.11095400000000e-01	5.00000000000000e-02
29	68	42	55	1.13124100000000e-01	5.00000000000000e-02
30	69	43	56	1.13631800000000e-01	5.00000000000000e-02
31	70	44	57	1.13116900000000e-01	5.00000000000000e-02
32	71	45	58	1.11911000000000e-01	5.00000000000000e-02
33	72	46	59	1.11060900000000e-01	5.00000000000000e-02
34	73	47	60	1.12510800000000e-01	5.00000000000000e-02
35	74	48	61	1.09904000000000e-01	5.00000000000000e-02
36	75	49	62	1.02419800000000e-01	5.00000000000000e-02
37	76	50	63	1.10094400000000e-01	5.00000000000000e-02
39	78	52	65	1.08699900000000e-01	5.00000000000000e-02
40	79	53	66	1.07634500000000e-01	5.00000000000000e-02
41	80	54	67	1.09816100000000e-01	5.00000000000000e-02
42	81	55	68	1.07622200000000e-01	5.00000000000000e-02
43	82	56	69	1.06832100000000e-01	5.00000000000000e-02
45	84	58	71	1.08452200000000e-01	5.00000000000000e-02
46	85	59	72	1.08704800000000e-01	5.00000000000000e-02
47	86	60	73	1.07943700000000e-01	5.00000000000000e-02
48	87	61	74	1.08710800000000e-01	5.00000000000000e-02
49	88	62	75	1.07196900000000e-01	5.00000000000000e-02
50	89	63	76	1.06986200000000e-01	5.00000000000000e-02
51	90	64	77	1.06101500000000e-01	5.00000000000000e-02
52	91	65	78	1.07259700000000e-01	5.00000000000000e-02
53	92	66	79	1.07898100000000e-01	5.00000000000000e-02
54	93	67	80	1.04679400000000e-01	5.00000000000000e-02
55	94	68	81	1.06289600000000e-01	5.00000000000000e-02
56	95	69	82	1.06838900000000e-01	5.00000000000000e-02
57	96	70	83	1.03499600000000e-01	5.00000000000000e-02
58	97	71	84	1.05638700000000e-01	5.00000000000000e-02
59	98	72	85	1.05847400000000e-01	5.00000000000000e-02
60	99	73	86	1.05604400000000e-01	5.00000000000000e-02
61	100	74	87	1.05793100000000e-01	5.00000000000000e-02
1	43	15	29	1.04786000000000e-01	5.00000000000000e-02
2	44	16	30	1.06379200000000e-01	5.00000000000000e-02
3	45	17	31	1.07847300000000e-01	5.00000000000000e-02
4	46	18	32	1.08243100000000e-01	5.00000000000000e-02
5	47	19	33	1.10069400000000e-01	5.00000000000000e-02
6	48	20	34	1.09862700000000e-01	5.00000000000000e-02
7	49	21	35	9.73460000000000e-02	5.00000000000000e-02
8	50	22	36	1.08790200000000e-01	5.00000000000000e-02
9	51	23	37	1.07483600000000e-01	5.00000000000000e-02
10	52	24	38	1.07695200000000e-01	5.00000000000000e-02
11	53	25	39	1.07583800000000e-01	5.00000000000000e-02
12	54	26	40	1.06331600000000e-01	5.00000000000000e-02
13	55	27	41	1.04043900000000e-01	5.00000000000000e-02
15	57	29	43	1.02375600000000e-01	5.00000000000000e-02
17	59	31	45	1.02173700000000e-01	5.00000000000000e-02
18	60	32	46	1.02343900000000e-01	5.00000000000000e-02
20	62	34	48	1.02205600000000e-01	5.00000000000000e-02
21	63	35	49	1.02401100000000e-01	5.00000000000000e-02
22	64	36	50	1.02308000000000e-01	5.00000000000000e-02
23	65	37	51	1.04562200000000e-01	5.00000000000000e-02
24	66	38	52	1.05371600000000e-01	5.00000000000000e-02
25	67	39	53	1.05703500000000e-01	5.00000000000000e-02
26	68	40	54	1.05740700000000e-01	5.00000000000000e-02
27	69	41	55	1.06415300000000e-01	5.00000000000000e-02
28	70	42	56	1.06285200000000e-01	5.00000000000000e-02
29	71	43	57	1.06869200000000e-01	5.00000000000000e-02
30	72	44	58	1.06769100000000e-01	5.00000000000000e-02
31	73	45	59	1.05227000000000e-01	5.00000000000000e-02
32	74	46	60	1.04650300000000e-01	5.00000000000000e-02
33	75	47	61	1.06100900000000e-01	5.00000000000000e-02
34	76	48	62	9.75224000000000e-02	5.00000000000000e-02
35	77	49	63	1.05719200000000e-01	5.00000000000000e-02
37	79	51	65	1.03624500000000e-01	5.00000000000000e-02
38	80	52	66	1.03466700000000e-01	5.00000000000000e-02
39	81	53	67	1.04497400000000e-01	5.00000000000000e-02
40	82	54	68	1.03375800000000e-01	5.00000000000000e-02
41	83	55	69	1.02281800000000e-01	5.00000000000000e-02
43	85	57	71	1.02942100000000e-01	5.00000000000000e-02
44	86	58	72	1.01797900000000e-01	5.00000000000000e-02
45	87	59	73	1.03179600000000e-01	5.00000000000000e-02
46	88	60	74	1.03110400000000e-01	5.00000000000000e-02
47	89	61	75	1.01322000000000e-01	5.00000000000000e-02
48	90	62	76	1.01001900000000e-01	5.00000000000000e-02
49	91	63	77	9.98066000000000e-02	5.00000000000000e-02
50	92	64	78	1.00343200000000e-01	5.00000000000000e-02
51	93	65	79	1.00309800000000e-01	5.00000000000000e-02
52	94	66	80	1.01498600000000e-01	5.00000000000000e-02
53	95	67	81	1.00121300000000e-01	5.00000000000000e-02
54	96	68	82	1.01126500000000e-01	5.00000000000000e-02
55	97	69	83	1.01382400000000e-01	5.00000000000000e-02
56	98	70	84	9.83079000000000e-02	5.00000000000000e-02
57	99	71	85	9.94310000000000e-02	5.00000000000000e-02
58	100	72	86	9.08346000000000e-02	5.00000000000000e-02
1	46	16	31	1.02558300000000e-01	5.00000000000000e-02
2	47	17	32	1.03383800000000e-01	5.00000000000000e-02
3	48	18	33	1.03998900000000e-01	5.00000000000000e-02
4	49	19	34	1.04218000000000e-01	5.00000000000000e-02
5	50	20	35	1.04201600000000e-01	5.00000000000000e-02
6	51	21	36	1.03927100000000e-01	5.00000000000000e-02
7	52	22	37	1.03122300000000e-01	5.00000000000000e-02
8	53	23	38	1.03058800000000e-01	5.00000000000000e-02
9	54	24	39	1.02207100000000e-01	5.00000000000000e-02
10	55	25	40	1.01566400000000e-01	5.00000000000000e-02
11	56	26	41	1.01294600000000e-01	5.00000000000000e-02
13	58	28	43	9.98816000000000e-02	5.00000000000000e-02
15	60	30	45	9.80165000000000e-02	5.00000000000000e-02
16	61	31	46	9.75950000000000e-02	5.00000000000000e-02
18	63	33	48	9.63202000000000e-02	5.00000000000000e-02
19	64	34	49	9.67589000000000e-02	5.00000000000000e-02
20	65	35	50	9.71699000000000e-02	5.00000000000000e-02
21	66	36	51	9.85212000000000e-02	5.00000000000000e-02
22	67	37	52	9.94378000000000e-02	5.00000000000000e-02
23	68	38	53	1.00049900000000e-01	5.00000000000000e-02
24	69	39	54	1.00214300000000e-01	5.00000000000000e-02
25	70	40	55	1.01017400000000e-01	5.00000000000000e-02
26	71	41	56	1.00794000000000e-01	5.00000000000000e-02
27	72	42	57	1.00385000000000e-01	5.00000000000000e-02
28	73	43	58	1.01059800000000e-01	5.00000000000000e-02
29	74	44	59	1.00040500000000e-01	5.00000000000000e-02
30	75	45	60	1.00895000000000e-01	5.00000000000000e-02
31	76	46	61	1.00416900000000e-01	5.00000000000000e-02
32	77	47	62	1.00628800000000e-01	5.00000000000000e-02
33	78	48	63	1.00325000000000e-01	5.00000000000000e-02
35	80	50	65	1.00636400000000e-01	5.00000000000000e-02
36	81	51	66	9.90730000000000e-02	5.00000000000000e-02
37	82	52	67	9.91909000000000e-02	5.00000000000000e-02
38	83	53	68	9.76958000000000e-02	5.00000000000000e-02
39	84	54	69	9.73784000000000e-02	5.00000000000000e-02
41	86	56	71	9.79835000000000e-02	5.00000000000000e-02
42	87	57	72	9.78913000000000e-02	5.00000000000000e-02
43	88	58	73	9.65287000000000e-02	5.00000000000000e-02
44	89	59	74	9.81421000000000e-02	5.00000000000000e-02
45	90	60	75	9.59666000000000e-02	5.00000000000000e-02
46	91	61	76	9.55693000000000e-02	5.00000000000000e-02
47	92	62	77	9.53912000000000e-02	5.00000000000000e-02
48	93	63	78	9.57800000000000e-02	5.00000000000000e-02
49	94	64	79	9.48712000000000e-02	5.00000000000000e-02
50	95	65	80	9.18900000000000e-02	5.00000000000000e-02
51	96	66	81	9.48413000000000e-02	5.00000000000000e-02
52	97	67	82	9.50359000000000e-02	5.00000000000000e-02
53	98	68	83	9.57848000000000e-02	5.00000000000000e-02
54	99	69	84	9.50654000000000e-02	5.00000000000000e-02
55	100	70	85	9.56289000000000e-02	5.00000000000000e-02
1	49	17	33	9.95726000000000e-02	5.00000000000000e-02
2	50	18	34	1.00476700000000e-01	5.00000000000000e-02
3	51	19	35	9.82840000000000e-02	5.00000000000000e-02
4	52	20	36	9.87962000000000e-02	5.00000000000000e-02
5	53	21	37	9.86717000000000e-02	5.00000000000000e-02
6	54	22	38	9.84911000000000e-02	5.00000000000000e-02
7	55	23	39	9.83790000000000e-02	5.00000000000000e-02
8	56	24	40	9.72725000000000e-02	5.00000000000000e-02
9	57	25	41	9.73848000000000e-02	5.00000000000000e-02
11	59	27	43	9.67197000000000e-02	5.00000000000000e-02
13	61	29	45	9.44899000000000e-02	5.00000000000000e-02
14	62	30	46	9.45534000000000e-02	5.00000000000000e-02
16	64	32	48	9.39395000000000e-02	5.00000000000000e-02
17	65	33	49	9.27634000000000e-02	5.00000000000000e-02
18	66	34	50	9.26768000000000e-02	5.00000000000000e-02
19	67	35	51	9.24862000000000e-02	5.00000000000000e-02
20	68	36	52	9.45055000000000e-02	5.00000000000000e-02
21	69	37	53	9.53031000000000e-02	5.00000000000000e-02
22	70	38	54	9.52966000000000e-02	5.00000000000000e-02
23	71	39	55	9.49334000000000e-02	5.00000000000000e-02
24	72	40	56	9.60602000000000e-02	5.00000000000000e-02
25	73	41	57	9.58869000000000e-02	5.00000000000000e-02
26	74	42	58	9.54817000000000e-02	5.00000000000000e-02
27	75	43	59	9.58082000000000e-02	5.00000000000000e-02
28	76	44	60	9.43476000000000e-02	5.00000000000000e-02
29	77	45	61	9.58489000000000e-02	5.00000000000000e-02
30	78	46	62	9.36428000000000e-02	5.00000000000000e-02
31	79	47	63	9.44448000000000e-02	5.00000000000000e-02
33	81	49	65	9.64624000000000e-02	5.00000000000000e-02
34	82	50	66	9.54315000000000e-02	5.00000000000000e-02
35	83	51	67	9.60394000000000e-02	5.00000000000000e-02
36	84	52	68	9.36758000000000e-02	5.00000000000000e-02
37	85	53	69	9.24423000000000e-02	5.00000000000000e-02
39	87	55	71	9.28125000000000e-02	5.00000000000000e-02
40	88	56	72	9.21154000000000e-02	5.00000000000000e-02
41	89	57	73	9.21990000000000e-02	5.00000000000000e-02
42	90	58	74	9.22479000000000e-02	5.00000000000000e-02
43	91	59	75	9.19329000000000e-02	5.00000000000000e-02
44	92	60	76	9.10966000000000e-02	5.00000000000000e-02
45	93	61	77	9.05437000000000e-02	5.00000000000000e-02
46	94	62	78	9.06497000000000e-02	5.00000000000000e-02
47	95	63	79	9.04497000000000e-02	5.00000000000000e-02
48	96	64	80	8.99949000000000e-02	5.00000000000000e-02
49	97	65	81	8.96741000000000e-02	5.00000000000000e-02
50	98	66	82	9.02225000000000e-02	5.00000000000000e-02
51	99	67	83	8.93780000000000e-02	5.00000000000000e-02
52	100	68	84	9.10002000000000e-02	5.00000000000000e-02
1	52	18	35	9.43299000000000e-02	5.00000000000000e-02
2	53	19	36	9.51662000000000e-02	5.00000000000000e-02
3	54	20	37	9.38020000000000e-02	5.00000000000000e-02
4	55	21	38	9.40518000000000e-02	5.00000000000000e-02
5	56	22	39	9.39765000000000e-02	5.00000000000000e-02
6	57	23	40	9.40720000000000e-02	5.00000000000000e-02
7	58	24	41	9.41011000000000e-02	5.00000000000000e-02
9	60	26	43	9.26747000000000e-02	5.00000000000000e-02
11	62	28	45	9.23181000000000e-02	5.00000000000000e-02
12	63	29	46	9.09714000000000e-02	5.00000000000000e-02
14	65	31	48	8.98537000000000e-02	5.00000000000000e-02
15	66	32	49	8.97923000000000e-02	5.00000000000000e-02
16	67	33	50	8.87015000000000e-02	5.00000000000000e-02
17	68	34	51	8.90174000000000e-02	5.00000000000000e-02
18	69	35	52	8.97353000000000e-02	5.00000000000000e-02
19	70	36	53	8.88349000000000e-02	5.00000000000000e-02
20	71	37	54	9.02963000000000e-02	5.00000000000000e-02
21	72	38	55	9.05785000000000e-02	5.00000000000000e-02
22	73	39	56	9.08235000000000e-02	5.00000000000000e-02
23	74	40	57	9.06280000000000e-02	5.00000000000000e-02
24	75	41	58	9.11358000000000e-02	5.00000000000000e-02
25	76	42	59	9.02640000000000e-02	5.00000000000000e-02
26	77	43	60	9.16916000000000e-02	5.00000000000000e-02
27	78	44	61	9.16918000000000e-02	5.00000000000000e-02
28	79	45	62	9.11598000000000e-02	5.00000000000000e-02
29	80	46	63	9.18590000000000e-02	5.00000000000000e-02
31	82	48	65	9.12987000000000e-02	5.00000000000000e-02
32	83	49	66	9.09797000000000e-02	5.00000000000000e-02
33	84	50	67	9.19902000000000e-02	5.00000000000000e-02
34	85	51	68	9.05550000000000e-02	5.00000000000000e-02
35	86	52	69	8.93988000000000e-02	5.00000000000000e-02
37	88	54	71	8.84985000000000e-02	5.00000000000000e-02
38	89	55	72	8.77116000000000e-02	5.00000000000000e-02
39	90	56	73	8.70831000000000e-02	5.00000000000000e-02
40	91	57	74	8.78250000000000e-02	5.00000000000000e-02
41	92	58	75	8.70819000000000e-02	5.00000000000000e-02
42	93	59	76	8.74584000000000e-02	5.00000000000000e-02
43	94	60	77	8.58304000000000e-02	5.00000000000000e-02
44	95	61	78	8.64515000000000e-02	5.00000000000000e-02
45	96	62	79	8.59512000000000e-02	5.00000000000000e-02
46	97	63	80	8.61617000000000e-02	5.00000000000000e-02
47	98	64	81	8.50812000000000e-02	5.00000000000000e-02
48	99	65	82	8.54755000000000e-02	5.00000000000000e-02
49	100	66	83	8.60779000000000e-02	5.00000000000000e-02
1	55	19	37	9.01107000000000e-02	5.00000000000000e-02
2	56	20	38	9.05599000000000e-02	5.00000000000000e-02
3	57	21	39	9.05382000000000e-02	5.00000000000000e-02
4	58	22	40	9.03075000000000e-02	5.00000000000000e-02
5	59	23	41	9.07902000000000e-02	5.00000000000000e-02
7	61	25	43	8.96620000000000e-02	5.00000000000000e-02
9	63	27	45	8.81654000000000e-02	5.00000000000000e-02
10	64	28	46	8.84216000000000e-02	5.00000000000000e-02
12	66	30	48	8.74441000000000e-02	5.00000000000000e-02
13	67	31	49	8.56148000000000e-02	5.00000000000000e-02
14	68	32	50	8.62831000000000e-02	5.00000000000000e-02
15	69	33	51	8.58291000000000e-02	5.00000000000000e-02
16	70	34	52	8.64321000000000e-02	5.00000000000000e-02
17	71	35	53	8.64560000000000e-02	5.00000000000000e-02
18	72	36	54	8.62173000000000e-02	5.00000000000000e-02
19	73	37	55	8.72847000000000e-02	5.00000000000000e-02
20	74	38	56	8.63847000000000e-02	5.00000000000000e-02
21	75	39	57	8.60529000000000e-02	5.00000000000000e-02
22	76	40	58	8.66338000000000e-02	5.00000000000000e-02
23	77	41	59	8.65566000000000e-02	5.00000000000000e-02
24	78	42	60	8.60113000000000e-02	5.00000000000000e-02
25	79	43	61	8.69440000000000e-02	5.00000000000000e-02
26	80	44	62	8.74780000000000e-02	5.00000000000000e-02
27	81	45	63	8.76438000000000e-02	5.00000000000000e-02
29	83	47	65	8.02303000000000e-02	5.00000000000000e-02
30	84	48	66	8.64920000000000e-02	5.00000000000000e-02
31	85	49	67	8.79202000000000e-02	5.00000000000000e-02
32	86	50	68	8.70399000000000e-02	5.00000000000000e-02
33	87	51	69	8.57794000000000e-02	5.00000000000000e-02
35	89	53	71	8.53902000000000e-02	5.00000000000000e-02
36	90	54	72	8.44030000000000e-02	5.00000000000000e-02
37	91	55	73	8.34252000000000e-02	5.00000000000000e-02
38	92	56	74	8.38513000000000e-02	5.00000000000000e-02
39	93	57	75	8.27572000000000e-02	5.00000000000000e-02
40	94	58	76	8.27748000000000e-02	5.00000000000000e-02
41	95	59	77	8.27439000000000e-02	5.00000000000000e-02
42	96	60	78	8.24755000000000e-02	5.00000000000000e-02
43	97	61	79	8.21887000000000e-02	5.00000000000000e-02
44	98	62	80	8.15500000000000e-02	5.00000000000000e-02
45	99	63	81	8.13723000000000e-02	5.00000000000000e-02
46	100	64	82	8.17419000000000e-02	5.00000000000000e-02
1	58	20	39	8.72890000000000e-02	5.00000000000000e-02
2	59	21	40	8.59827000000000e-02	5.00000000000000e-02
3	60	22	41	8.68684000000000e-02	5.00000000000000e-02
5	62	24	43	8.56721000000000e-02	5.00000000000000e-02
7	64	26	45	8.58588000000000e-02	5.00000000000000e-02
8	65	27	46	8.47875000000000e-02	5.00000000000000e-02
10	67	29	48	8.40335000000000e-02	5.00000000000000e-02
11	68	30	49	8.37283000000000e-02	5.00000000000000e-02
12	69	31	50	8.27084000000000e-02	5.00000000000000e-02
13	70	32	51	8.34273000000000e-02	5.00000000000000e-02
14	71	33	52	8.27007000000000e-02	5.00000000000000e-02
15	72	34	53	8.28600000000000e-02	5.00000000000000e-02
16	73	35	54	8.03606000000000e-02	5.00000000000000e-02
17	74	36	55	8.27754000000000e-02	5.00000000000000e-02
18	75	37	56	8.30242000000000e-02	5.00000000000000e-02
19	76	38	57	8.23287000000000e-02	5.00000000000000e-02
20	77	39	58	8.25327000000000e-02	5.00000000000000e-02
21	78	40	59	8.21301000000000e-02	5.00000000000000e-02
22	79	41	60	8.27863000000000e-02	5.00000000000000e-02
23	80	42	61	8.28259000000000e-02	5.00000000000000e-02
24	81	43	62	8.05506000000000e-02	5.00000000000000e-02
25	82	44	63	7.95232000000000e-02	5.00000000000000e-02
27	84	46	65	8.33430000000000e-02	5.00000000000000e-02
28	85	47	66	8.26378000000000e-02	5.00000000000000e-02
29	86	48	67	8.38048000000000e-02	5.00000000000000e-02
30	87	49	68	8.28280000000000e-02	5.00000000000000e-02
31	88	50	69	8.25236000000000e-02	5.00000000000000e-02
33	90	52	71	8.22911000000000e-02	5.00000000000000e-02
34	91	53	72	7.89585000000000e-02	5.00000000000000e-02
35	92	54	73	8.02494000000000e-02	5.00000000000000e-02
36	93	55	74	7.93963000000000e-02	5.00000000000000e-02
37	94	56	75	7.85724000000000e-02	5.00000000000000e-02
38	95	57	76	7.96093000000000e-02	5.00000000000000e-02
39	96	58	77	7.80116000000000e-02	5.00000000000000e-02
40	97	59	78	7.97530000000000e-02	5.00000000000000e-02
41	98	60	79	7.79822000000000e-02	5.00000000000000e-02
42	99	61	80	7.80498000000000e-02	5.00000000000000e-02
43	100	62	81	7.76927000000000e-02	5.00000000000000e-02
1	61	21	41	8.42396000000000e-02	5.00000000000000e-02
3	63	23	43	8.35302000000000e-02	5.00000000000000e-02
5	65	25	45	8.21656000000000e-02	5.00000000000000e-02
6	66	26	46	8.22476000000000e-02	5.00000000000000e-02
8	68	28	48	8.14386000000000e-02	5.00000000000000e-02
9	69	29	49	8.01627000000000e-02	5.00000000000000e-02
10	70	30	50	8.02213000000000e-02	5.00000000000000e-02
11	71	31	51	8.01637000000000e-02	5.00000000000000e-02
12	72	32	52	8.05685000000000e-02	5.00000000000000e-02
13	73	33	53	8.04260000000000e-02	5.00000000000000e-02
14	74	34	54	7.97877000000000e-02	5.00000000000000e-02
15	75	35	55	8.00541000000000e-02	5.00000000000000e-02
16	76	36	56	7.95456000000000e-02	5.00000000000000e-02
17	77	37	57	7.95349000000000e-02	5.00000000000000e-02
18	78	38	58	7.94700000000000e-02	5.00000000000000e-02
19	79	39	59	7.89525000000000e-02	5.00000000000000e-02
20	80	40	60	7.96025000000000e-02	5.00000000000000e-02
21	81	41	61	7.93899000000000e-02	5.00000000000000e-02
22	82	42	62	7.91712000000000e-02	5.00000000000000e-02
23	83	43	63	7.92108000000000e-02	5.00000000000000e-02
25	85	45	65	7.92681000000000e-02	5.00000000000000e-02
26	86	46	66	7.93114000000000e-02	5.00000000000000e-02
27	87	47	67	7.94056000000000e-02	5.00000000000000e-02
28	88	48	68	7.81718000000000e-02	5.00000000000000e-02
29	89	49	69	7.89997000000000e-02	5.00000000000000e-02
31	91	51	71	7.89148000000000e-02	5.00000000000000e-02
32	92	52	72	7.77463000000000e-02	5.00000000000000e-02
33	93	53	73	7.75419000000000e-02	5.00000000000000e-02
34	94	54	74	7.70558000000000e-02	5.00000000000000e-02
35	95	55	75	7.59638000000000e-02	5.00000000000000e-02
36	96	56	76	7.51949000000000e-02	5.00000000000000e-02
37	97	57	77	7.50559000000000e-02	5.00000000000000e-02
38	98	58	78	7.51971000000000e-02	5.00000000000000e-02
39	99	59	79	7.52596000000000e-02	5.00000000000000e-02
40	100	60	80	7.51518000000000e-02	5.00000000000000e-02
1	64	22	43	8.03340000000000e-02	5.00000000000000e-02
3	66	24	45	7.97856000000000e-02	5.00000000000000e-02
4	67	25	46	7.93736000000000e-02	5.00000000000000e-02
6	69	27	48	7.83464000000000e-02	5.00000000000000e-02
7	70	28	49	7.84891000000000e-02	5.00000000000000e-02
8	71	29	50	7.71352000000000e-02	5.00000000000000e-02
9	72	30	51	7.74887000000000e-02	5.00000000000000e-02
10	73	31	52	7.72736000000000e-02	5.00000000000000e-02
11	74	32	53	7.77736000000000e-02	5.00000000000000e-02
12	75	33	54	7.69070000000000e-02	5.00000000000000e-02
13	76	34	55	7.68421000000000e-02	5.00000000000000e-02
14	77	35	56	7.67927000000000e-02	5.00000000000000e-02
15	78	36	57	7.65360000000000e-02	5.00000000000000e-02
16	79	37	58	7.66300000000000e-02	5.00000000000000e-02
17	80	38	59	7.61832000000000e-02	5.00000000000000e-02
18	81	39	60	7.59583000000000e-02	5.00000000000000e-02
19	82	40	61	7.58111000000000e-02	5.00000000000000e-02
20	83	41	62	7.57619000000000e-02	5.00000000000000e-02
21	84	42	63	7.42348000000000e-02	5.00000000000000e-02
23	86	44	65	6.93978000000000e-02	5.00000000000000e-02
24	87	45	66	7.57660000000000e-02	5.00000000000000e-02
25	88	46	67	7.60766000000000e-02	5.00000000000000e-02
26	89	47	68	7.55018000000000e-02	5.00000000000000e-02
27	90	48	69	7.51728000000000e-02	5.00000000000000e-02
29	92	50	71	7.54083000000000e-02	5.00000000000000e-02
30	93	51	72	7.47914000000000e-02	5.00000000000000e-02
31	94	52	73	7.44962000000000e-02	5.00000000000000e-02
32	95	53	74	7.44753000000000e-02	5.00000000000000e-02
33	96	54	75	7.38100000000000e-02	5.00000000000000e-02
34	97	55	76	7.26446000000000e-02	5.00000000000000e-02
35	98	56	77	7.17631000000000e-02	5.00000000000000e-02
36	99	57	78	7.18896000000000e-02	5.00000000000000e-02
37	100	58	79	7.14758000000000e-02	5.00000000000000e-02
1	67	23	45	7.66266000000000e-02	5.00000000000000e-02
2	68	24	46	7.73335000000000e-02	5.00000000000000e-02
4	70	26	48	7.57810000000000e-02	5.00000000000000e-02
5	71	27	49	7.46158000000000e-02	5.00000000000000e-02
6	72	28	50	7.45050000000000e-02	5.00000000000000e-02
7	73	29	51	7.47984000000000e-02	5.00000000000000e-02
8	74	30	52	7.43260000000000e-02	5.00000000000000e-02
9	75	31	53	7.35906000000000e-02	5.00000000000000e-02
10	76	32	54	7.49965000000000e-02	5.00000000000000e-02
11	77	33	55	7.39716000000000e-02	5.00000000000000e-02
12	78	34	56	7.45776000000000e-02	5.00000000000000e-02
13	79	35	57	7.40924000000000e-02	5.00000000000000e-02
14	80	36	58	7.36977000000000e-02	5.00000000000000e-02
15	81	37	59	7.32818000000000e-02	5.00000000000000e-02
16	82	38	60	7.35321000000000e-02	5.00000000000000e-02
17	83	39	61	7.32615000000000e-02	5.00000000000000e-02
18	84	40	62	7.23292000000000e-02	5.00000000000000e-02
19	85	41	63	7.26217000000000e-02	5.00000000000000e-02
21	87	43	65	7.24545000000000e-02	5.00000000000000e-02
22	88	44	66	6.72862000000000e-02	5.00000000000000e-02
23	89	45	67	7.21239000000000e-02	5.00000000000000e-02
24	90	46	68	7.14013000000000e-02	5.00000000000000e-02
25	91	47	69	7.16234000000000e-02	5.00000000000000e-02
27	93	49	71	7.19700000000000e-02	5.00000000000000e-02
28	94	50	72	7.12936000000000e-02	5.00000000000000e-02
29	95	51	73	7.14278000000000e-02	5.00000000000000e-02
30	96	52	74	7.11794000000000e-02	5.00000000000000e-02
31	97	53	75	7.09003000000000e-02	5.00000000000000e-02
32	98	54	76	6.96056000000000e-02	5.00000000000000e-02
33	99	55	77	6.91297000000000e-02	5.00000000000000e-02
34	100	56	78	6.94751000000000e-02	5.00000000000000e-02
2	71	25	48	7.36137000000000e-02	5.00000000000000e-02
3	72	26	49	7.32222000000000e-02	5.00000000000000e-02
4	73	27	50	7.24590000000000e-02	5.00000000000000e-02
5	74	28	51	7.22530000000000e-02	5.00000000000000e-02
6	75	29	52	7.24315000000000e-02	5.00000000000000e-02
7	76	30	53	7.18145000000000e-02	5.00000000000000e-02
8	77	31	54	7.14777000000000e-02	5.00000000000000e-02
9	78	32	55	7.21013000000000e-02	5.00000000000000e-02
10	79	33	56	7.17582000000000e-02	5.00000000000000e-02
11	80	34	57	7.19035000000000e-02	5.00000000000000e-02
12	81	35	58	7.15682000000000e-02	5.00000000000000e-02
13	82	36	59	7.08510000000000e-02	5.00000000000000e-02
14	83	37	60	7.06742000000000e-02	5.00000000000000e-02
15	84	38	61	7.02990000000000e-02	5.00000000000000e-02
16	85	39	62	6.94085000000000e-02	5.00000000000000e-02
17	86	40	63	6.92237000000000e-02	5.00000000000000e-02
19	88	42	65	6.27036000000000e-02	5.00000000000000e-02
20	89	43	66	6.86886000000000e-02	5.00000000000000e-02
21	90	44	67	6.88837000000000e-02	5.00000000000000e-02
22	91	45	68	6.81096000000000e-02	5.00000000000000e-02
23	92	46	69	6.89885000000000e-02	5.00000000000000e-02
25	94	48	71	6.81166000000000e-02	5.00000000000000e-02
26	95	49	72	6.82991000000000e-02	5.00000000000000e-02
27	96	50	73	6.90998000000000e-02	5.00000000000000e-02
28	97	51	74	6.88288000000000e-02	5.00000000000000e-02
29	98	52	75	6.70014000000000e-02	5.00000000000000e-02
30	99	53	76	6.77653000000000e-02	5.00000000000000e-02
31	100	54	77	6.70559000000000e-02	5.00000000000000e-02
1	73	25	49	7.05623000000000e-02	5.00000000000000e-02
2	74	26	50	6.99113000000000e-02	5.00000000000000e-02
3	75	27	51	7.03357000000000e-02	5.00000000000000e-02
4	76	28	52	7.06961000000000e-02	5.00000000000000e-02
5	77	29	53	6.88100000000000e-02	5.00000000000000e-02
6	78	30	54	6.90805000000000e-02	5.00000000000000e-02
7	79	31	55	6.87337000000000e-02	5.00000000000000e-02
8	80	32	56	6.94627000000000e-02	5.00000000000000e-02
9	81	33	57	6.84922000000000e-02	5.00000000000000e-02
10	82	34	58	6.81519000000000e-02	5.00000000000000e-02
11	83	35	59	6.91352000000000e-02	5.00000000000000e-02
12	84	36	60	6.83419000000000e-02	5.00000000000000e-02
13	85	37	61	6.86627000000000e-02	5.00000000000000e-02
14	86	38	62	6.74498000000000e-02	5.00000000000000e-02
15	87	39	63	6.69222000000000e-02	5.00000000000000e-02
17	89	41	65	6.68573000000000e-02	5.00000000000000e-02
18	90	42	66	6.52975000000000e-02	5.00000000000000e-02
19	91	43	67	6.62150000000000e-02	5.00000000000000e-02
20	92	44	68	6.48820000000000e-02	5.00000000000000e-02
21	93	45	69	6.57321000000000e-02	5.00000000000000e-02
23	95	47	71	6.65432000000000e-02	5.00000000000000e-02
24	96	48	72	6.45604000000000e-02	5.00000000000000e-02
25	97	49	73	6.55098000000000e-02	5.00000000000000e-02
26	98	50	74	6.52170000000000e-02	5.00000000000000e-02
27	99	51	75	6.54601000000000e-02	5.00000000000000e-02
28	100	52	76	6.46735000000000e-02	5.00000000000000e-02
1	76	26	51	6.85065000000000e-02	5.00000000000000e-02
2	77	27	52	6.82748000000000e-02	5.00000000000000e-02
3	78	28	53	6.75144000000000e-02	5.00000000000000e-02
4	79	29	54	6.69228000000000e-02	5.00000000000000e-02
5	80	30	55	6.71889000000000e-02	5.00000000000000e-02
6	81	31	56	6.68779000000000e-02	5.00000000000000e-02
7	82	32	57	6.67490000000000e-02	5.00000000000000e-02
8	83	33	58	6.62622000000000e-02	5.00000000000000e-02
9	84	34	59	6.58079000000000e-02	5.00000000000000e-02
10	85	35	60	6.61919000000000e-02	5.00000000000000e-02
11	86	36	61	6.62298000000000e-02	5.00000000000000e-02
12	87	37	62	6.62239000000000e-02	5.00000000000000e-02
13	88	38	63	6.49501000000000e-02	5.00000000000000e-02
15	90	40	65	6.15673000000000e-02	5.00000000000000e-02
16	91	41	66	6.36058000000000e-02	5.00000000000000e-02
17	92	42	67	6.35571000000000e-02	5.00000000000000e-02
18	93	43	68	6.31321000000000e-02	5.00000000000000e-02
19	94	44	69	6.24805000000000e-02	5.00000000000000e-02
21	96	46	71	6.29798000000000e-02	5.00000000000000e-02
22	97	47	72	5.93908000000000e-02	5.00000000000000e-02
23	98	48	73	6.05439000000000e-02	5.00000000000000e-02
24	99	49	74	6.28280000000000e-02	5.00000000000000e-02
25	100	50	75	6.27358000000000e-02	5.00000000000000e-02
1	79	27	53	6.56768000000000e-02	5.00000000000000e-02
2	80	28	54	6.55604000000000e-02	5.00000000000000e-02
3	81	29	55	6.51715000000000e-02	5.00000000000000e-02
4	82	30	56	6.48992000000000e-02	5.00000000000000e-02
5	83	31	57	6.45626000000000e-02	5.00000000000000e-02
6	84	32	58	6.43337000000000e-02	5.00000000000000e-02
7	85	33	59	6.37045000000000e-02	5.00000000000000e-02
8	86	34	60	6.32573000000000e-02	5.00000000000000e-02
9	87	35	61	6.32637000000000e-02	5.00000000000000e-02
10	88	36	62	6.34800000000000e-02	5.00000000000000e-02
11	89	37	63	6.35438000000000e-02	5.00000000000000e-02
13	91	39	65	6.19427000000000e-02	5.00000000000000e-02
14	92	40	66	6.18138000000000e-02	5.00000000000000e-02
15	93	41	67	6.13478000000000e-02	5.00000000000000e-02
16	94	42	68	6.07679000000000e-02	5.00000000000000e-02
17	95	43	69	6.08322000000000e-02	5.00000000000000e-02
19	97	45	71	6.03661000000000e-02	5.00000000000000e-02
20	98	46	72	6.00488000000000e-02	5.00000000000000e-02
21	99	47	73	5.98361000000000e-02	5.00000000000000e-02
22	100	48	74	6.02356000000000e-02	5.00000000000000e-02
1	82	28	55	6.35170000000000e-02	5.00000000000000e-02
2	83	29	56	6.29609000000000e-02	5.00000000000000e-02
3	84	30	57	6.23049000000000e-02	5.00000000000000e-02
4	85	31	58	6.18758000000000e-02	5.00000000000000e-02
5	86	32	59	6.16579000000000e-02	5.00000000000000e-02
6	87	33	60	6.13554000000000e-02	5.00000000000000e-02
7	88	34	61	6.07937000000000e-02	5.00000000000000e-02
8	89	35	62	6.09915000000000e-02	5.00000000000000e-02
9	90	36	63	6.09756000000000e-02	5.00000000000000e-02
11	92	38	65	6.06449000000000e-02	5.00000000000000e-02
12	93	39	66	5.99657000000000e-02	5.00000000000000e-02
13	94	40	67	6.01103000000000e-02	5.00000000000000e-02
14	95	41	68	5.92746000000000e-02	5.00000000000000e-02
15	96	42	69	5.87450000000000e-02	5.00000000000000e-02
17	98	44	71	5.67501000000000e-02	5.00000000000000e-02
18	99	45	72	5.74709000000000e-02	5.00000000000000e-02
19	100	46	73	5.72659000000000e-02	5.00000000000000e-02
1	85	29	57	6.09577000000000e-02	5.00000000000000e-02
2	86	30	58	6.08699000000000e-02	5.00000000000000e-02
3	87	31	59	6.00405000000000e-02	5.00000000000000e-02
4	88	32	60	5.84390000000000e-02	5.00000000000000e-02
5	89	33	61	5.82871000000000e-02	5.00000000000000e-02
6	90	34	62	5.93032000000000e-02	5.00000000000000e-02
7	91	35	63	5.88493000000000e-02	5.00000000000000e-02
9	93	37	65	5.88858000000000e-02	5.00000000000000e-02
10	94	38	66	5.77915000000000e-02	5.00000000000000e-02
11	95	39	67	5.79905000000000e-02	5.00000000000000e-02
12	96	40	68	5.73657000000000e-02	5.00000000000000e-02
13	97	41	69	5.69402000000000e-02	5.00000000000000e-02
15	99	43	71	5.62418000000000e-02	5.00000000000000e-02
16	100	44	72	5.20719000000000e-02	5.00000000000000e-02
1	88	30	59	5.74734000000000e-02	5.00000000000000e-02
2	89	31	60	5.81349000000000e-02	5.00000000000000e-02
3	90	32	61	5.76547000000000e-02	5.00000000000000e-02
4	91	33	62	5.64848000000000e-02	5.00000000000000e-02
5	92	34	63	5.67267000000000e-02	5.00000000000000e-02
7	94	36	65	5.57706000000000e-02	5.00000000000000e-02
8	95	37	66	5.63447000000000e-02	5.00000000000000e-02
9	96	38	67	5.66790000000000e-02	5.00000000000000e-02
10	97	39	68	5.61744000000000e-02	5.00000000000000e-02
11	98	40	69	5.46433000000000e-02	5.00000000000000e-02
13	100	42	71	5.51458000000000e-02	5.00000000000000e-02
1	91	31	61	5.58293000000000e-02	5.00000000000000e-02
2	92	32	62	5.51807000000000e-02	5.00000000000000e-02
3	93	33	63	5.44012000000000e-02	5.00000000000000e-02
5	95	35	65	5.16256000000000e-02	5.00000000000000e-02
6	96	36	66	5.40334000000000e-02	5.00000000000000e-02
7	97	37	67	5.44627000000000e-02	5.00000000000000e-02
8	98	38	68	5.38049000000000e-02	5.00000000000000e-02
9	99	39	69	5.33972000000000e-02	5.00000000000000e-02
1	94	32	63	5.30006000000000e-02	5.00000000000000e-02
3	96	34	65	5.21464000000000e-02	5.00000000000000e-02
4	97	35	66	5.22008000000000e-02	5.00000000000000e-02
5	98	36	67	5.22594000000000e-02	5.00000000000000e-02
6	99	37	68	5.23127000000000e-02	5.00000000000000e-02
7	100	38	69	5.22915000000000e-02	5.00000000000000e-02
1	97	33	65	5.13450000000000e-02	5.00000000000000e-02
2	98	34	66	5.01246000000000e-02	5.00000000000000e-02
3	99	35	67	5.01695000000000e-02	5.00000000000000e-02
4	100	36	68	5.05316000000000e-02	5.00000000000000e-02
1	100	34	67	4.97731000000000e-02	5.00000000000000e-02
0
