97
# x y z
0	0	0
0.5	0	0
1	0	0
1.5	0	0
2	0	0
2.5	0	0
3	0	0
3.5	0	0
4	0	0
4.5	0	0
5	0	0
5.5	0	0
6	0	0
6.5	0	0
7	0	0
7.5	0	0
8	0	0
8.5	0	0
9	0	0
9.5	0	0
10	0	0
10.5	0	0
11	0	0
11.5	0	0
12	0	0
12.5	0	0
13	0	0
13.5	0	0
14	0	0
14.5	0	0
15	0	0
15.5	0	0
16	0	0
16.5	0	0
17	0	0
17.5	0	0
18	0	0
18.5	0	0
19	0	0
19.5	0	0
20	0	0
20.5	0	0
21	0	0
21.5	0	0
22	0	0
22.5	0	0
23	0	0
23.5	0	0
24	0	0
24.5	0	0
25	0	0
25.5	0	0
26	0	0
26.5	0	0
27	0	0
27.5	0	0
28	0	0
28.5	0	0
29	0	0
29.5	0	0
30	0	0
30.5	0	0
31	0	0
31.5	0	0
32	0	0
32.5	0	0
33	0	0
33.5	0	0
34	0	0
34.5	0	0
35	0	0
35.5	0	0
36	0	0
36.5	0	0
37	0	0
39	0	0
39.5	0	0
40	0	0
40.5	0	0
41	0	0
41.5	0	0
42	0	0
42.5	0	0
43	0	0
43.5	0	0
44	0	0
44.5	0	0
45	0	0
45.5	0	0
46	0	0
46.5	0	0
47	0	0
47.5	0	0
48	0	0
48.5	0	0
49	0	0
49.5	0	0
1314
# a b m n u i
1	4	2	3	2.69233000000000e-02	1.00000000000000e-03
2	5	3	4	1.71730000000000e-02	1.00000000000000e-03
3	6	4	5	1.36074000000000e-02	1.00000000000000e-03
4	7	5	6	1.19907000000000e-02	1.00000000000000e-03
5	8	6	7	1.06269000000000e-02	1.00000000000000e-03
6	9	7	8	7.87150000000000e-03	1.00000000000000e-03
7	10	8	9	1.05402000000000e-02	1.00000000000000e-03
8	11	9	10	7.18360000000000e-03	1.00000000000000e-03
9	12	10	11	1.11889000000000e-02	1.00000000000000e-03
10	13	11	12	8.38270000000000e-03	1.00000000000000e-03
11	14	12	13	8.95270000000000e-03	1.00000000000000e-03
12	15	13	14	8.58760000000000e-03	1.00000000000000e-03
13	16	14	15	8.50670000000000e-03	1.00000000000000e-03
14	17	15	16	8.09970000000000e-03	1.00000000000000e-03
15	18	16	17	8.12190000000000e-03	1.00000000000000e-03
16	19	17	18	7.69890000000000e-03	1.00000000000000e-03
17	20	18	19	8.53520000000000e-03	1.00000000000000e-03
18	21	19	20	6.89470000000000e-03	1.00000000000000e-03
19	22	20	21	8.04030000000000e-03	1.00000000000000e-03
20	23	21	22	6.81800000000000e-03	1.00000000000000e-03
21	24	22	23	6.34380000000000e-03	1.00000000000000e-03
22	25	23	24	6.74130000000000e-03	1.00000000000000e-03
23	26	24	25	6.73970000000000e-03	1.00000000000000e-03
24	27	25	26	6.17930000000000e-03	1.00000000000000e-03
27	30	28	29	7.06500000000000e-03	1.00000000000000e-03
28	31	29	30	5.69880000000000e-03	1.00000000000000e-03
29	32	30	31	7.70620000000000e-03	1.00000000000000e-03
30	33	31	32	5.48800000000000e-03	1.00000000000000e-03
31	34	32	33	7.33080000000000e-03	1.00000000000000e-03
32	35	33	34	5.84160000000000e-03	1.00000000000000e-03
33	36	34	35	7.66340000000000e-03	1.00000000000000e-03
34	37	35	36	5.75450000000000e-03	1.00000000000000e-03
35	38	36	37	6.70570000000000e-03	1.00000000000000e-03
36	39	37	38	5.94650000000000e-03	1.00000000000000e-03
37	40	38	39	6.09560000000000e-03	1.00000000000000e-03
38	41	39	40	5.70170000000000e-03	1.00000000000000e-03
39	42	40	41	5.86940000000000e-03	1.00000000000000e-03
40	43	41	42	5.74470000000000e-03	1.00000000000000e-03
41	44	42	43	6.45490000000000e-03	1.00000000000000e-03
42	45	43	44	5.86050000000000e-03	1.00000000000000e-03
43	46	44	45	7.24770000000000e-03	1.00000000000000e-03
44	47	45	46	5.85020000000000e-03	1.00000000000000e-03
45	48	46	47	7.12380000000000e-03	1.00000000000000e-03
46	49	47	48	6.15110000000000e-03	1.00000000000000e-03
47	50	48	49	6.26300000000000e-03	1.00000000000000e-03
48	51	49	50	6.45540000000000e-03	1.00000000000000e-03
49	52	50	51	5.87170000000000e-03	1.00000000000000e-03
50	53	51	52	7.03940000000000e-03	1.00000000000000e-03
51	54	52	53	5.78620000000000e-03	1.00000000000000e-03
52	55	53	54	6.98520000000000e-03	1.00000000000000e-03
53	56	54	55	6.48170000000000e-03	1.00000000000000e-03
54	57	55	56	6.41170000000000e-03	1.00000000000000e-03
55	58	56	57	6.25410000000000e-03	1.00000000000000e-03
56	59	57	58	7.27330000000000e-03	1.00000000000000e-03
57	60	58	59	6.34680000000000e-03	1.00000000000000e-03
58	61	59	60	7.05500000000000e-03	1.00000000000000e-03
59	62	60	61	5.96060000000000e-03	1.00000000000000e-03
60	63	61	62	6.54600000000000e-03	1.00000000000000e-03
61	64	62	63	5.81120000000000e-03	1.00000000000000e-03
62	65	63	64	6.81930000000000e-03	1.00000000000000e-03
63	66	64	65	6.40380000000000e-03	1.00000000000000e-03
64	67	65	66	6.84710000000000e-03	1.00000000000000e-03
65	68	66	67	7.56080000000000e-03	1.00000000000000e-03
66	69	67	68	7.61310000000000e-03	1.00000000000000e-03
67	70	68	69	1.05486000000000e-02	1.00000000000000e-03
68	71	69	70	9.20330000000000e-03	1.00000000000000e-03
69	72	70	71	1.17684000000000e-02	1.00000000000000e-03
70	73	71	72	1.62151000000000e-02	1.00000000000000e-03
71	74	72	73	2.43762000000000e-02	1.00000000000000e-03
76	79	77	78	1.54936000000000e-02	1.00000000000000e-03
77	80	78	79	8.56390000000000e-03	1.00000000000000e-03
78	81	79	80	7.02270000000000e-03	1.00000000000000e-03
79	82	80	81	8.80320000000000e-03	1.00000000000000e-03
80	83	81	82	5.66030000000000e-03	1.00000000000000e-03
81	84	82	83	8.96340000000000e-03	1.00000000000000e-03
82	85	83	84	7.08410000000000e-03	1.00000000000000e-03
83	86	84	85	8.39850000000000e-03	1.00000000000000e-03
84	87	85	86	6.84550000000000e-03	1.00000000000000e-03
85	88	86	87	9.25360000000000e-03	1.00000000000000e-03
86	89	87	88	7.43640000000000e-03	1.00000000000000e-03
87	90	88	89	9.17230000000000e-03	1.00000000000000e-03
88	91	89	90	7.43100000000000e-03	1.00000000000000e-03
89	92	90	91	8.37980000000000e-03	1.00000000000000e-03
90	93	91	92	7.97100000000000e-03	1.00000000000000e-03
91	94	92	93	9.04100000000000e-03	1.00000000000000e-03
92	95	93	94	9.56650000000000e-03	1.00000000000000e-03
93	96	94	95	8.76090000000000e-03	1.00000000000000e-03
94	97	95	96	1.01246000000000e-02	1.00000000000000e-03
1	7	3	5	7.47200000000000e-03	1.00000000000000e-03
2	8	4	6	4.85890000000000e-03	1.00000000000000e-03
3	9	5	7	5.05550000000000e-03	1.00000000000000e-03
4	10	6	8	4.80200000000000e-03	1.00000000000000e-03
5	11	7	9	4.32070000000000e-03	1.00000000000000e-03
7	13	9	11	4.26580000000000e-03	1.00000000000000e-03
8	14	10	12	4.14350000000000e-03	1.00000000000000e-03
9	15	11	13	3.78500000000000e-03	1.00000000000000e-03
10	16	12	14	4.90530000000000e-03	1.00000000000000e-03
11	17	13	15	3.89050000000000e-03	1.00000000000000e-03
12	18	14	16	3.96890000000000e-03	1.00000000000000e-03
13	19	15	17	4.16010000000000e-03	1.00000000000000e-03
14	20	16	18	3.93990000000000e-03	1.00000000000000e-03
15	21	17	19	3.81340000000000e-03	1.00000000000000e-03
16	22	18	20	3.97140000000000e-03	1.00000000000000e-03
17	23	19	21	4.14610000000000e-03	1.00000000000000e-03
18	24	20	22	3.95270000000000e-03	1.00000000000000e-03
19	25	21	23	4.05650000000000e-03	1.00000000000000e-03
20	26	22	24	4.01270000000000e-03	1.00000000000000e-03
21	27	23	25	4.26400000000000e-03	1.00000000000000e-03
22	28	24	26	3.90960000000000e-03	1.00000000000000e-03
24	30	26	28	3.86090000000000e-03	1.00000000000000e-03
26	32	28	30	3.67280000000000e-02	1.00000000000000e-02
27	33	29	31	3.68519000000000e-02	1.00000000000000e-02
28	34	30	32	3.66801000000000e-02	1.00000000000000e-02
29	35	31	33	3.53702000000000e-02	1.00000000000000e-02
30	36	32	34	3.65706000000000e-02	1.00000000000000e-02
31	37	33	35	3.66443000000000e-02	1.00000000000000e-02
32	38	34	36	3.57565000000000e-02	1.00000000000000e-02
33	39	35	37	3.48129000000000e-02	1.00000000000000e-02
34	40	36	38	3.44796000000000e-02	1.00000000000000e-02
35	41	37	39	3.47412000000000e-02	1.00000000000000e-02
36	42	38	40	3.52199000000000e-02	1.00000000000000e-02
37	43	39	41	3.46793000000000e-02	1.00000000000000e-02
38	44	40	42	3.44222000000000e-02	1.00000000000000e-02
39	45	41	43	3.57168000000000e-02	1.00000000000000e-02
40	46	42	44	3.66224000000000e-02	1.00000000000000e-02
41	47	43	45	3.77183000000000e-02	1.00000000000000e-02
42	48	44	46	3.79146000000000e-02	1.00000000000000e-02
43	49	45	47	3.95385000000000e-02	1.00000000000000e-02
44	50	46	48	4.01685000000000e-02	1.00000000000000e-02
45	51	47	49	3.97148000000000e-02	1.00000000000000e-02
46	52	48	50	3.87849000000000e-02	1.00000000000000e-02
47	53	49	51	3.95424000000000e-02	1.00000000000000e-02
48	54	50	52	3.87040000000000e-02	1.00000000000000e-02
49	55	51	53	3.77867000000000e-02	1.00000000000000e-02
50	56	52	54	3.78614000000000e-02	1.00000000000000e-02
51	57	53	55	3.89177000000000e-02	1.00000000000000e-02
52	58	54	56	3.86713000000000e-02	1.00000000000000e-02
53	59	55	57	3.87353000000000e-02	1.00000000000000e-02
54	60	56	58	3.67972000000000e-02	1.00000000000000e-02
55	61	57	59	3.65911000000000e-02	1.00000000000000e-02
56	62	58	60	3.84995000000000e-02	1.00000000000000e-02
57	63	59	61	3.81877000000000e-02	1.00000000000000e-02
58	64	60	62	3.48589000000000e-02	1.00000000000000e-02
59	65	61	63	3.58684000000000e-02	1.00000000000000e-02
60	66	62	64	3.69518000000000e-02	1.00000000000000e-02
61	67	63	65	3.43240000000000e-02	1.00000000000000e-02
62	68	64	66	3.32614000000000e-02	1.00000000000000e-02
63	69	65	67	3.51156000000000e-02	1.00000000000000e-02
64	70	66	68	3.53460000000000e-02	1.00000000000000e-02
65	71	67	69	3.62715000000000e-02	1.00000000000000e-02
66	72	68	70	4.11290000000000e-02	1.00000000000000e-02
67	73	69	71	4.52919000000000e-02	1.00000000000000e-02
68	74	70	72	4.71622000000000e-02	1.00000000000000e-02
76	82	78	80	4.21520000000000e-03	1.00000000000000e-03
77	83	79	81	3.88510000000000e-03	1.00000000000000e-03
78	84	80	82	3.18970000000000e-03	1.00000000000000e-03
79	85	81	83	3.21540000000000e-03	1.00000000000000e-03
80	86	82	84	3.99550000000000e-03	1.00000000000000e-03
81	87	83	85	3.65260000000000e-03	1.00000000000000e-03
82	88	84	86	3.23040000000000e-03	1.00000000000000e-03
83	89	85	87	3.32530000000000e-03	1.00000000000000e-03
84	90	86	88	3.89670000000000e-03	1.00000000000000e-03
85	91	87	89	3.85130000000000e-03	1.00000000000000e-03
86	92	88	90	3.56650000000000e-03	1.00000000000000e-03
87	93	89	91	3.41710000000000e-03	1.00000000000000e-03
88	94	90	92	3.58110000000000e-03	1.00000000000000e-03
89	95	91	93	4.04870000000000e-03	1.00000000000000e-03
90	96	92	94	4.12030000000000e-03	1.00000000000000e-03
91	97	93	95	3.45140000000000e-03	1.00000000000000e-03
1	10	4	7	4.67630000000000e-03	1.00000000000000e-03
2	11	5	8	3.30350000000000e-03	1.00000000000000e-03
3	12	6	9	3.55000000000000e-03	1.00000000000000e-03
4	13	7	10	3.49740000000000e-03	1.00000000000000e-03
5	14	8	11	3.50960000000000e-03	1.00000000000000e-03
6	15	9	12	3.26280000000000e-03	1.00000000000000e-03
7	16	10	13	3.32450000000000e-03	1.00000000000000e-03
8	17	11	14	2.99910000000000e-03	1.00000000000000e-03
9	18	12	15	3.13980000000000e-03	1.00000000000000e-03
10	19	13	16	3.20240000000000e-03	1.00000000000000e-03
11	20	14	17	3.14910000000000e-03	1.00000000000000e-03
12	21	15	18	3.06180000000000e-03	1.00000000000000e-03
13	22	16	19	3.24170000000000e-03	1.00000000000000e-03
14	23	17	20	3.13400000000000e-03	1.00000000000000e-03
15	24	18	21	3.08550000000000e-03	1.00000000000000e-03
16	25	19	22	3.02580000000000e-03	1.00000000000000e-03
17	26	20	23	3.16640000000000e-03	1.00000000000000e-03
18	27	21	24	3.20210000000000e-03	1.00000000000000e-03
19	28	22	25	3.69900000000000e-03	1.00000000000000e-03
20	29	23	26	3.23570000000000e-03	1.00000000000000e-03
22	31	25	28	3.03220000000000e-03	1.00000000000000e-03
23	32	26	29	2.85440000000000e-03	1.00000000000000e-03
25	34	28	31	3.00140000000000e-03	1.00000000000000e-03
26	35	29	32	2.85990000000000e-03	1.00000000000000e-03
27	36	30	33	3.32920000000000e-03	1.00000000000000e-03
28	37	31	34	2.81060000000000e-03	1.00000000000000e-03
29	38	32	35	2.91790000000000e-03	1.00000000000000e-03
30	39	33	36	2.79590000000000e-03	1.00000000000000e-03
31	40	34	37	2.97460000000000e-03	1.00000000000000e-03
32	41	35	38	2.81240000000000e-03	1.00000000000000e-03
33	42	36	39	2.97370000000000e-03	1.00000000000000e-03
34	43	37	40	2.87210000000000e-03	1.00000000000000e-03
35	44	38	41	3.03910000000000e-03	1.00000000000000e-03
36	45	39	42	2.81570000000000e-03	1.00000000000000e-03
37	46	40	43	2.88860000000000e-03	1.00000000000000e-03
38	47	41	44	2.86450000000000e-03	1.00000000000000e-03
39	48	42	45	3.02240000000000e-03	1.00000000000000e-03
40	49	43	46	2.96190000000000e-03	1.00000000000000e-03
41	50	44	47	3.26140000000000e-03	1.00000000000000e-03
42	51	45	48	3.22620000000000e-03	1.00000000000000e-03
43	52	46	49	3.27730000000000e-03	1.00000000000000e-03
44	53	47	50	3.39710000000000e-03	1.00000000000000e-03
45	54	48	51	3.31900000000000e-03	1.00000000000000e-03
46	55	49	52	3.18570000000000e-03	1.00000000000000e-03
47	56	50	53	3.07450000000000e-03	1.00000000000000e-03
48	57	51	54	3.13540000000000e-03	1.00000000000000e-03
49	58	52	55	3.24050000000000e-03	1.00000000000000e-03
50	59	53	56	3.34220000000000e-03	1.00000000000000e-03
51	60	54	57	3.03530000000000e-03	1.00000000000000e-03
52	61	55	58	2.99950000000000e-03	1.00000000000000e-03
53	62	56	59	3.13910000000000e-03	1.00000000000000e-03
54	63	57	60	3.28090000000000e-03	1.00000000000000e-03
55	64	58	61	3.10380000000000e-03	1.00000000000000e-03
56	65	59	62	3.07900000000000e-03	1.00000000000000e-03
57	66	60	63	2.83380000000000e-03	1.00000000000000e-03
58	67	61	64	2.85420000000000e-03	1.00000000000000e-03
59	68	62	65	2.76800000000000e-03	1.00000000000000e-03
60	69	63	66	2.73300000000000e-03	1.00000000000000e-03
61	70	64	67	2.99710000000000e-03	1.00000000000000e-03
62	71	65	68	2.70810000000000e-03	1.00000000000000e-03
63	72	66	69	2.88570000000000e-03	1.00000000000000e-03
64	73	67	70	2.81310000000000e-03	1.00000000000000e-03
65	74	68	71	2.83240000000000e-03	1.00000000000000e-03
76	85	79	82	2.41160000000000e-03	1.00000000000000e-03
77	86	80	83	2.63090000000000e-03	1.00000000000000e-03
78	87	81	84	2.42100000000000e-03	1.00000000000000e-03
79	88	82	85	2.85560000000000e-03	1.00000000000000e-03
80	89	83	86	2.64790000000000e-03	1.00000000000000e-03
81	90	84	87	2.58310000000000e-03	1.00000000000000e-03
82	91	85	88	2.55880000000000e-03	1.00000000000000e-03
83	92	86	89	2.82300000000000e-03	1.00000000000000e-03
84	93	87	90	2.59820000000000e-03	1.00000000000000e-03
85	94	88	91	2.55840000000000e-03	1.00000000000000e-03
86	95	89	92	2.46920000000000e-03	1.00000000000000e-03
87	96	90	93	2.65650000000000e-03	1.00000000000000e-03
88	97	91	94	2.76640000000000e-03	1.00000000000000e-03
1	13	5	9	3.34540000000000e-03	1.00000000000000e-03
3	15	7	11	3.12018000000000e-02	1.00000000000000e-02
4	16	8	12	3.08890000000000e-02	1.00000000000000e-02
5	17	9	13	2.97218000000000e-02	1.00000000000000e-02
6	18	10	14	2.88537000000000e-02	1.00000000000000e-02
7	19	11	15	2.77974000000000e-02	1.00000000000000e-02
8	20	12	16	2.75955000000000e-02	1.00000000000000e-02
9	21	13	17	2.74722000000000e-02	1.00000000000000e-02
10	22	14	18	2.70881000000000e-02	1.00000000000000e-02
11	23	15	19	2.76760000000000e-02	1.00000000000000e-02
12	24	16	20	2.67155000000000e-02	1.00000000000000e-02
13	25	17	21	2.62302000000000e-02	1.00000000000000e-02
14	26	18	22	2.66574000000000e-02	1.00000000000000e-02
15	27	19	23	2.60773000000000e-02	1.00000000000000e-02
16	28	20	24	2.75225000000000e-02	1.00000000000000e-02
17	29	21	25	2.82294000000000e-02	1.00000000000000e-02
18	30	22	26	2.80298000000000e-02	1.00000000000000e-02
20	32	24	28	2.66890000000000e-02	1.00000000000000e-02
21	33	25	29	2.54210000000000e-02	1.00000000000000e-02
22	34	26	30	2.50699000000000e-02	1.00000000000000e-02
24	36	28	32	2.55825000000000e-02	1.00000000000000e-02
25	37	29	33	2.57188000000000e-02	1.00000000000000e-02
26	38	30	34	2.61078000000000e-02	1.00000000000000e-02
27	39	31	35	2.55418000000000e-02	1.00000000000000e-02
28	40	32	36	2.58854000000000e-02	1.00000000000000e-02
29	41	33	37	2.56730000000000e-02	1.00000000000000e-02
30	42	34	38	2.54798000000000e-02	1.00000000000000e-02
31	43	35	39	2.54174000000000e-02	1.00000000000000e-02
32	44	36	40	2.55825000000000e-02	1.00000000000000e-02
33	45	37	41	2.53130000000000e-02	1.00000000000000e-02
34	46	38	42	2.57493000000000e-02	1.00000000000000e-02
35	47	39	43	2.56501000000000e-02	1.00000000000000e-02
36	48	40	44	2.55330000000000e-02	1.00000000000000e-02
37	49	41	45	2.64749000000000e-02	1.00000000000000e-02
38	50	42	46	2.65374000000000e-02	1.00000000000000e-02
39	51	43	47	2.76252000000000e-02	1.00000000000000e-02
40	52	44	48	2.81366000000000e-02	1.00000000000000e-02
41	53	45	49	2.81067000000000e-02	1.00000000000000e-02
42	54	46	50	2.84435000000000e-02	1.00000000000000e-02
43	55	47	51	2.77659000000000e-02	1.00000000000000e-02
44	56	48	52	2.74027000000000e-02	1.00000000000000e-02
45	57	49	53	2.75056000000000e-02	1.00000000000000e-02
46	58	50	54	2.72321000000000e-02	1.00000000000000e-02
47	59	51	55	2.76737000000000e-02	1.00000000000000e-02
48	60	52	56	2.71239000000000e-02	1.00000000000000e-02
49	61	53	57	2.76398000000000e-02	1.00000000000000e-02
50	62	54	58	2.69704000000000e-02	1.00000000000000e-02
51	63	55	59	2.71622000000000e-02	1.00000000000000e-02
52	64	56	60	2.73584000000000e-02	1.00000000000000e-02
53	65	57	61	2.69669000000000e-02	1.00000000000000e-02
54	66	58	62	2.71822000000000e-02	1.00000000000000e-02
55	67	59	63	2.67481000000000e-02	1.00000000000000e-02
56	68	60	64	2.59147000000000e-02	1.00000000000000e-02
57	69	61	65	2.49628000000000e-02	1.00000000000000e-02
58	70	62	66	2.44026000000000e-02	1.00000000000000e-02
59	71	63	67	2.41896000000000e-02	1.00000000000000e-02
60	72	64	68	2.39664000000000e-02	1.00000000000000e-02
61	73	65	69	2.47016000000000e-02	1.00000000000000e-02
62	74	66	70	2.44365000000000e-02	1.00000000000000e-02
76	88	80	84	2.11520000000000e-03	1.00000000000000e-03
77	89	81	85	2.24020000000000e-03	1.00000000000000e-03
78	90	82	86	2.33230000000000e-03	1.00000000000000e-03
79	91	83	87	2.66670000000000e-03	1.00000000000000e-03
80	92	84	88	2.32350000000000e-03	1.00000000000000e-03
81	93	85	89	2.35620000000000e-03	1.00000000000000e-03
82	94	86	90	2.17260000000000e-03	1.00000000000000e-03
83	95	87	91	2.14220000000000e-03	1.00000000000000e-03
84	96	88	92	2.21080000000000e-03	1.00000000000000e-03
85	97	89	93	2.20010000000000e-03	1.00000000000000e-03
1	16	6	11	2.83980000000000e-03	1.00000000000000e-03
2	17	7	12	2.64560000000000e-03	1.00000000000000e-03
3	18	8	13	2.91330000000000e-03	1.00000000000000e-03
4	19	9	14	3.02800000000000e-03	1.00000000000000e-03
5	20	10	15	2.69830000000000e-03	1.00000000000000e-03
6	21	11	16	2.73650000000000e-03	1.00000000000000e-03
7	22	12	17	2.59910000000000e-03	1.00000000000000e-03
8	23	13	18	2.55740000000000e-03	1.00000000000000e-03
9	24	14	19	2.52360000000000e-03	1.00000000000000e-03
10	25	15	20	3.08430000000000e-03	1.00000000000000e-03
11	26	16	21	2.67570000000000e-03	1.00000000000000e-03
12	27	17	22	2.52750000000000e-03	1.00000000000000e-03
13	28	18	23	2.62830000000000e-03	1.00000000000000e-03
14	29	19	24	2.54650000000000e-03	1.00000000000000e-03
15	30	20	25	2.70060000000000e-03	1.00000000000000e-03
16	31	21	26	2.86100000000000e-03	1.00000000000000e-03
18	33	23	28	2.74320000000000e-03	1.00000000000000e-03
19	34	24	29	2.93980000000000e-03	1.00000000000000e-03
20	35	25	30	2.31860000000000e-03	1.00000000000000e-03
21	36	26	31	2.57950000000000e-03	1.00000000000000e-03
23	38	28	33	2.35380000000000e-03	1.00000000000000e-03
24	39	29	34	2.50510000000000e-03	1.00000000000000e-03
25	40	30	35	2.47910000000000e-03	1.00000000000000e-03
26	41	31	36	2.31840000000000e-03	1.00000000000000e-03
27	42	32	37	2.41210000000000e-03	1.00000000000000e-03
28	43	33	38	2.33830000000000e-03	1.00000000000000e-03
29	44	34	39	2.47380000000000e-03	1.00000000000000e-03
30	45	35	40	2.35670000000000e-03	1.00000000000000e-03
31	46	36	41	2.38720000000000e-03	1.00000000000000e-03
32	47	37	42	2.42400000000000e-03	1.00000000000000e-03
33	48	38	43	2.41270000000000e-03	1.00000000000000e-03
34	49	39	44	2.30170000000000e-03	1.00000000000000e-03
35	50	40	45	2.38390000000000e-03	1.00000000000000e-03
36	51	41	46	2.64350000000000e-03	1.00000000000000e-03
37	52	42	47	2.66580000000000e-03	1.00000000000000e-03
38	53	43	48	2.75940000000000e-03	1.00000000000000e-03
39	54	44	49	2.55180000000000e-03	1.00000000000000e-03
40	55	45	50	2.56000000000000e-03	1.00000000000000e-03
41	56	46	51	2.72790000000000e-03	1.00000000000000e-03
42	57	47	52	2.49260000000000e-03	1.00000000000000e-03
43	58	48	53	2.55740000000000e-03	1.00000000000000e-03
44	59	49	54	2.65920000000000e-03	1.00000000000000e-03
45	60	50	55	2.38320000000000e-03	1.00000000000000e-03
46	61	51	56	2.52640000000000e-03	1.00000000000000e-03
47	62	52	57	2.59830000000000e-03	1.00000000000000e-03
48	63	53	58	2.55770000000000e-03	1.00000000000000e-03
49	64	54	59	2.54920000000000e-03	1.00000000000000e-03
50	65	55	60	2.79290000000000e-03	1.00000000000000e-03
51	66	56	61	2.56550000000000e-03	1.00000000000000e-03
52	67	57	62	2.55000000000000e-03	1.00000000000000e-03
53	68	58	63	2.68490000000000e-03	1.00000000000000e-03
54	69	59	64	2.49880000000000e-03	1.00000000000000e-03
55	70	60	65	2.52910000000000e-03	1.00000000000000e-03
56	71	61	66	2.49910000000000e-03	1.00000000000000e-03
57	72	62	67	2.42740000000000e-03	1.00000000000000e-03
58	73	63	68	2.27210000000000e-03	1.00000000000000e-03
59	74	64	69	2.29910000000000e-03	1.00000000000000e-03
64	76	69	74	2.18170000000000e-03	1.00000000000000e-03
69	81	74	76	2.22580000000000e-03	1.00000000000000e-03
76	91	81	86	1.00597800000000e-01	5.00000000000000e-02
77	92	82	87	2.31390000000000e-03	1.00000000000000e-03
78	93	83	88	2.21470000000000e-03	1.00000000000000e-03
79	94	84	89	2.36390000000000e-03	1.00000000000000e-03
80	95	85	90	2.14010000000000e-03	1.00000000000000e-03
81	96	86	91	2.18970000000000e-03	1.00000000000000e-03
82	97	87	92	2.03310000000000e-03	1.00000000000000e-03
1	19	7	13	2.74430000000000e-03	1.00000000000000e-03
2	20	8	14	2.71590000000000e-03	1.00000000000000e-03
3	21	9	15	2.46520000000000e-03	1.00000000000000e-03
4	22	10	16	2.46530000000000e-03	1.00000000000000e-03
5	23	11	17	2.63870000000000e-03	1.00000000000000e-03
6	24	12	18	2.27520000000000e-03	1.00000000000000e-03
7	25	13	19	2.26600000000000e-03	1.00000000000000e-03
8	26	14	20	2.51050000000000e-03	1.00000000000000e-03
9	27	15	21	2.31820000000000e-03	1.00000000000000e-03
10	28	16	22	2.48050000000000e-03	1.00000000000000e-03
11	29	17	23	2.33530000000000e-03	1.00000000000000e-03
12	30	18	24	2.59570000000000e-03	1.00000000000000e-03
13	31	19	25	2.53550000000000e-03	1.00000000000000e-03
14	32	20	26	2.37100000000000e-03	1.00000000000000e-03
16	34	22	28	2.32600000000000e-03	1.00000000000000e-03
17	35	23	29	2.68500000000000e-03	1.00000000000000e-03
18	36	24	30	2.60470000000000e-03	1.00000000000000e-03
19	37	25	31	2.61140000000000e-03	1.00000000000000e-03
20	38	26	32	2.04030000000000e-03	1.00000000000000e-03
22	40	28	34	2.18991000000000e-02	1.00000000000000e-02
23	41	29	35	2.23360000000000e-02	1.00000000000000e-02
24	42	30	36	2.28603000000000e-02	1.00000000000000e-02
25	43	31	37	2.24494000000000e-02	1.00000000000000e-02
26	44	32	38	2.24936000000000e-02	1.00000000000000e-02
27	45	33	39	2.21939000000000e-02	1.00000000000000e-02
28	46	34	40	2.23014000000000e-02	1.00000000000000e-02
29	47	35	41	2.19141000000000e-02	1.00000000000000e-02
30	48	36	42	2.17878000000000e-02	1.00000000000000e-02
31	49	37	43	2.19883000000000e-02	1.00000000000000e-02
32	50	38	44	2.19314000000000e-02	1.00000000000000e-02
33	51	39	45	2.24205000000000e-02	1.00000000000000e-02
34	52	40	46	2.27625000000000e-02	1.00000000000000e-02
35	53	41	47	2.36327000000000e-02	1.00000000000000e-02
36	54	42	48	2.39884000000000e-02	1.00000000000000e-02
37	55	43	49	2.39956000000000e-02	1.00000000000000e-02
38	56	44	50	2.42662000000000e-02	1.00000000000000e-02
39	57	45	51	2.39279000000000e-02	1.00000000000000e-02
40	58	46	52	2.37977000000000e-02	1.00000000000000e-02
41	59	47	53	2.33876000000000e-02	1.00000000000000e-02
42	60	48	54	2.27926000000000e-02	1.00000000000000e-02
43	61	49	55	2.29542000000000e-02	1.00000000000000e-02
44	62	50	56	2.23978000000000e-02	1.00000000000000e-02
45	63	51	57	2.29035000000000e-02	1.00000000000000e-02
46	64	52	58	2.29621000000000e-02	1.00000000000000e-02
47	65	53	59	2.33146000000000e-02	1.00000000000000e-02
48	66	54	60	2.33702000000000e-02	1.00000000000000e-02
49	67	55	61	2.34657000000000e-02	1.00000000000000e-02
50	68	56	62	2.36860000000000e-02	1.00000000000000e-02
51	69	57	63	2.34738000000000e-02	1.00000000000000e-02
52	70	58	64	2.32256000000000e-02	1.00000000000000e-02
53	71	59	65	2.26960000000000e-02	1.00000000000000e-02
54	72	60	66	2.18019000000000e-02	1.00000000000000e-02
55	73	61	67	2.18844000000000e-02	1.00000000000000e-02
56	74	62	68	2.11972000000000e-02	1.00000000000000e-02
61	76	67	73	1.94311000000000e-02	1.00000000000000e-02
62	77	68	74	2.15140000000000e-03	1.00000000000000e-03
67	82	73	76	1.03997300000000e-01	5.00000000000000e-02
68	83	74	77	1.01397900000000e-01	5.00000000000000e-02
76	94	82	88	1.01581900000000e-01	5.00000000000000e-02
77	95	83	89	2.12440000000000e-03	1.00000000000000e-03
78	96	84	90	2.05390000000000e-03	1.00000000000000e-03
79	97	85	91	2.06960000000000e-03	1.00000000000000e-03
1	22	8	15	2.50380000000000e-03	1.00000000000000e-03
2	23	9	16	2.57550000000000e-03	1.00000000000000e-03
3	24	10	17	2.65930000000000e-03	1.00000000000000e-03
4	25	11	18	2.42030000000000e-03	1.00000000000000e-03
5	26	12	19	2.35370000000000e-03	1.00000000000000e-03
6	27	13	20	2.19730000000000e-03	1.00000000000000e-03
7	28	14	21	2.26960000000000e-03	1.00000000000000e-03
8	29	15	22	2.39780000000000e-03	1.00000000000000e-03
9	30	16	23	2.32320000000000e-03	1.00000000000000e-03
10	31	17	24	2.89010000000000e-03	1.00000000000000e-03
11	32	18	25	2.42110000000000e-03	1.00000000000000e-03
12	33	19	26	2.15520000000000e-03	1.00000000000000e-03
14	35	21	28	2.24390000000000e-03	1.00000000000000e-03
15	36	22	29	2.53560000000000e-03	1.00000000000000e-03
16	37	23	30	2.38040000000000e-03	1.00000000000000e-03
17	38	24	31	2.22850000000000e-03	1.00000000000000e-03
18	39	25	32	2.26740000000000e-03	1.00000000000000e-03
19	40	26	33	2.40540000000000e-03	1.00000000000000e-03
21	42	28	35	2.10068000000000e-02	1.00000000000000e-02
22	43	29	36	2.07356000000000e-02	1.00000000000000e-02
23	44	30	37	2.11799000000000e-02	1.00000000000000e-02
24	45	31	38	2.08999000000000e-02	1.00000000000000e-02
25	46	32	39	2.13882000000000e-02	1.00000000000000e-02
26	47	33	40	2.08583000000000e-02	1.00000000000000e-02
27	48	34	41	2.07229000000000e-02	1.00000000000000e-02
28	49	35	42	2.04960000000000e-02	1.00000000000000e-02
29	50	36	43	2.05737000000000e-02	1.00000000000000e-02
30	51	37	44	2.06119000000000e-02	1.00000000000000e-02
31	52	38	45	2.11579000000000e-02	1.00000000000000e-02
32	53	39	46	2.12941000000000e-02	1.00000000000000e-02
33	54	40	47	2.17778000000000e-02	1.00000000000000e-02
34	55	41	48	2.22678000000000e-02	1.00000000000000e-02
35	56	42	49	2.25074000000000e-02	1.00000000000000e-02
36	57	43	50	2.26779000000000e-02	1.00000000000000e-02
37	58	44	51	2.27743000000000e-02	1.00000000000000e-02
38	59	45	52	2.25789000000000e-02	1.00000000000000e-02
39	60	46	53	2.20954000000000e-02	1.00000000000000e-02
40	61	47	54	2.18648000000000e-02	1.00000000000000e-02
41	62	48	55	2.14175000000000e-02	1.00000000000000e-02
42	63	49	56	2.15483000000000e-02	1.00000000000000e-02
43	64	50	57	2.13665000000000e-02	1.00000000000000e-02
44	65	51	58	2.13520000000000e-02	1.00000000000000e-02
45	66	52	59	2.16341000000000e-02	1.00000000000000e-02
46	67	53	60	2.21852000000000e-02	1.00000000000000e-02
47	68	54	61	2.20569000000000e-02	1.00000000000000e-02
48	69	55	62	2.20100000000000e-02	1.00000000000000e-02
49	70	56	63	2.19208000000000e-02	1.00000000000000e-02
50	71	57	64	2.19994000000000e-02	1.00000000000000e-02
51	72	58	65	2.18262000000000e-02	1.00000000000000e-02
52	73	59	66	2.15519000000000e-02	1.00000000000000e-02
53	74	60	67	2.03726000000000e-02	1.00000000000000e-02
58	76	65	72	1.86610000000000e-02	1.00000000000000e-02
59	77	66	73	2.01640000000000e-03	1.00000000000000e-03
60	78	67	74	1.91288000000000e-02	1.00000000000000e-02
65	83	72	76	1.84782000000000e-02	1.00000000000000e-02
66	84	73	77	9.32091000000000e-02	5.00000000000000e-02
67	85	74	78	9.83615000000000e-02	5.00000000000000e-02
72	90	76	83	8.14047000000000e-02	5.00000000000000e-02
73	91	77	84	5.62424000000000e-02	5.00000000000000e-02
74	92	78	85	8.81632000000000e-02	5.00000000000000e-02
76	97	83	90	9.55549000000000e-02	5.00000000000000e-02
1	25	9	17	2.25650000000000e-03	1.00000000000000e-03
2	26	10	18	2.14670000000000e-03	1.00000000000000e-03
3	27	11	19	2.28820000000000e-03	1.00000000000000e-03
4	28	12	20	2.46330000000000e-03	1.00000000000000e-03
5	29	13	21	2.28430000000000e-03	1.00000000000000e-03
6	30	14	22	2.14310000000000e-03	1.00000000000000e-03
7	31	15	23	2.26610000000000e-03	1.00000000000000e-03
8	32	16	24	2.32010000000000e-03	1.00000000000000e-03
9	33	17	25	2.39600000000000e-03	1.00000000000000e-03
10	34	18	26	2.69830000000000e-03	1.00000000000000e-03
12	36	20	28	2.44740000000000e-03	1.00000000000000e-03
13	37	21	29	2.39130000000000e-03	1.00000000000000e-03
14	38	22	30	2.05880000000000e-03	1.00000000000000e-03
15	39	23	31	2.36290000000000e-03	1.00000000000000e-03
16	40	24	32	2.17270000000000e-03	1.00000000000000e-03
17	41	25	33	2.00117000000000e-02	1.00000000000000e-02
18	42	26	34	1.98295000000000e-02	1.00000000000000e-02
20	44	28	36	1.96115000000000e-02	1.00000000000000e-02
21	45	29	37	1.98330000000000e-02	1.00000000000000e-02
22	46	30	38	1.98545000000000e-02	1.00000000000000e-02
23	47	31	39	1.95855000000000e-02	1.00000000000000e-02
24	48	32	40	1.99438000000000e-02	1.00000000000000e-02
25	49	33	41	1.95481000000000e-02	1.00000000000000e-02
26	50	34	42	1.96358000000000e-02	1.00000000000000e-02
27	51	35	43	1.95138000000000e-02	1.00000000000000e-02
28	52	36	44	1.92928000000000e-02	1.00000000000000e-02
29	53	37	45	1.96368000000000e-02	1.00000000000000e-02
30	54	38	46	2.00923000000000e-02	1.00000000000000e-02
31	55	39	47	2.07569000000000e-02	1.00000000000000e-02
32	56	40	48	2.06944000000000e-02	1.00000000000000e-02
33	57	41	49	2.07558000000000e-02	1.00000000000000e-02
34	58	42	50	2.11093000000000e-02	1.00000000000000e-02
35	59	43	51	2.17071000000000e-02	1.00000000000000e-02
36	60	44	52	2.13017000000000e-02	1.00000000000000e-02
37	61	45	53	2.07630000000000e-02	1.00000000000000e-02
38	62	46	54	2.05181000000000e-02	1.00000000000000e-02
39	63	47	55	2.08011000000000e-02	1.00000000000000e-02
40	64	48	56	2.04664000000000e-02	1.00000000000000e-02
41	65	49	57	2.04342000000000e-02	1.00000000000000e-02
42	66	50	58	2.03855000000000e-02	1.00000000000000e-02
43	67	51	59	2.04037000000000e-02	1.00000000000000e-02
44	68	52	60	2.06662000000000e-02	1.00000000000000e-02
45	69	53	61	2.04494000000000e-02	1.00000000000000e-02
46	70	54	62	2.05789000000000e-02	1.00000000000000e-02
47	71	55	63	2.10372000000000e-02	1.00000000000000e-02
48	72	56	64	2.07593000000000e-02	1.00000000000000e-02
49	73	57	65	2.05301000000000e-02	1.00000000000000e-02
50	74	58	66	2.01482000000000e-02	1.00000000000000e-02
55	76	63	71	1.84952000000000e-02	1.00000000000000e-02
56	77	64	72	1.78602000000000e-02	1.00000000000000e-02
57	78	65	73	1.80608000000000e-02	1.00000000000000e-02
58	79	66	74	1.85706000000000e-02	1.00000000000000e-02
63	84	71	76	9.02239000000000e-02	5.00000000000000e-02
64	85	72	77	9.10200000000000e-02	5.00000000000000e-02
65	86	73	78	9.65058000000000e-02	5.00000000000000e-02
66	87	74	79	9.31714000000000e-02	5.00000000000000e-02
71	92	76	84	8.14550000000000e-02	5.00000000000000e-02
72	93	77	85	7.85035000000000e-02	5.00000000000000e-02
73	94	78	86	8.34199000000000e-02	5.00000000000000e-02
1	28	10	19	2.18310000000000e-03	1.00000000000000e-03
2	29	11	20	2.08840000000000e-03	1.00000000000000e-03
3	30	12	21	2.16700000000000e-03	1.00000000000000e-03
4	31	13	22	2.19330000000000e-03	1.00000000000000e-03
5	32	14	23	2.10240000000000e-03	1.00000000000000e-03
6	33	15	24	2.18850000000000e-03	1.00000000000000e-03
7	34	16	25	2.14440000000000e-03	1.00000000000000e-03
8	35	17	26	2.04840000000000e-03	1.00000000000000e-03
10	37	19	28	2.84580000000000e-03	1.00000000000000e-03
11	38	20	29	2.33750000000000e-03	1.00000000000000e-03
12	39	21	30	1.97944000000000e-02	1.00000000000000e-02
13	40	22	31	2.01586000000000e-02	1.00000000000000e-02
14	41	23	32	1.98657000000000e-02	1.00000000000000e-02
15	42	24	33	1.96423000000000e-02	1.00000000000000e-02
16	43	25	34	1.90206000000000e-02	1.00000000000000e-02
17	44	26	35	1.89115000000000e-02	1.00000000000000e-02
19	46	28	37	1.87445000000000e-02	1.00000000000000e-02
20	47	29	38	1.85687000000000e-02	1.00000000000000e-02
21	48	30	39	1.86949000000000e-02	1.00000000000000e-02
22	49	31	40	1.83047000000000e-02	1.00000000000000e-02
23	50	32	41	1.85125000000000e-02	1.00000000000000e-02
24	51	33	42	1.87762000000000e-02	1.00000000000000e-02
25	52	34	43	1.87301000000000e-02	1.00000000000000e-02
26	53	35	44	1.86996000000000e-02	1.00000000000000e-02
27	54	36	45	1.88330000000000e-02	1.00000000000000e-02
28	55	37	46	1.88151000000000e-02	1.00000000000000e-02
29	56	38	47	1.91090000000000e-02	1.00000000000000e-02
30	57	39	48	1.93800000000000e-02	1.00000000000000e-02
31	58	40	49	1.97717000000000e-02	1.00000000000000e-02
32	59	41	50	2.01467000000000e-02	1.00000000000000e-02
33	60	42	51	1.98956000000000e-02	1.00000000000000e-02
34	61	43	52	2.00047000000000e-02	1.00000000000000e-02
35	62	44	53	1.99544000000000e-02	1.00000000000000e-02
36	63	45	54	2.01036000000000e-02	1.00000000000000e-02
37	64	46	55	1.97996000000000e-02	1.00000000000000e-02
38	65	47	56	1.95456000000000e-02	1.00000000000000e-02
39	66	48	57	1.94887000000000e-02	1.00000000000000e-02
40	67	49	58	1.93554000000000e-02	1.00000000000000e-02
41	68	50	59	1.92803000000000e-02	1.00000000000000e-02
42	69	51	60	1.98123000000000e-02	1.00000000000000e-02
43	70	52	61	1.97286000000000e-02	1.00000000000000e-02
44	71	53	62	1.94617000000000e-02	1.00000000000000e-02
45	72	54	63	1.96838000000000e-02	1.00000000000000e-02
46	73	55	64	1.98451000000000e-02	1.00000000000000e-02
47	74	56	65	1.94772000000000e-02	1.00000000000000e-02
52	76	61	70	1.79560000000000e-02	1.00000000000000e-02
53	77	62	71	1.75932000000000e-02	1.00000000000000e-02
54	78	63	72	1.75989000000000e-02	1.00000000000000e-02
55	79	64	73	1.75802000000000e-02	1.00000000000000e-02
56	80	65	74	1.76925000000000e-02	1.00000000000000e-02
61	85	70	76	8.36534000000000e-02	5.00000000000000e-02
62	86	71	77	8.73432000000000e-02	5.00000000000000e-02
63	87	72	78	9.20301000000000e-02	5.00000000000000e-02
64	88	73	79	9.17672000000000e-02	5.00000000000000e-02
65	89	74	80	8.93793000000000e-02	5.00000000000000e-02
70	94	76	85	7.33531000000000e-02	5.00000000000000e-02
71	95	77	86	7.31298000000000e-02	5.00000000000000e-02
72	96	78	87	8.27593000000000e-02	5.00000000000000e-02
73	97	79	88	5.25381000000000e-02	5.00000000000000e-02
1	31	11	21	1.01434700000000e-01	5.00000000000000e-02
2	32	12	22	9.99460000000000e-02	5.00000000000000e-02
3	33	13	23	1.00833200000000e-01	5.00000000000000e-02
4	34	14	24	1.02730400000000e-01	5.00000000000000e-02
5	35	15	25	1.02594800000000e-01	5.00000000000000e-02
6	36	16	26	1.01207000000000e-01	5.00000000000000e-02
8	38	18	28	9.79528000000000e-02	5.00000000000000e-02
9	39	19	29	9.72723000000000e-02	5.00000000000000e-02
10	40	20	30	9.59506000000000e-02	5.00000000000000e-02
11	41	21	31	9.66916000000000e-02	5.00000000000000e-02
12	42	22	32	9.51312000000000e-02	5.00000000000000e-02
13	43	23	33	9.58533000000000e-02	5.00000000000000e-02
14	44	24	34	9.32752000000000e-02	5.00000000000000e-02
15	45	25	35	9.09832000000000e-02	5.00000000000000e-02
16	46	26	36	8.98329000000000e-02	5.00000000000000e-02
18	48	28	38	8.84614000000000e-02	5.00000000000000e-02
19	49	29	39	8.82758000000000e-02	5.00000000000000e-02
20	50	30	40	8.80147000000000e-02	5.00000000000000e-02
21	51	31	41	8.70817000000000e-02	5.00000000000000e-02
22	52	32	42	8.76648000000000e-02	5.00000000000000e-02
23	53	33	43	8.74332000000000e-02	5.00000000000000e-02
24	54	34	44	8.88263000000000e-02	5.00000000000000e-02
25	55	35	45	8.96515000000000e-02	5.00000000000000e-02
26	56	36	46	9.04175000000000e-02	5.00000000000000e-02
27	57	37	47	9.14524000000000e-02	5.00000000000000e-02
28	58	38	48	9.24722000000000e-02	5.00000000000000e-02
29	59	39	49	9.31330000000000e-02	5.00000000000000e-02
30	60	40	50	9.30085000000000e-02	5.00000000000000e-02
31	61	41	51	9.41305000000000e-02	5.00000000000000e-02
32	62	42	52	9.41560000000000e-02	5.00000000000000e-02
33	63	43	53	9.45637000000000e-02	5.00000000000000e-02
34	64	44	54	9.49522000000000e-02	5.00000000000000e-02
35	65	45	55	9.50744000000000e-02	5.00000000000000e-02
36	66	46	56	9.49079000000000e-02	5.00000000000000e-02
37	67	47	57	9.38950000000000e-02	5.00000000000000e-02
38	68	48	58	9.34576000000000e-02	5.00000000000000e-02
39	69	49	59	9.30553000000000e-02	5.00000000000000e-02
40	70	50	60	9.40151000000000e-02	5.00000000000000e-02
41	71	51	61	9.39862000000000e-02	5.00000000000000e-02
42	72	52	62	9.40571000000000e-02	5.00000000000000e-02
43	73	53	63	9.39553000000000e-02	5.00000000000000e-02
49	76	59	69	1.77133000000000e-02	1.00000000000000e-02
50	77	60	70	1.72770000000000e-02	1.00000000000000e-02
51	78	61	71	1.73461000000000e-02	1.00000000000000e-02
52	79	62	72	1.71180000000000e-02	1.00000000000000e-02
53	80	63	73	1.67899000000000e-02	1.00000000000000e-02
54	81	64	74	1.68871000000000e-02	1.00000000000000e-02
59	86	69	76	8.75032000000000e-02	5.00000000000000e-02
60	87	70	77	8.45901000000000e-02	5.00000000000000e-02
61	88	71	78	8.72848000000000e-02	5.00000000000000e-02
62	89	72	79	8.67407000000000e-02	5.00000000000000e-02
63	90	73	80	8.78295000000000e-02	5.00000000000000e-02
64	91	74	81	8.67524000000000e-02	5.00000000000000e-02
69	96	76	86	7.39843000000000e-02	5.00000000000000e-02
70	97	77	87	7.77481000000000e-02	5.00000000000000e-02
1	34	12	23	9.78263000000000e-02	5.00000000000000e-02
2	35	13	24	9.63312000000000e-02	5.00000000000000e-02
3	36	14	25	9.93336000000000e-02	5.00000000000000e-02
4	37	15	26	9.92993000000000e-02	5.00000000000000e-02
6	39	17	28	9.52529000000000e-02	5.00000000000000e-02
7	40	18	29	9.47711000000000e-02	5.00000000000000e-02
8	41	19	30	9.30386000000000e-02	5.00000000000000e-02
9	42	20	31	9.33343000000000e-02	5.00000000000000e-02
10	43	21	32	9.19704000000000e-02	5.00000000000000e-02
11	44	22	33	9.21847000000000e-02	5.00000000000000e-02
12	45	23	34	9.10382000000000e-02	5.00000000000000e-02
13	46	24	35	8.97564000000000e-02	5.00000000000000e-02
14	47	25	36	8.59003000000000e-02	5.00000000000000e-02
15	48	26	37	8.53076000000000e-02	5.00000000000000e-02
17	50	28	39	8.47045000000000e-02	5.00000000000000e-02
18	51	29	40	8.40292000000000e-02	5.00000000000000e-02
19	52	30	41	8.40920000000000e-02	5.00000000000000e-02
20	53	31	42	8.31936000000000e-02	5.00000000000000e-02
21	54	32	43	8.38675000000000e-02	5.00000000000000e-02
22	55	33	44	8.35915000000000e-02	5.00000000000000e-02
23	56	34	45	8.45859000000000e-02	5.00000000000000e-02
24	57	35	46	8.54213000000000e-02	5.00000000000000e-02
25	58	36	47	8.75619000000000e-02	5.00000000000000e-02
26	59	37	48	8.80167000000000e-02	5.00000000000000e-02
27	60	38	49	8.76772000000000e-02	5.00000000000000e-02
28	61	39	50	8.80640000000000e-02	5.00000000000000e-02
29	62	40	51	8.84019000000000e-02	5.00000000000000e-02
30	63	41	52	8.93298000000000e-02	5.00000000000000e-02
31	64	42	53	8.97579000000000e-02	5.00000000000000e-02
32	65	43	54	8.99039000000000e-02	5.00000000000000e-02
33	66	44	55	9.10798000000000e-02	5.00000000000000e-02
34	67	45	56	9.10908000000000e-02	5.00000000000000e-02
35	68	46	57	9.12946000000000e-02	5.00000000000000e-02
36	69	47	58	9.01013000000000e-02	5.00000000000000e-02
37	70	48	59	8.96853000000000e-02	5.00000000000000e-02
38	71	49	60	9.09835000000000e-02	5.00000000000000e-02
39	72	50	61	9.00890000000000e-02	5.00000000000000e-02
40	73	51	62	8.98581000000000e-02	5.00000000000000e-02
46	76	57	68	1.69562000000000e-02	1.00000000000000e-02
47	77	58	69	1.66261000000000e-02	1.00000000000000e-02
48	78	59	70	1.69576000000000e-02	1.00000000000000e-02
49	79	60	71	1.69697000000000e-02	1.00000000000000e-02
50	80	61	72	1.64346000000000e-02	1.00000000000000e-02
51	81	62	73	1.64180000000000e-02	1.00000000000000e-02
52	82	63	74	1.66276000000000e-02	1.00000000000000e-02
57	87	68	76	8.23840000000000e-02	5.00000000000000e-02
58	88	69	77	7.95419000000000e-02	5.00000000000000e-02
59	89	70	78	8.30035000000000e-02	5.00000000000000e-02
60	90	71	79	8.31809000000000e-02	5.00000000000000e-02
61	91	72	80	8.42259000000000e-02	5.00000000000000e-02
62	92	73	81	8.39195000000000e-02	5.00000000000000e-02
63	93	74	82	8.11917000000000e-02	5.00000000000000e-02
1	37	13	25	8.52415000000000e-02	5.00000000000000e-02
2	38	14	26	9.30583000000000e-02	5.00000000000000e-02
4	40	16	28	9.34682000000000e-02	5.00000000000000e-02
5	41	17	29	9.23983000000000e-02	5.00000000000000e-02
6	42	18	30	9.13723000000000e-02	5.00000000000000e-02
7	43	19	31	9.03113000000000e-02	5.00000000000000e-02
8	44	20	32	8.86115000000000e-02	5.00000000000000e-02
9	45	21	33	8.84212000000000e-02	5.00000000000000e-02
10	46	22	34	8.76221000000000e-02	5.00000000000000e-02
11	47	23	35	8.75370000000000e-02	5.00000000000000e-02
12	48	24	36	8.43494000000000e-02	5.00000000000000e-02
13	49	25	37	8.24437000000000e-02	5.00000000000000e-02
14	50	26	38	8.09645000000000e-02	5.00000000000000e-02
16	52	28	40	8.11462000000000e-02	5.00000000000000e-02
17	53	29	41	8.04389000000000e-02	5.00000000000000e-02
18	54	30	42	8.06572000000000e-02	5.00000000000000e-02
19	55	31	43	8.04018000000000e-02	5.00000000000000e-02
20	56	32	44	8.03757000000000e-02	5.00000000000000e-02
21	57	33	45	8.07479000000000e-02	5.00000000000000e-02
22	58	34	46	8.13214000000000e-02	5.00000000000000e-02
23	59	35	47	8.21289000000000e-02	5.00000000000000e-02
24	60	36	48	8.30063000000000e-02	5.00000000000000e-02
25	61	37	49	8.35664000000000e-02	5.00000000000000e-02
26	62	38	50	8.44273000000000e-02	5.00000000000000e-02
27	63	39	51	8.37584000000000e-02	5.00000000000000e-02
28	64	40	52	8.49875000000000e-02	5.00000000000000e-02
29	65	41	53	8.49726000000000e-02	5.00000000000000e-02
30	66	42	54	8.63228000000000e-02	5.00000000000000e-02
31	67	43	55	8.69413000000000e-02	5.00000000000000e-02
32	68	44	56	8.71384000000000e-02	5.00000000000000e-02
33	69	45	57	8.69662000000000e-02	5.00000000000000e-02
34	70	46	58	8.71408000000000e-02	5.00000000000000e-02
35	71	47	59	8.71303000000000e-02	5.00000000000000e-02
36	72	48	60	8.75438000000000e-02	5.00000000000000e-02
37	73	49	61	7.11775000000000e-02	5.00000000000000e-02
38	74	50	62	2.44790000000000e-02	5.00000000000000e-02
43	76	55	67	1.65437000000000e-02	1.00000000000000e-02
44	77	56	68	2.91103000000000e-02	5.00000000000000e-02
45	78	57	69	8.19935000000000e-02	5.00000000000000e-02
46	79	58	70	8.19504000000000e-02	5.00000000000000e-02
47	80	59	71	8.15138000000000e-02	5.00000000000000e-02
48	81	60	72	7.90676000000000e-02	5.00000000000000e-02
49	82	61	73	7.93622000000000e-02	5.00000000000000e-02
50	83	62	74	7.92615000000000e-02	5.00000000000000e-02
55	88	67	76	8.01534000000000e-02	5.00000000000000e-02
56	89	68	77	7.70943000000000e-02	5.00000000000000e-02
57	90	69	78	8.01146000000000e-02	5.00000000000000e-02
58	91	70	79	7.93900000000000e-02	5.00000000000000e-02
59	92	71	80	7.97856000000000e-02	5.00000000000000e-02
60	93	72	81	8.04259000000000e-02	5.00000000000000e-02
61	94	73	82	7.86402000000000e-02	5.00000000000000e-02
62	95	74	83	7.84886000000000e-02	5.00000000000000e-02
2	41	15	28	8.88100000000000e-02	5.00000000000000e-02
3	42	16	29	8.99088000000000e-02	5.00000000000000e-02
4	43	17	30	8.92181000000000e-02	5.00000000000000e-02
5	44	18	31	8.88264000000000e-02	5.00000000000000e-02
6	45	19	32	8.64461000000000e-02	5.00000000000000e-02
7	46	20	33	8.62502000000000e-02	5.00000000000000e-02
8	47	21	34	8.43781000000000e-02	5.00000000000000e-02
9	48	22	35	8.40479000000000e-02	5.00000000000000e-02
10	49	23	36	8.31815000000000e-02	5.00000000000000e-02
11	50	24	37	8.12650000000000e-02	5.00000000000000e-02
12	51	25	38	7.83946000000000e-02	5.00000000000000e-02
13	52	26	39	7.83730000000000e-02	5.00000000000000e-02
15	54	28	41	7.75802000000000e-02	5.00000000000000e-02
16	55	29	42	7.69881000000000e-02	5.00000000000000e-02
17	56	30	43	7.76756000000000e-02	5.00000000000000e-02
18	57	31	44	7.67592000000000e-02	5.00000000000000e-02
19	58	32	45	7.80725000000000e-02	5.00000000000000e-02
20	59	33	46	7.76774000000000e-02	5.00000000000000e-02
21	60	34	47	7.81341000000000e-02	5.00000000000000e-02
22	61	35	48	7.82595000000000e-02	5.00000000000000e-02
23	62	36	49	7.91006000000000e-02	5.00000000000000e-02
24	63	37	50	8.03402000000000e-02	5.00000000000000e-02
25	64	38	51	8.10639000000000e-02	5.00000000000000e-02
26	65	39	52	8.11080000000000e-02	5.00000000000000e-02
27	66	40	53	8.13510000000000e-02	5.00000000000000e-02
28	67	41	54	8.20015000000000e-02	5.00000000000000e-02
29	68	42	55	8.29014000000000e-02	5.00000000000000e-02
30	69	43	56	8.29565000000000e-02	5.00000000000000e-02
31	70	44	57	1.68179000000000e-02	1.00000000000000e-02
32	71	45	58	1.65775000000000e-02	1.00000000000000e-02
33	72	46	59	1.69583000000000e-02	1.00000000000000e-02
34	73	47	60	1.68820000000000e-02	1.00000000000000e-02
35	74	48	61	1.66273000000000e-02	1.00000000000000e-02
41	77	54	67	1.57856000000000e-02	1.00000000000000e-02
42	78	55	68	1.57122000000000e-02	1.00000000000000e-02
43	79	56	69	1.60126000000000e-02	1.00000000000000e-02
44	80	57	70	1.57170000000000e-02	1.00000000000000e-02
45	81	58	71	1.57000000000000e-02	1.00000000000000e-02
46	82	59	72	1.56715000000000e-02	1.00000000000000e-02
47	83	60	73	1.52799000000000e-02	1.00000000000000e-02
48	84	61	74	1.53322000000000e-02	1.00000000000000e-02
53	89	66	76	7.75285000000000e-02	5.00000000000000e-02
54	90	67	77	1.56623000000000e-02	1.00000000000000e-02
55	91	68	78	1.54085000000000e-02	1.00000000000000e-02
56	92	69	79	1.50492000000000e-02	1.00000000000000e-02
57	93	70	80	1.54129000000000e-02	1.00000000000000e-02
58	94	71	81	1.53022000000000e-02	1.00000000000000e-02
59	95	72	82	1.49609000000000e-02	1.00000000000000e-02
60	96	73	83	1.53346000000000e-02	1.00000000000000e-02
61	97	74	84	1.52777000000000e-02	1.00000000000000e-02
1	43	15	29	1.75607000000000e-02	1.00000000000000e-02
2	44	16	30	1.67761000000000e-02	1.00000000000000e-02
3	45	17	31	1.72825000000000e-02	1.00000000000000e-02
4	46	18	32	1.72461000000000e-02	1.00000000000000e-02
5	47	19	33	1.68942000000000e-02	1.00000000000000e-02
6	48	20	34	1.63380000000000e-02	1.00000000000000e-02
7	49	21	35	1.65315000000000e-02	1.00000000000000e-02
8	50	22	36	1.62835000000000e-02	1.00000000000000e-02
9	51	23	37	1.59596000000000e-02	1.00000000000000e-02
10	52	24	38	1.59266000000000e-02	1.00000000000000e-02
11	53	25	39	1.51210000000000e-02	1.00000000000000e-02
12	54	26	40	1.51618000000000e-02	1.00000000000000e-02
14	56	28	42	1.48260000000000e-02	1.00000000000000e-02
15	57	29	43	1.48101000000000e-02	1.00000000000000e-02
16	58	30	44	1.47426000000000e-02	1.00000000000000e-02
17	59	31	45	1.50417000000000e-02	1.00000000000000e-02
18	60	32	46	1.48122000000000e-02	1.00000000000000e-02
19	61	33	47	1.52462000000000e-02	1.00000000000000e-02
20	62	34	48	1.52795000000000e-02	1.00000000000000e-02
21	63	35	49	1.49836000000000e-02	1.00000000000000e-02
22	64	36	50	1.51175000000000e-02	1.00000000000000e-02
23	65	37	51	1.54704000000000e-02	1.00000000000000e-02
24	66	38	52	1.57109000000000e-02	1.00000000000000e-02
25	67	39	53	1.55110000000000e-02	1.00000000000000e-02
26	68	40	54	1.56124000000000e-02	1.00000000000000e-02
27	69	41	55	1.57215000000000e-02	1.00000000000000e-02
28	70	42	56	1.60921000000000e-02	1.00000000000000e-02
29	71	43	57	1.60106000000000e-02	1.00000000000000e-02
30	72	44	58	1.61576000000000e-02	1.00000000000000e-02
31	73	45	59	1.64313000000000e-02	1.00000000000000e-02
32	74	46	60	1.59755000000000e-02	1.00000000000000e-02
37	76	51	65	7.75893000000000e-02	5.00000000000000e-02
38	77	52	66	1.53831000000000e-02	1.00000000000000e-02
39	78	53	67	1.55717000000000e-02	1.00000000000000e-02
40	79	54	68	1.54063000000000e-02	1.00000000000000e-02
41	80	55	69	1.54101000000000e-02	1.00000000000000e-02
42	81	56	70	1.53180000000000e-02	1.00000000000000e-02
43	82	57	71	1.51785000000000e-02	1.00000000000000e-02
44	83	58	72	1.48961000000000e-02	1.00000000000000e-02
45	84	59	73	1.46989000000000e-02	1.00000000000000e-02
46	85	60	74	1.47676000000000e-02	1.00000000000000e-02
51	90	65	76	7.49146000000000e-02	5.00000000000000e-02
52	91	66	77	1.50881000000000e-02	1.00000000000000e-02
53	92	67	78	1.47117000000000e-02	1.00000000000000e-02
54	93	68	79	1.47619000000000e-02	1.00000000000000e-02
55	94	69	80	1.44799000000000e-02	1.00000000000000e-02
56	95	70	81	1.46625000000000e-02	1.00000000000000e-02
57	96	71	82	1.43841000000000e-02	1.00000000000000e-02
58	97	72	83	1.44341000000000e-02	1.00000000000000e-02
1	46	16	31	8.27380000000000e-02	5.00000000000000e-02
2	47	17	32	7.99049000000000e-02	5.00000000000000e-02
3	48	18	33	8.16556000000000e-02	5.00000000000000e-02
4	49	19	34	8.09603000000000e-02	5.00000000000000e-02
5	50	20	35	7.92772000000000e-02	5.00000000000000e-02
6	51	21	36	7.84209000000000e-02	5.00000000000000e-02
7	52	22	37	7.72491000000000e-02	5.00000000000000e-02
8	53	23	38	7.62941000000000e-02	5.00000000000000e-02
9	54	24	39	7.46965000000000e-02	5.00000000000000e-02
10	55	25	40	7.28271000000000e-02	5.00000000000000e-02
11	56	26	41	7.23262000000000e-02	5.00000000000000e-02
13	58	28	43	7.14474000000000e-02	5.00000000000000e-02
14	59	29	44	7.15756000000000e-02	5.00000000000000e-02
15	60	30	45	7.17525000000000e-02	5.00000000000000e-02
16	61	31	46	7.14791000000000e-02	5.00000000000000e-02
17	62	32	47	7.28726000000000e-02	5.00000000000000e-02
18	63	33	48	7.25192000000000e-02	5.00000000000000e-02
19	64	34	49	7.31859000000000e-02	5.00000000000000e-02
20	65	35	50	7.28397000000000e-02	5.00000000000000e-02
21	66	36	51	7.41570000000000e-02	5.00000000000000e-02
22	67	37	52	7.39642000000000e-02	5.00000000000000e-02
23	68	38	53	7.48657000000000e-02	5.00000000000000e-02
24	69	39	54	7.46375000000000e-02	5.00000000000000e-02
25	70	40	55	7.63336000000000e-02	5.00000000000000e-02
26	71	41	56	7.62004000000000e-02	5.00000000000000e-02
27	72	42	57	7.71483000000000e-02	5.00000000000000e-02
28	73	43	58	7.70970000000000e-02	5.00000000000000e-02
29	74	44	59	7.68900000000000e-02	5.00000000000000e-02
34	76	49	64	7.62130000000000e-02	5.00000000000000e-02
35	77	50	65	7.46244000000000e-02	5.00000000000000e-02
36	78	51	66	7.54354000000000e-02	5.00000000000000e-02
37	79	52	67	7.56583000000000e-02	5.00000000000000e-02
38	80	53	68	7.40987000000000e-02	5.00000000000000e-02
39	81	54	69	7.45271000000000e-02	5.00000000000000e-02
40	82	55	70	7.36357000000000e-02	5.00000000000000e-02
41	83	56	71	7.31195000000000e-02	5.00000000000000e-02
42	84	57	72	7.21369000000000e-02	5.00000000000000e-02
43	85	58	73	7.18468000000000e-02	5.00000000000000e-02
44	86	59	74	7.16910000000000e-02	5.00000000000000e-02
49	91	64	76	7.18730000000000e-02	5.00000000000000e-02
50	92	65	77	7.27125000000000e-02	5.00000000000000e-02
51	93	66	78	7.12303000000000e-02	5.00000000000000e-02
52	94	67	79	7.00185000000000e-02	5.00000000000000e-02
53	95	68	80	7.03559000000000e-02	5.00000000000000e-02
54	96	69	81	7.00991000000000e-02	5.00000000000000e-02
55	97	70	82	6.86060000000000e-02	5.00000000000000e-02
1	49	17	33	7.82625000000000e-02	5.00000000000000e-02
2	50	18	34	7.63349000000000e-02	5.00000000000000e-02
3	51	19	35	7.74980000000000e-02	5.00000000000000e-02
4	52	20	36	7.67934000000000e-02	5.00000000000000e-02
5	53	21	37	7.58221000000000e-02	5.00000000000000e-02
6	54	22	38	7.45378000000000e-02	5.00000000000000e-02
7	55	23	39	7.35356000000000e-02	5.00000000000000e-02
8	56	24	40	7.19195000000000e-02	5.00000000000000e-02
9	57	25	41	6.99868000000000e-02	5.00000000000000e-02
10	58	26	42	6.93047000000000e-02	5.00000000000000e-02
12	60	28	44	6.89173000000000e-02	5.00000000000000e-02
13	61	29	45	6.94177000000000e-02	5.00000000000000e-02
14	62	30	46	6.93908000000000e-02	5.00000000000000e-02
15	63	31	47	6.96788000000000e-02	5.00000000000000e-02
16	64	32	48	7.04868000000000e-02	5.00000000000000e-02
17	65	33	49	7.05548000000000e-02	5.00000000000000e-02
18	66	34	50	7.11660000000000e-02	5.00000000000000e-02
19	67	35	51	7.13731000000000e-02	5.00000000000000e-02
20	68	36	52	7.11388000000000e-02	5.00000000000000e-02
21	69	37	53	7.09881000000000e-02	5.00000000000000e-02
22	70	38	54	7.20287000000000e-02	5.00000000000000e-02
23	71	39	55	7.24247000000000e-02	5.00000000000000e-02
24	72	40	56	7.34436000000000e-02	5.00000000000000e-02
25	73	41	57	7.44086000000000e-02	5.00000000000000e-02
26	74	42	58	7.41579000000000e-02	5.00000000000000e-02
31	76	47	63	7.33152000000000e-02	5.00000000000000e-02
32	77	48	64	7.31053000000000e-02	5.00000000000000e-02
33	78	49	65	7.30858000000000e-02	5.00000000000000e-02
34	79	50	66	7.33230000000000e-02	5.00000000000000e-02
35	80	51	67	7.28160000000000e-02	5.00000000000000e-02
36	81	52	68	7.18525000000000e-02	5.00000000000000e-02
37	82	53	69	7.25619000000000e-02	5.00000000000000e-02
38	83	54	70	7.16585000000000e-02	5.00000000000000e-02
39	84	55	71	7.11459000000000e-02	5.00000000000000e-02
40	85	56	72	7.00426000000000e-02	5.00000000000000e-02
41	86	57	73	6.92530000000000e-02	5.00000000000000e-02
42	87	58	74	6.94191000000000e-02	5.00000000000000e-02
47	92	63	76	6.88556000000000e-02	5.00000000000000e-02
48	93	64	77	6.91635000000000e-02	5.00000000000000e-02
49	94	65	78	6.76236000000000e-02	5.00000000000000e-02
50	95	66	79	6.77855000000000e-02	5.00000000000000e-02
51	96	67	80	6.72309000000000e-02	5.00000000000000e-02
52	97	68	81	6.75861000000000e-02	5.00000000000000e-02
1	52	18	35	7.40520000000000e-02	5.00000000000000e-02
2	53	19	36	7.27110000000000e-02	5.00000000000000e-02
3	54	20	37	7.40084000000000e-02	5.00000000000000e-02
4	55	21	38	7.28638000000000e-02	5.00000000000000e-02
5	56	22	39	7.22411000000000e-02	5.00000000000000e-02
6	57	23	40	7.16756000000000e-02	5.00000000000000e-02
7	58	24	41	6.91311000000000e-02	5.00000000000000e-02
8	59	25	42	6.76571000000000e-02	5.00000000000000e-02
9	60	26	43	6.65893000000000e-02	5.00000000000000e-02
11	62	28	45	6.74935000000000e-02	5.00000000000000e-02
12	63	29	46	6.71552000000000e-02	5.00000000000000e-02
13	64	30	47	6.79896000000000e-02	5.00000000000000e-02
14	65	31	48	6.80934000000000e-02	5.00000000000000e-02
15	66	32	49	6.80872000000000e-02	5.00000000000000e-02
16	67	33	50	6.87262000000000e-02	5.00000000000000e-02
17	68	34	51	6.87627000000000e-02	5.00000000000000e-02
18	69	35	52	6.83682000000000e-02	5.00000000000000e-02
19	70	36	53	6.91581000000000e-02	5.00000000000000e-02
20	71	37	54	6.89460000000000e-02	5.00000000000000e-02
21	72	38	55	7.03629000000000e-02	5.00000000000000e-02
22	73	39	56	7.04308000000000e-02	5.00000000000000e-02
23	74	40	57	6.99764000000000e-02	5.00000000000000e-02
28	76	45	62	7.16294000000000e-02	5.00000000000000e-02
29	77	46	63	7.08594000000000e-02	5.00000000000000e-02
30	78	47	64	7.11827000000000e-02	5.00000000000000e-02
31	79	48	65	7.12436000000000e-02	5.00000000000000e-02
32	80	49	66	7.05462000000000e-02	5.00000000000000e-02
33	81	50	67	6.99998000000000e-02	5.00000000000000e-02
34	82	51	68	7.02924000000000e-02	5.00000000000000e-02
35	83	52	69	6.95728000000000e-02	5.00000000000000e-02
36	84	53	70	7.00101000000000e-02	5.00000000000000e-02
37	85	54	71	6.92516000000000e-02	5.00000000000000e-02
38	86	55	72	6.81483000000000e-02	5.00000000000000e-02
39	87	56	73	6.77193000000000e-02	5.00000000000000e-02
40	88	57	74	6.68567000000000e-02	5.00000000000000e-02
45	93	62	76	6.65620000000000e-02	5.00000000000000e-02
46	94	63	77	6.64789000000000e-02	5.00000000000000e-02
47	95	64	78	6.49166000000000e-02	5.00000000000000e-02
48	96	65	79	6.48894000000000e-02	5.00000000000000e-02
49	97	66	80	6.51672000000000e-02	5.00000000000000e-02
1	55	19	37	7.11566000000000e-02	5.00000000000000e-02
2	56	20	38	6.93015000000000e-02	5.00000000000000e-02
3	57	21	39	7.02072000000000e-02	5.00000000000000e-02
4	58	22	40	6.98445000000000e-02	5.00000000000000e-02
5	59	23	41	6.86527000000000e-02	5.00000000000000e-02
6	60	24	42	6.69806000000000e-02	5.00000000000000e-02
7	61	25	43	6.51748000000000e-02	5.00000000000000e-02
8	62	26	44	6.46702000000000e-02	5.00000000000000e-02
10	64	28	46	6.51293000000000e-02	5.00000000000000e-02
11	65	29	47	6.56889000000000e-02	5.00000000000000e-02
12	66	30	48	6.63344000000000e-02	5.00000000000000e-02
13	67	31	49	6.61997000000000e-02	5.00000000000000e-02
14	68	32	50	6.70823000000000e-02	5.00000000000000e-02
15	69	33	51	6.62242000000000e-02	5.00000000000000e-02
16	70	34	52	6.69187000000000e-02	5.00000000000000e-02
17	71	35	53	6.65746000000000e-02	5.00000000000000e-02
18	72	36	54	6.72590000000000e-02	5.00000000000000e-02
19	73	37	55	6.72050000000000e-02	5.00000000000000e-02
20	74	38	56	6.72710000000000e-02	5.00000000000000e-02
25	76	43	61	6.92209000000000e-02	5.00000000000000e-02
26	77	44	62	6.93574000000000e-02	5.00000000000000e-02
27	78	45	63	6.94727000000000e-02	5.00000000000000e-02
28	79	46	64	7.00392000000000e-02	5.00000000000000e-02
29	80	47	65	6.86223000000000e-02	5.00000000000000e-02
30	81	48	66	6.82482000000000e-02	5.00000000000000e-02
31	82	49	67	6.85956000000000e-02	5.00000000000000e-02
32	83	50	68	6.73727000000000e-02	5.00000000000000e-02
33	84	51	69	6.79073000000000e-02	5.00000000000000e-02
34	85	52	70	6.74061000000000e-02	5.00000000000000e-02
35	86	53	71	6.67230000000000e-02	5.00000000000000e-02
36	87	54	72	6.61825000000000e-02	5.00000000000000e-02
37	88	55	73	6.55015000000000e-02	5.00000000000000e-02
38	89	56	74	6.54642000000000e-02	5.00000000000000e-02
43	94	61	76	6.37307000000000e-02	5.00000000000000e-02
44	95	62	77	6.40116000000000e-02	5.00000000000000e-02
45	96	63	78	6.28243000000000e-02	5.00000000000000e-02
46	97	64	79	6.19072000000000e-02	5.00000000000000e-02
1	58	20	39	6.77101000000000e-02	5.00000000000000e-02
2	59	21	40	6.66892000000000e-02	5.00000000000000e-02
3	60	22	41	6.68881000000000e-02	5.00000000000000e-02
4	61	23	42	6.61964000000000e-02	5.00000000000000e-02
5	62	24	43	6.47691000000000e-02	5.00000000000000e-02
6	63	25	44	6.33812000000000e-02	5.00000000000000e-02
7	64	26	45	6.30750000000000e-02	5.00000000000000e-02
9	66	28	47	6.39656000000000e-02	5.00000000000000e-02
10	67	29	48	6.41227000000000e-02	5.00000000000000e-02
11	68	30	49	6.48448000000000e-02	5.00000000000000e-02
12	69	31	50	6.41298000000000e-02	5.00000000000000e-02
13	70	32	51	6.48539000000000e-02	5.00000000000000e-02
14	71	33	52	6.47807000000000e-02	5.00000000000000e-02
15	72	34	53	6.50611000000000e-02	5.00000000000000e-02
16	73	35	54	6.47082000000000e-02	5.00000000000000e-02
17	74	36	55	6.49525000000000e-02	5.00000000000000e-02
22	76	41	60	6.60017000000000e-02	5.00000000000000e-02
23	77	42	61	6.63707000000000e-02	5.00000000000000e-02
24	78	43	62	6.77994000000000e-02	5.00000000000000e-02
25	79	44	63	6.87359000000000e-02	5.00000000000000e-02
26	80	45	64	6.76257000000000e-02	5.00000000000000e-02
27	81	46	65	6.76037000000000e-02	5.00000000000000e-02
28	82	47	66	6.64556000000000e-02	5.00000000000000e-02
29	83	48	67	6.65232000000000e-02	5.00000000000000e-02
30	84	49	68	6.53364000000000e-02	5.00000000000000e-02
31	85	50	69	6.54653000000000e-02	5.00000000000000e-02
32	86	51	70	6.51436000000000e-02	5.00000000000000e-02
33	87	52	71	6.46993000000000e-02	5.00000000000000e-02
34	88	53	72	6.39887000000000e-02	5.00000000000000e-02
35	89	54	73	6.35753000000000e-02	5.00000000000000e-02
36	90	55	74	6.34963000000000e-02	5.00000000000000e-02
41	95	60	76	6.22298000000000e-02	5.00000000000000e-02
42	96	61	77	6.18403000000000e-02	5.00000000000000e-02
43	97	62	78	6.06989000000000e-02	5.00000000000000e-02
1	61	21	41	6.41333000000000e-02	5.00000000000000e-02
2	62	22	42	6.28944000000000e-02	5.00000000000000e-02
3	63	23	43	6.39671000000000e-02	5.00000000000000e-02
4	64	24	44	6.32648000000000e-02	5.00000000000000e-02
5	65	25	45	6.19110000000000e-02	5.00000000000000e-02
6	66	26	46	6.19359000000000e-02	5.00000000000000e-02
8	68	28	48	6.21799000000000e-02	5.00000000000000e-02
9	69	29	49	6.23789000000000e-02	5.00000000000000e-02
10	70	30	50	6.32284000000000e-02	5.00000000000000e-02
11	71	31	51	6.28100000000000e-02	5.00000000000000e-02
12	72	32	52	6.34578000000000e-02	5.00000000000000e-02
13	73	33	53	6.31712000000000e-02	5.00000000000000e-02
14	74	34	54	6.25298000000000e-02	5.00000000000000e-02
19	76	39	59	6.33070000000000e-02	5.00000000000000e-02
20	77	40	60	6.32655000000000e-02	5.00000000000000e-02
21	78	41	61	6.35560000000000e-02	5.00000000000000e-02
22	79	42	62	6.51630000000000e-02	5.00000000000000e-02
23	80	43	63	6.53941000000000e-02	5.00000000000000e-02
24	81	44	64	6.59594000000000e-02	5.00000000000000e-02
25	82	45	65	6.68007000000000e-02	5.00000000000000e-02
26	83	46	66	6.51871000000000e-02	5.00000000000000e-02
27	84	47	67	6.41552000000000e-02	5.00000000000000e-02
28	85	48	68	6.40633000000000e-02	5.00000000000000e-02
29	86	49	69	6.35919000000000e-02	5.00000000000000e-02
30	87	50	70	6.30609000000000e-02	5.00000000000000e-02
31	88	51	71	6.21312000000000e-02	5.00000000000000e-02
32	89	52	72	6.22606000000000e-02	5.00000000000000e-02
33	90	53	73	6.12208000000000e-02	5.00000000000000e-02
34	91	54	74	6.19128000000000e-02	5.00000000000000e-02
39	96	59	76	6.19016000000000e-02	5.00000000000000e-02
40	97	60	77	5.98882000000000e-02	5.00000000000000e-02
1	64	22	43	6.17460000000000e-02	5.00000000000000e-02
2	65	23	44	6.02101000000000e-02	5.00000000000000e-02
3	66	24	45	6.09741000000000e-02	5.00000000000000e-02
4	67	25	46	6.06498000000000e-02	5.00000000000000e-02
5	68	26	47	6.03570000000000e-02	5.00000000000000e-02
7	70	28	49	6.08344000000000e-02	5.00000000000000e-02
8	71	29	50	6.15485000000000e-02	5.00000000000000e-02
9	72	30	51	6.23538000000000e-02	5.00000000000000e-02
10	73	31	52	6.02494000000000e-02	5.00000000000000e-02
11	74	32	53	6.14150000000000e-02	5.00000000000000e-02
16	76	37	58	5.99544000000000e-02	5.00000000000000e-02
17	77	38	59	6.17226000000000e-02	5.00000000000000e-02
18	78	39	60	6.25132000000000e-02	5.00000000000000e-02
19	79	40	61	6.34232000000000e-02	5.00000000000000e-02
20	80	41	62	6.20100000000000e-02	5.00000000000000e-02
21	81	42	63	6.33671000000000e-02	5.00000000000000e-02
22	82	43	64	6.44880000000000e-02	5.00000000000000e-02
23	83	44	65	6.34504000000000e-02	5.00000000000000e-02
24	84	45	66	6.20902000000000e-02	5.00000000000000e-02
25	85	46	67	6.27308000000000e-02	5.00000000000000e-02
26	86	47	68	6.26508000000000e-02	5.00000000000000e-02
27	87	48	69	6.11479000000000e-02	5.00000000000000e-02
28	88	49	70	6.09894000000000e-02	5.00000000000000e-02
29	89	50	71	6.18235000000000e-02	5.00000000000000e-02
30	90	51	72	6.09052000000000e-02	5.00000000000000e-02
31	91	52	73	5.90974000000000e-02	5.00000000000000e-02
32	92	53	74	6.09755000000000e-02	5.00000000000000e-02
37	97	58	76	5.82590000000000e-02	5.00000000000000e-02
1	67	23	45	5.98329000000000e-02	5.00000000000000e-02
2	68	24	46	5.82282000000000e-02	5.00000000000000e-02
3	69	25	47	5.86916000000000e-02	5.00000000000000e-02
4	70	26	48	-4.81419000000000e-02	5.00000000000000e-02
6	72	28	50	6.02704000000000e-02	5.00000000000000e-02
7	73	29	51	5.90574000000000e-02	5.00000000000000e-02
8	74	30	52	5.98274000000000e-02	5.00000000000000e-02
13	76	35	57	5.93890000000000e-02	5.00000000000000e-02
14	77	36	58	5.86490000000000e-02	5.00000000000000e-02
15	78	37	59	5.96308000000000e-02	5.00000000000000e-02
16	79	38	60	6.11323000000000e-02	5.00000000000000e-02
17	80	39	61	6.12684000000000e-02	5.00000000000000e-02
18	81	40	62	6.06035000000000e-02	5.00000000000000e-02
19	82	41	63	6.11261000000000e-02	5.00000000000000e-02
20	83	42	64	6.19292000000000e-02	5.00000000000000e-02
21	84	43	65	6.14415000000000e-02	5.00000000000000e-02
22	85	44	66	6.12079000000000e-02	5.00000000000000e-02
23	86	45	67	6.12418000000000e-02	5.00000000000000e-02
24	87	46	68	6.05263000000000e-02	5.00000000000000e-02
25	88	47	69	5.97762000000000e-02	5.00000000000000e-02
27	90	49	71	1.12084000000000e-02	1.00000000000000e-02
28	91	50	72	1.18922000000000e-02	1.00000000000000e-02
29	92	51	73	1.15808000000000e-02	1.00000000000000e-02
30	93	52	74	1.10181000000000e-02	1.00000000000000e-02
1	70	24	47	1.16632000000000e-02	1.00000000000000e-02
3	72	26	49	1.13249000000000e-02	1.00000000000000e-02
5	74	28	51	1.15276000000000e-02	1.00000000000000e-02
10	76	33	56	1.18903000000000e-02	1.00000000000000e-02
11	77	34	57	1.17514000000000e-02	1.00000000000000e-02
12	78	35	58	1.15736000000000e-02	1.00000000000000e-02
13	79	36	59	1.21316000000000e-02	1.00000000000000e-02
14	80	37	60	1.16062000000000e-02	1.00000000000000e-02
15	81	38	61	1.19744000000000e-02	1.00000000000000e-02
16	82	39	62	1.19696000000000e-02	1.00000000000000e-02
17	83	40	63	1.14249000000000e-02	1.00000000000000e-02
18	84	41	64	1.22020000000000e-02	1.00000000000000e-02
19	85	42	65	1.23086000000000e-02	1.00000000000000e-02
20	86	43	66	1.17863000000000e-02	1.00000000000000e-02
21	87	44	67	1.20960000000000e-02	1.00000000000000e-02
22	88	45	68	1.13265000000000e-02	1.00000000000000e-02
23	89	46	69	1.13794000000000e-02	1.00000000000000e-02
24	90	47	70	1.21012000000000e-02	1.00000000000000e-02
26	92	49	72	1.12825000000000e-02	1.00000000000000e-02
27	93	50	73	1.09061000000000e-02	1.00000000000000e-02
28	94	51	74	1.14233000000000e-02	1.00000000000000e-02
1	73	25	49	1.12433000000000e-02	1.00000000000000e-02
2	74	26	50	1.11791000000000e-02	1.00000000000000e-02
7	76	31	55	1.17091000000000e-02	1.00000000000000e-02
8	77	32	56	1.11177000000000e-02	1.00000000000000e-02
9	78	33	57	1.13937000000000e-02	1.00000000000000e-02
10	79	34	58	1.15935000000000e-02	1.00000000000000e-02
11	80	35	59	1.16519000000000e-02	1.00000000000000e-02
12	81	36	60	1.12054000000000e-02	1.00000000000000e-02
13	82	37	61	1.18624000000000e-02	1.00000000000000e-02
14	83	38	62	1.17676000000000e-02	1.00000000000000e-02
15	84	39	63	1.15731000000000e-02	1.00000000000000e-02
16	85	40	64	1.18453000000000e-02	1.00000000000000e-02
17	86	41	65	1.14325000000000e-02	1.00000000000000e-02
18	87	42	66	1.16326000000000e-02	1.00000000000000e-02
19	88	43	67	1.13452000000000e-02	1.00000000000000e-02
20	89	44	68	1.15129000000000e-02	1.00000000000000e-02
21	90	45	69	1.13664000000000e-02	1.00000000000000e-02
22	91	46	70	1.14784000000000e-02	1.00000000000000e-02
23	92	47	71	1.10344000000000e-02	1.00000000000000e-02
25	94	49	73	1.08947000000000e-02	1.00000000000000e-02
26	95	50	74	1.08234000000000e-02	1.00000000000000e-02
4	76	29	54	1.09677000000000e-02	1.00000000000000e-02
5	77	30	55	1.08673000000000e-02	1.00000000000000e-02
6	78	31	56	1.10890000000000e-02	1.00000000000000e-02
7	79	32	57	1.09255000000000e-02	1.00000000000000e-02
8	80	33	58	1.13252000000000e-02	1.00000000000000e-02
9	81	34	59	1.09686000000000e-02	1.00000000000000e-02
10	82	35	60	1.14725000000000e-02	1.00000000000000e-02
11	83	36	61	1.15282000000000e-02	1.00000000000000e-02
12	84	37	62	1.08544000000000e-02	1.00000000000000e-02
13	85	38	63	1.10460000000000e-02	1.00000000000000e-02
14	86	39	64	1.15887000000000e-02	1.00000000000000e-02
15	87	40	65	1.09715000000000e-02	1.00000000000000e-02
16	88	41	66	1.12842000000000e-02	1.00000000000000e-02
17	89	42	67	1.09705000000000e-02	1.00000000000000e-02
18	90	43	68	1.11140000000000e-02	1.00000000000000e-02
19	91	44	69	1.09819000000000e-02	1.00000000000000e-02
20	92	45	70	1.10709000000000e-02	1.00000000000000e-02
21	93	46	71	1.10937000000000e-02	1.00000000000000e-02
22	94	47	72	1.03829000000000e-02	1.00000000000000e-02
24	96	49	74	1.08858000000000e-02	1.00000000000000e-02
2	77	28	54	1.05810000000000e-02	1.00000000000000e-02
3	78	29	55	1.09454000000000e-02	1.00000000000000e-02
4	79	30	56	1.09983000000000e-02	1.00000000000000e-02
5	80	31	57	1.08336000000000e-02	1.00000000000000e-02
6	81	32	58	1.10795000000000e-02	1.00000000000000e-02
7	82	33	59	1.07948000000000e-02	1.00000000000000e-02
8	83	34	60	1.07937000000000e-02	1.00000000000000e-02
9	84	35	61	1.12208000000000e-02	1.00000000000000e-02
10	85	36	62	1.08989000000000e-02	1.00000000000000e-02
11	86	37	63	1.09779000000000e-02	1.00000000000000e-02
12	87	38	64	1.09336000000000e-02	1.00000000000000e-02
13	88	39	65	1.06588000000000e-02	1.00000000000000e-02
14	89	40	66	1.11108000000000e-02	1.00000000000000e-02
15	90	41	67	1.04999000000000e-02	1.00000000000000e-02
16	91	42	68	1.09999000000000e-02	1.00000000000000e-02
17	92	43	69	1.08089000000000e-02	1.00000000000000e-02
18	93	44	70	1.03297000000000e-02	1.00000000000000e-02
19	94	45	71	1.07753000000000e-02	1.00000000000000e-02
20	95	46	72	1.06512000000000e-02	1.00000000000000e-02
21	96	47	73	1.05080000000000e-02	1.00000000000000e-02
1	79	28	55	9.72390000000000e-03	1.00000000000000e-02
2	80	29	56	1.00071000000000e-02	1.00000000000000e-02
3	81	30	57	1.07051000000000e-02	1.00000000000000e-02
4	82	31	58	1.02807000000000e-02	1.00000000000000e-02
5	83	32	59	1.07223000000000e-02	1.00000000000000e-02
6	84	33	60	1.03875000000000e-02	1.00000000000000e-02
7	85	34	61	1.05051000000000e-02	1.00000000000000e-02
8	86	35	62	1.07343000000000e-02	1.00000000000000e-02
9	87	36	63	1.06856000000000e-02	1.00000000000000e-02
10	88	37	64	1.06774000000000e-02	1.00000000000000e-02
11	89	38	65	1.03768000000000e-02	1.00000000000000e-02
12	90	39	66	1.08681000000000e-02	1.00000000000000e-02
13	91	40	67	1.05396000000000e-02	1.00000000000000e-02
14	92	41	68	1.06257000000000e-02	1.00000000000000e-02
15	93	42	69	1.04760000000000e-02	1.00000000000000e-02
16	94	43	70	1.04486000000000e-02	1.00000000000000e-02
17	95	44	71	1.04295000000000e-02	1.00000000000000e-02
18	96	45	72	1.03983000000000e-02	1.00000000000000e-02
19	97	46	73	1.02020000000000e-02	1.00000000000000e-02
1	82	29	57	1.01291000000000e-02	1.00000000000000e-02
2	83	30	58	1.04195000000000e-02	1.00000000000000e-02
3	84	31	59	1.06597000000000e-02	1.00000000000000e-02
4	85	32	60	1.05058000000000e-02	1.00000000000000e-02
5	86	33	61	1.05484000000000e-02	1.00000000000000e-02
6	87	34	62	1.07091000000000e-02	1.00000000000000e-02
7	88	35	63	1.02429000000000e-02	1.00000000000000e-02
8	89	36	64	1.02858000000000e-02	1.00000000000000e-02
9	90	37	65	1.02134000000000e-02	1.00000000000000e-02
10	91	38	66	1.03298000000000e-02	1.00000000000000e-02
11	92	39	67	1.04243000000000e-02	1.00000000000000e-02
12	93	40	68	1.01635000000000e-02	1.00000000000000e-02
13	94	41	69	1.06139000000000e-02	1.00000000000000e-02
14	95	42	70	1.01402000000000e-02	1.00000000000000e-02
15	96	43	71	1.04903000000000e-02	1.00000000000000e-02
16	97	44	72	9.47850000000000e-03	1.00000000000000e-02
1	85	30	59	1.06580000000000e-02	1.00000000000000e-02
2	86	31	60	9.85780000000000e-03	1.00000000000000e-02
3	87	32	61	1.07834000000000e-02	1.00000000000000e-02
4	88	33	62	9.78810000000000e-03	1.00000000000000e-02
5	89	34	63	1.08172000000000e-02	1.00000000000000e-02
6	90	35	64	1.07877000000000e-02	1.00000000000000e-02
7	91	36	65	9.64130000000000e-03	1.00000000000000e-02
8	92	37	66	1.06339000000000e-02	1.00000000000000e-02
9	93	38	67	1.07410000000000e-02	1.00000000000000e-02
10	94	39	68	1.11108000000000e-02	1.00000000000000e-02
11	95	40	69	1.03968000000000e-02	1.00000000000000e-02
12	96	41	70	1.09426000000000e-02	1.00000000000000e-02
13	97	42	71	1.04045000000000e-02	1.00000000000000e-02
1	88	31	61	1.03135000000000e-02	1.00000000000000e-02
2	89	32	62	9.99100000000000e-03	1.00000000000000e-02
3	90	33	63	9.75440000000000e-03	1.00000000000000e-02
4	91	34	64	1.06588000000000e-02	1.00000000000000e-02
5	92	35	65	1.02685000000000e-02	1.00000000000000e-02
6	93	36	66	9.75920000000000e-03	1.00000000000000e-02
7	94	37	67	9.90640000000000e-03	1.00000000000000e-02
8	95	38	68	1.03283000000000e-02	1.00000000000000e-02
9	96	39	69	9.79100000000000e-03	1.00000000000000e-02
10	97	40	70	9.86990000000000e-03	1.00000000000000e-02
1	91	32	63	1.01188000000000e-02	1.00000000000000e-02
2	92	33	64	9.88500000000000e-03	1.00000000000000e-02
3	93	34	65	9.78860000000000e-03	1.00000000000000e-02
4	94	35	66	1.03087000000000e-02	1.00000000000000e-02
5	95	36	67	9.39900000000000e-03	1.00000000000000e-02
6	96	37	68	9.16560000000000e-03	1.00000000000000e-02
7	97	38	69	9.60820000000000e-03	1.00000000000000e-02
1	94	33	65	8.73110000000000e-03	1.00000000000000e-02
2	95	34	66	9.47570000000000e-03	1.00000000000000e-02
3	96	35	67	9.53660000000000e-03	1.00000000000000e-02
4	97	36	68	9.14590000000000e-03	1.00000000000000e-02
1	97	34	67	9.33510000000000e-03	1.00000000000000e-02
0
