100
# x y z
0	0	0
0.5	0	0
1	0	0
1.5	0	0
2	0	0
2.5	0	0
3	0	0
3.5	0	0
4	0	0
4.5	0	0
5	0	0
5.5	0	0
6	0	0
6.5	0	0
7	0	0
7.5	0	0
8	0	0
8.5	0	0
9	0	0
9.5	0	0
10	0	0
10.5	0	0
11	0	0
11.5	0	0
12	0	0
12.5	0	0
13	0	0
13.5	0	0
14	0	0
14.5	0	0
15	0	0
15.5	0	0
16	0	0
16.5	0	0
17	0	0
17.5	0	0
18	0	0
18.5	0	0
19	0	0
19.5	0	0
20	0	0
20.5	0	0
21	0	0
21.5	0	0
22	0	0
22.5	0	0
23	0	0
23.5	0	0
24	0	0
24.5	0	0
25	0	0
25.5	0	0
26	0	0
26.5	0	0
27	0	0
27.5	0	0
28	0	0
28.5	0	0
29	0	0
29.5	0	0
30	0	0
30.5	0	0
31	0	0
31.5	0	0
32	0	0
32.5	0	0
33	0	0
33.5	0	0
34	0	0
34.5	0	0
35	0	0
35.5	0	0
36	0	0
36.5	0	0
37	0	0
37.5	0	0
38	0	0
38.5	0	0
39	0	0
39.5	0	0
40	0	0
40.5	0	0
41	0	0
41.5	0	0
42	0	0
42.5	0	0
43	0	0
43.5	0	0
44	0	0
44.5	0	0
45	0	0
45.5	0	0
46	0	0
46.5	0	0
47	0	0
47.5	0	0
48	0	0
48.5	0	0
49	0	0
49.5	0	0
1594
# a b m n u i
1	4	2	3	1.09916100000000e-01	1.00000000000000e-02
2	5	3	4	9.90673000000000e-02	1.00000000000000e-02
3	6	4	5	1.16181800000000e-01	1.00000000000000e-02
4	7	5	6	1.08296600000000e-01	1.00000000000000e-02
5	8	6	7	1.01580800000000e-01	1.00000000000000e-02
6	9	7	8	1.12556000000000e-01	1.00000000000000e-02
7	10	8	9	9.47376000000000e-02	1.00000000000000e-02
8	11	9	10	1.12437700000000e-01	1.00000000000000e-02
9	12	10	11	9.94943000000000e-02	1.00000000000000e-02
10	13	11	12	1.04785500000000e-01	1.00000000000000e-02
11	14	12	13	1.01080400000000e-01	1.00000000000000e-02
12	15	13	14	1.03174900000000e-01	1.00000000000000e-02
13	16	14	15	1.09529200000000e-01	1.00000000000000e-02
14	17	15	16	9.33577000000000e-02	1.00000000000000e-02
15	18	16	17	1.41048400000000e-01	1.00000000000000e-02
16	19	17	18	9.09630000000000e-02	1.00000000000000e-02
17	20	18	19	1.26144700000000e-01	1.00000000000000e-02
19	22	20	21	1.31232800000000e-01	1.00000000000000e-02
20	23	21	22	1.14406000000000e-01	1.00000000000000e-02
21	24	22	23	9.88829000000000e-02	1.00000000000000e-02
22	25	23	24	1.36083800000000e-01	1.00000000000000e-02
23	26	24	25	1.18815800000000e-01	1.00000000000000e-02
24	27	25	26	1.30881100000000e-01	1.00000000000000e-02
25	28	26	27	1.15046100000000e-01	1.00000000000000e-02
26	29	27	28	1.31900700000000e-01	1.00000000000000e-02
27	30	28	29	1.15776600000000e-01	1.00000000000000e-02
28	31	29	30	1.24073300000000e-01	1.00000000000000e-02
29	32	30	31	1.17984400000000e-01	1.00000000000000e-02
30	33	31	32	1.31647400000000e-01	1.00000000000000e-02
31	34	32	33	1.17303600000000e-01	1.00000000000000e-02
32	35	33	34	1.27605700000000e-01	1.00000000000000e-02
33	36	34	35	1.31981700000000e-01	1.00000000000000e-02
34	37	35	36	1.35460400000000e-01	1.00000000000000e-02
35	38	36	37	1.39949000000000e-01	1.00000000000000e-02
36	39	37	38	1.52513100000000e-01	1.00000000000000e-02
37	40	38	39	1.33669100000000e-01	1.00000000000000e-02
38	41	39	40	1.46428900000000e-01	1.00000000000000e-02
39	42	40	41	1.30382300000000e-01	1.00000000000000e-02
40	43	41	42	1.38587400000000e-01	1.00000000000000e-02
41	44	42	43	1.28006300000000e-01	1.00000000000000e-02
42	45	43	44	1.40869500000000e-01	1.00000000000000e-02
44	47	45	46	1.48173400000000e-01	1.00000000000000e-02
45	48	46	47	1.19886700000000e-01	1.00000000000000e-02
46	49	47	48	1.48875300000000e-01	1.00000000000000e-02
47	50	48	49	1.27596000000000e-01	1.00000000000000e-02
48	51	49	50	1.24933100000000e-01	1.00000000000000e-02
49	52	50	51	1.40039200000000e-01	1.00000000000000e-02
50	53	51	52	1.18432500000000e-01	1.00000000000000e-02
51	54	52	53	1.25207200000000e-01	1.00000000000000e-02
52	55	53	54	1.24082400000000e-01	1.00000000000000e-02
53	56	54	55	1.15534600000000e-01	1.00000000000000e-02
54	57	55	56	1.22231500000000e-01	1.00000000000000e-02
55	58	56	57	1.13844300000000e-01	1.00000000000000e-02
56	59	57	58	1.27066400000000e-01	1.00000000000000e-02
57	60	58	59	1.21888700000000e-01	1.00000000000000e-02
58	61	59	60	1.30670900000000e-01	1.00000000000000e-02
59	62	60	61	1.23919500000000e-01	1.00000000000000e-02
60	63	61	62	1.35922100000000e-01	1.00000000000000e-02
61	64	62	63	1.21650000000000e-01	1.00000000000000e-02
62	65	63	64	1.27436300000000e-01	1.00000000000000e-02
63	66	64	65	1.32891000000000e-01	1.00000000000000e-02
64	67	65	66	1.24466100000000e-01	1.00000000000000e-02
65	68	66	67	1.34845400000000e-01	1.00000000000000e-02
66	69	67	68	1.18797500000000e-01	1.00000000000000e-02
67	70	68	69	1.32042600000000e-01	1.00000000000000e-02
68	71	69	70	1.19129700000000e-01	1.00000000000000e-02
69	72	70	71	1.22096600000000e-01	1.00000000000000e-02
70	73	71	72	1.23330900000000e-01	1.00000000000000e-02
71	74	72	73	1.23863600000000e-01	1.00000000000000e-02
72	75	73	74	1.19457800000000e-01	1.00000000000000e-02
73	76	74	75	1.22238600000000e-01	1.00000000000000e-02
74	77	75	76	1.30530400000000e-01	1.00000000000000e-02
75	78	76	77	1.25689500000000e-01	1.00000000000000e-02
76	79	77	78	1.34462800000000e-01	1.00000000000000e-02
77	80	78	79	1.26601500000000e-01	1.00000000000000e-02
78	81	79	80	1.32008300000000e-01	1.00000000000000e-02
79	82	80	81	1.23617200000000e-01	1.00000000000000e-02
80	83	81	82	1.33445700000000e-01	1.00000000000000e-02
81	84	82	83	1.28725500000000e-01	1.00000000000000e-02
82	85	83	84	1.40321300000000e-01	1.00000000000000e-02
83	86	84	85	1.36636400000000e-01	1.00000000000000e-02
84	87	85	86	1.34959000000000e-01	1.00000000000000e-02
85	88	86	87	1.41156200000000e-01	1.00000000000000e-02
86	89	87	88	1.37217800000000e-01	1.00000000000000e-02
87	90	88	89	1.33525000000000e-01	1.00000000000000e-02
88	91	89	90	1.31725700000000e-01	1.00000000000000e-02
89	92	90	91	1.18469300000000e-01	1.00000000000000e-02
90	93	91	92	1.08569600000000e-01	1.00000000000000e-02
91	94	92	93	1.20072400000000e-01	1.00000000000000e-02
92	95	93	94	1.02900700000000e-01	1.00000000000000e-02
93	96	94	95	1.23706300000000e-01	1.00000000000000e-02
94	97	95	96	1.07319600000000e-01	1.00000000000000e-02
95	98	96	97	1.19325900000000e-01	1.00000000000000e-02
96	99	97	98	1.07257500000000e-01	1.00000000000000e-02
97	100	98	99	8.67503000000000e-02	1.00000000000000e-02
1	7	3	5	6.20272000000000e-02	1.00000000000000e-02
2	8	4	6	6.75688000000000e-02	1.00000000000000e-02
3	9	5	7	6.44926000000000e-02	1.00000000000000e-02
4	10	6	8	6.20784000000000e-02	1.00000000000000e-02
5	11	7	9	6.05575000000000e-02	1.00000000000000e-02
6	12	8	10	6.13849000000000e-02	1.00000000000000e-02
7	13	9	11	6.38099000000000e-02	1.00000000000000e-02
8	14	10	12	6.21680000000000e-02	1.00000000000000e-02
9	15	11	13	6.12223000000000e-02	1.00000000000000e-02
10	16	12	14	6.37349000000000e-02	1.00000000000000e-02
11	17	13	15	6.06722000000000e-02	1.00000000000000e-02
12	18	14	16	6.00942000000000e-02	1.00000000000000e-02
13	19	15	17	6.67077000000000e-02	1.00000000000000e-02
14	20	16	18	6.45463000000000e-02	1.00000000000000e-02
15	21	17	19	5.72499000000000e-02	1.00000000000000e-02
16	22	18	20	6.33627000000000e-02	1.00000000000000e-02
17	23	19	21	7.48684000000000e-02	1.00000000000000e-02
18	24	20	22	6.12004000000000e-02	1.00000000000000e-02
19	25	21	23	6.23719000000000e-02	1.00000000000000e-02
20	26	22	24	6.93293000000000e-02	1.00000000000000e-02
21	27	23	25	7.20469000000000e-02	1.00000000000000e-02
22	28	24	26	6.48537000000000e-02	1.00000000000000e-02
23	29	25	27	6.56663000000000e-02	1.00000000000000e-02
24	30	26	28	7.05594000000000e-02	1.00000000000000e-02
25	31	27	29	7.19957000000000e-02	1.00000000000000e-02
26	32	28	30	6.70923000000000e-02	1.00000000000000e-02
27	33	29	31	6.58583000000000e-02	1.00000000000000e-02
28	34	30	32	7.10867000000000e-02	1.00000000000000e-02
29	35	31	33	7.36552000000000e-02	1.00000000000000e-02
30	36	32	34	7.36435000000000e-02	1.00000000000000e-02
31	37	33	35	7.43097000000000e-02	1.00000000000000e-02
32	38	34	36	7.47200000000000e-02	1.00000000000000e-02
33	39	35	37	7.59285000000000e-02	1.00000000000000e-02
34	40	36	38	8.11903000000000e-02	1.00000000000000e-02
35	41	37	39	8.05169000000000e-02	1.00000000000000e-02
36	42	38	40	7.95188000000000e-02	1.00000000000000e-02
37	43	39	41	7.93014000000000e-02	1.00000000000000e-02
38	44	40	42	7.92967000000000e-02	1.00000000000000e-02
39	45	41	43	8.12602000000000e-02	1.00000000000000e-02
40	46	42	44	8.04675000000000e-02	1.00000000000000e-02
42	48	44	46	7.83472000000000e-02	1.00000000000000e-02
43	49	45	47	7.80617000000000e-02	1.00000000000000e-02
44	50	46	48	8.18360000000000e-02	1.00000000000000e-02
45	51	47	49	7.90967000000000e-02	1.00000000000000e-02
46	52	48	50	7.38639000000000e-02	1.00000000000000e-02
47	53	49	51	7.58238000000000e-02	1.00000000000000e-02
48	54	50	52	7.76419000000000e-02	1.00000000000000e-02
49	55	51	53	7.19543000000000e-02	1.00000000000000e-02
50	56	52	54	7.28207000000000e-02	1.00000000000000e-02
51	57	53	55	7.28836000000000e-02	1.00000000000000e-02
52	58	54	56	7.06779000000000e-02	1.00000000000000e-02
53	59	55	57	6.63162000000000e-02	1.00000000000000e-02
54	60	56	58	7.54678000000000e-02	1.00000000000000e-02
55	61	57	59	7.41001000000000e-02	1.00000000000000e-02
56	62	58	60	7.08126000000000e-02	1.00000000000000e-02
57	63	59	61	7.24212000000000e-02	1.00000000000000e-02
58	64	60	62	7.69580000000000e-02	1.00000000000000e-02
59	65	61	63	7.40409000000000e-02	1.00000000000000e-02
60	66	62	64	7.11281000000000e-02	1.00000000000000e-02
61	67	63	65	7.34509000000000e-02	1.00000000000000e-02
62	68	64	66	7.62196000000000e-02	1.00000000000000e-02
63	69	65	67	7.16303000000000e-02	1.00000000000000e-02
64	70	66	68	6.93706000000000e-02	1.00000000000000e-02
65	71	67	69	7.17328000000000e-02	1.00000000000000e-02
66	72	68	70	7.13095000000000e-02	1.00000000000000e-02
67	73	69	71	6.73464000000000e-02	1.00000000000000e-02
68	74	70	72	6.89459000000000e-02	1.00000000000000e-02
69	75	71	73	7.04725000000000e-02	1.00000000000000e-02
70	76	72	74	6.84839000000000e-02	1.00000000000000e-02
71	77	73	75	6.89704000000000e-02	1.00000000000000e-02
72	78	74	76	7.25282000000000e-02	1.00000000000000e-02
73	79	75	77	7.02923000000000e-02	1.00000000000000e-02
74	80	76	78	6.86561000000000e-02	1.00000000000000e-02
75	81	77	79	7.06573000000000e-02	1.00000000000000e-02
76	82	78	80	7.23680000000000e-02	1.00000000000000e-02
77	83	79	81	7.03983000000000e-02	1.00000000000000e-02
78	84	80	82	6.89280000000000e-02	1.00000000000000e-02
79	85	81	83	6.89540000000000e-02	1.00000000000000e-02
80	86	82	84	7.29060000000000e-02	1.00000000000000e-02
81	87	83	85	7.58529000000000e-02	1.00000000000000e-02
82	88	84	86	7.51400000000000e-02	1.00000000000000e-02
83	89	85	87	7.42305000000000e-02	1.00000000000000e-02
84	90	86	88	7.37966000000000e-02	1.00000000000000e-02
85	91	87	89	7.29636000000000e-02	1.00000000000000e-02
86	92	88	90	7.62182000000000e-02	1.00000000000000e-02
87	93	89	91	7.31124000000000e-02	1.00000000000000e-02
88	94	90	92	6.66814000000000e-02	1.00000000000000e-02
89	95	91	93	6.35523000000000e-02	1.00000000000000e-02
90	96	92	94	6.43558000000000e-02	1.00000000000000e-02
91	97	93	95	6.48610000000000e-02	1.00000000000000e-02
92	98	94	96	6.38465000000000e-02	1.00000000000000e-02
93	99	95	97	5.98321000000000e-02	1.00000000000000e-02
94	100	96	98	5.86258000000000e-02	1.00000000000000e-02
1	10	4	7	5.28912000000000e-02	1.00000000000000e-02
2	11	5	8	5.20980000000000e-02	1.00000000000000e-02
3	12	6	9	4.96852000000000e-02	1.00000000000000e-02
4	13	7	10	4.98782000000000e-02	1.00000000000000e-02
5	14	8	11	5.03447000000000e-02	1.00000000000000e-02
6	15	9	12	5.20363000000000e-02	1.00000000000000e-02
7	16	10	13	5.18663000000000e-02	1.00000000000000e-02
8	17	11	14	5.09366000000000e-02	1.00000000000000e-02
9	18	12	15	5.12139000000000e-02	1.00000000000000e-02
10	19	13	16	5.01069000000000e-02	1.00000000000000e-02
11	20	14	17	5.31568000000000e-02	1.00000000000000e-02
12	21	15	18	4.95490000000000e-02	1.00000000000000e-02
13	22	16	19	5.17240000000000e-02	1.00000000000000e-02
14	23	17	20	5.02028000000000e-02	1.00000000000000e-02
15	24	18	21	5.45666000000000e-02	1.00000000000000e-02
16	25	19	22	5.30237000000000e-02	1.00000000000000e-02
17	26	20	23	5.48188000000000e-02	1.00000000000000e-02
18	27	21	24	5.27361000000000e-02	1.00000000000000e-02
19	28	22	25	5.30418000000000e-02	1.00000000000000e-02
20	29	23	26	5.42154000000000e-02	1.00000000000000e-02
21	30	24	27	5.31218000000000e-02	1.00000000000000e-02
22	31	25	28	5.53500000000000e-02	1.00000000000000e-02
23	32	26	29	5.54267000000000e-02	1.00000000000000e-02
24	33	27	30	5.60682000000000e-02	1.00000000000000e-02
25	34	28	31	5.37131000000000e-02	1.00000000000000e-02
26	35	29	32	5.59064000000000e-02	1.00000000000000e-02
27	36	30	33	5.70459000000000e-02	1.00000000000000e-02
28	37	31	34	5.98780000000000e-02	1.00000000000000e-02
29	38	32	35	5.81957000000000e-02	1.00000000000000e-02
30	39	33	36	5.93648000000000e-02	1.00000000000000e-02
31	40	34	37	5.90421000000000e-02	1.00000000000000e-02
32	41	35	38	6.21885000000000e-02	1.00000000000000e-02
33	42	36	39	6.23475000000000e-02	1.00000000000000e-02
34	43	37	40	6.33509000000000e-02	1.00000000000000e-02
35	44	38	41	6.11971000000000e-02	1.00000000000000e-02
36	45	39	42	6.34379000000000e-02	1.00000000000000e-02
37	46	40	43	6.23176000000000e-02	1.00000000000000e-02
38	47	41	44	6.47436000000000e-02	1.00000000000000e-02
40	49	43	46	6.38141000000000e-02	1.00000000000000e-02
41	50	44	47	6.18416000000000e-02	1.00000000000000e-02
42	51	45	48	6.46712000000000e-02	1.00000000000000e-02
43	52	46	49	6.22665000000000e-02	1.00000000000000e-02
44	53	47	50	6.22944000000000e-02	1.00000000000000e-02
45	54	48	51	6.02926000000000e-02	1.00000000000000e-02
46	55	49	52	6.04442000000000e-02	1.00000000000000e-02
47	56	50	53	5.88569000000000e-02	1.00000000000000e-02
48	57	51	54	5.92738000000000e-02	1.00000000000000e-02
49	58	52	55	5.73636000000000e-02	1.00000000000000e-02
50	59	53	56	5.77677000000000e-02	1.00000000000000e-02
51	60	54	57	5.78970000000000e-02	1.00000000000000e-02
52	61	55	58	5.98334000000000e-02	1.00000000000000e-02
53	62	56	59	5.80246000000000e-02	1.00000000000000e-02
54	63	57	60	5.90440000000000e-02	1.00000000000000e-02
55	64	58	61	5.73930000000000e-02	1.00000000000000e-02
56	65	59	62	5.87537000000000e-02	1.00000000000000e-02
57	66	60	63	5.84776000000000e-02	1.00000000000000e-02
58	67	61	64	5.82728000000000e-02	1.00000000000000e-02
59	68	62	65	5.83661000000000e-02	1.00000000000000e-02
60	69	63	66	5.80430000000000e-02	1.00000000000000e-02
61	70	64	67	5.84304000000000e-02	1.00000000000000e-02
62	71	65	68	5.70514000000000e-02	1.00000000000000e-02
63	72	66	69	5.67274000000000e-02	1.00000000000000e-02
64	73	67	70	5.49848000000000e-02	1.00000000000000e-02
65	74	68	71	5.62393000000000e-02	1.00000000000000e-02
66	75	69	72	5.56213000000000e-02	1.00000000000000e-02
67	76	70	73	5.58826000000000e-02	1.00000000000000e-02
68	77	71	74	5.57645000000000e-02	1.00000000000000e-02
69	78	72	75	5.56651000000000e-02	1.00000000000000e-02
70	79	73	76	5.52580000000000e-02	1.00000000000000e-02
71	80	74	77	5.49822000000000e-02	1.00000000000000e-02
72	81	75	78	5.60962000000000e-02	1.00000000000000e-02
73	82	76	79	5.53689000000000e-02	1.00000000000000e-02
74	83	77	80	5.62973000000000e-02	1.00000000000000e-02
75	84	78	81	5.59109000000000e-02	1.00000000000000e-02
76	85	79	82	5.56584000000000e-02	1.00000000000000e-02
77	86	80	83	5.48615000000000e-02	1.00000000000000e-02
78	87	81	84	5.71411000000000e-02	1.00000000000000e-02
79	88	82	85	5.84553000000000e-02	1.00000000000000e-02
80	89	83	86	5.93140000000000e-02	1.00000000000000e-02
81	90	84	87	5.74169000000000e-02	1.00000000000000e-02
82	91	85	88	5.63625000000000e-02	1.00000000000000e-02
83	92	86	89	5.70079000000000e-02	1.00000000000000e-02
84	93	87	90	5.79599000000000e-02	1.00000000000000e-02
85	94	88	91	5.82489000000000e-02	1.00000000000000e-02
86	95	89	92	5.48190000000000e-02	1.00000000000000e-02
87	96	90	93	5.28519000000000e-02	1.00000000000000e-02
88	97	91	94	5.07686000000000e-02	1.00000000000000e-02
89	98	92	95	5.29407000000000e-02	1.00000000000000e-02
90	99	93	96	5.07126000000000e-02	1.00000000000000e-02
91	100	94	97	4.99988000000000e-02	1.00000000000000e-02
1	13	5	9	4.25944000000000e-02	1.00000000000000e-02
2	14	6	10	4.36571000000000e-02	1.00000000000000e-02
3	15	7	11	4.40749000000000e-02	1.00000000000000e-02
4	16	8	12	4.39681000000000e-02	1.00000000000000e-02
5	17	9	13	4.47156000000000e-02	1.00000000000000e-02
6	18	10	14	4.49257000000000e-02	1.00000000000000e-02
7	19	11	15	4.47103000000000e-02	1.00000000000000e-02
8	20	12	16	4.39404000000000e-02	1.00000000000000e-02
9	21	13	17	4.46712000000000e-02	1.00000000000000e-02
10	22	14	18	4.37681000000000e-02	1.00000000000000e-02
11	23	15	19	4.43457000000000e-02	1.00000000000000e-02
12	24	16	20	3.10569000000000e-02	1.00000000000000e-02
13	25	17	21	4.46271000000000e-02	1.00000000000000e-02
14	26	18	22	4.60125000000000e-02	1.00000000000000e-02
15	27	19	23	4.63711000000000e-02	1.00000000000000e-02
16	28	20	24	4.63621000000000e-02	1.00000000000000e-02
17	29	21	25	4.56198000000000e-02	1.00000000000000e-02
18	30	22	26	4.60059000000000e-02	1.00000000000000e-02
19	31	23	27	4.59086000000000e-02	1.00000000000000e-02
20	32	24	28	4.57411000000000e-02	1.00000000000000e-02
21	33	25	29	4.73139000000000e-02	1.00000000000000e-02
22	34	26	30	4.67413000000000e-02	1.00000000000000e-02
23	35	27	31	4.71674000000000e-02	1.00000000000000e-02
24	36	28	32	4.85401000000000e-02	1.00000000000000e-02
25	37	29	33	4.81517000000000e-02	1.00000000000000e-02
26	38	30	34	4.88334000000000e-02	1.00000000000000e-02
27	39	31	35	5.00920000000000e-02	1.00000000000000e-02
28	40	32	36	4.99886000000000e-02	1.00000000000000e-02
29	41	33	37	5.09134000000000e-02	1.00000000000000e-02
30	42	34	38	5.22252000000000e-02	1.00000000000000e-02
31	43	35	39	5.17160000000000e-02	1.00000000000000e-02
32	44	36	40	5.30581000000000e-02	1.00000000000000e-02
33	45	37	41	5.31963000000000e-02	1.00000000000000e-02
34	46	38	42	5.17669000000000e-02	1.00000000000000e-02
35	47	39	43	5.27817000000000e-02	1.00000000000000e-02
36	48	40	44	5.24322000000000e-02	1.00000000000000e-02
38	50	42	46	5.40262000000000e-02	1.00000000000000e-02
39	51	43	47	5.25463000000000e-02	1.00000000000000e-02
40	52	44	48	5.35979000000000e-02	1.00000000000000e-02
41	53	45	49	5.32603000000000e-02	1.00000000000000e-02
42	54	46	50	5.17817000000000e-02	1.00000000000000e-02
43	55	47	51	5.30071000000000e-02	1.00000000000000e-02
44	56	48	52	5.07908000000000e-02	1.00000000000000e-02
45	57	49	53	5.03251000000000e-02	1.00000000000000e-02
46	58	50	54	5.08671000000000e-02	1.00000000000000e-02
47	59	51	55	4.85546000000000e-02	1.00000000000000e-02
48	60	52	56	4.98195000000000e-02	1.00000000000000e-02
49	61	53	57	4.03964000000000e-02	1.00000000000000e-02
50	62	54	58	4.93199000000000e-02	1.00000000000000e-02
51	63	55	59	5.05193000000000e-02	1.00000000000000e-02
52	64	56	60	5.01041000000000e-02	1.00000000000000e-02
53	65	57	61	4.97388000000000e-02	1.00000000000000e-02
54	66	58	62	4.99104000000000e-02	1.00000000000000e-02
55	67	59	63	4.92019000000000e-02	1.00000000000000e-02
56	68	60	64	4.92948000000000e-02	1.00000000000000e-02
57	69	61	65	4.90744000000000e-02	1.00000000000000e-02
58	70	62	66	4.91777000000000e-02	1.00000000000000e-02
59	71	63	67	4.92818000000000e-02	1.00000000000000e-02
60	72	64	68	4.87785000000000e-02	1.00000000000000e-02
61	73	65	69	4.88148000000000e-02	1.00000000000000e-02
62	74	66	70	4.81500000000000e-02	1.00000000000000e-02
63	75	67	71	4.76881000000000e-02	1.00000000000000e-02
64	76	68	72	4.83007000000000e-02	1.00000000000000e-02
65	77	69	73	4.76931000000000e-02	1.00000000000000e-02
66	78	70	74	4.78006000000000e-02	1.00000000000000e-02
67	79	71	75	4.77896000000000e-02	1.00000000000000e-02
68	80	72	76	4.76371000000000e-02	1.00000000000000e-02
69	81	73	77	4.77651000000000e-02	1.00000000000000e-02
70	82	74	78	4.79476000000000e-02	1.00000000000000e-02
71	83	75	79	4.85038000000000e-02	1.00000000000000e-02
72	84	76	80	4.80085000000000e-02	1.00000000000000e-02
73	85	77	81	4.75479000000000e-02	1.00000000000000e-02
74	86	78	82	4.75598000000000e-02	1.00000000000000e-02
75	87	79	83	4.68101000000000e-02	1.00000000000000e-02
76	88	80	84	4.81435000000000e-02	1.00000000000000e-02
77	89	81	85	4.87760000000000e-02	1.00000000000000e-02
78	90	82	86	4.84513000000000e-02	1.00000000000000e-02
79	91	83	87	4.83768000000000e-02	1.00000000000000e-02
80	92	84	88	4.81851000000000e-02	1.00000000000000e-02
81	93	85	89	4.78533000000000e-02	1.00000000000000e-02
82	94	86	90	4.86392000000000e-02	1.00000000000000e-02
83	95	87	91	4.76607000000000e-02	1.00000000000000e-02
84	96	88	92	4.70772000000000e-02	1.00000000000000e-02
85	97	89	93	4.66201000000000e-02	1.00000000000000e-02
86	98	90	94	4.45868000000000e-02	1.00000000000000e-02
87	99	91	95	4.39138000000000e-02	1.00000000000000e-02
88	100	92	96	4.31072000000000e-02	1.00000000000000e-02
1	16	6	11	3.86176000000000e-02	1.00000000000000e-02
2	17	7	12	3.85535000000000e-02	1.00000000000000e-02
3	18	8	13	3.94458000000000e-02	1.00000000000000e-02
4	19	9	14	3.98783000000000e-02	1.00000000000000e-02
5	20	10	15	3.99618000000000e-02	1.00000000000000e-02
6	21	11	16	3.86862000000000e-02	1.00000000000000e-02
7	22	12	17	4.03919000000000e-02	1.00000000000000e-02
8	23	13	18	3.92538000000000e-02	1.00000000000000e-02
9	24	14	19	3.83081000000000e-02	1.00000000000000e-02
10	25	15	20	3.57982000000000e-02	1.00000000000000e-02
11	26	16	21	4.10673000000000e-02	1.00000000000000e-02
12	27	17	22	3.92529000000000e-02	1.00000000000000e-02
13	28	18	23	4.06371000000000e-02	1.00000000000000e-02
14	29	19	24	4.15694000000000e-02	1.00000000000000e-02
15	30	20	25	3.97576000000000e-02	1.00000000000000e-02
16	31	21	26	3.97770000000000e-02	1.00000000000000e-02
17	32	22	27	4.11285000000000e-02	1.00000000000000e-02
18	33	23	28	4.07605000000000e-02	1.00000000000000e-02
19	34	24	29	3.99062000000000e-02	1.00000000000000e-02
20	35	25	30	4.07299000000000e-02	1.00000000000000e-02
21	36	26	31	4.16674000000000e-02	1.00000000000000e-02
22	37	27	32	4.23971000000000e-02	1.00000000000000e-02
23	38	28	33	4.17786000000000e-02	1.00000000000000e-02
24	39	29	34	4.28579000000000e-02	1.00000000000000e-02
25	40	30	35	4.31676000000000e-02	1.00000000000000e-02
26	41	31	36	4.39985000000000e-02	1.00000000000000e-02
27	42	32	37	4.35306000000000e-02	1.00000000000000e-02
28	43	33	38	4.53050000000000e-02	1.00000000000000e-02
29	44	34	39	4.50052000000000e-02	1.00000000000000e-02
30	45	35	40	4.58545000000000e-02	1.00000000000000e-02
31	46	36	41	4.53795000000000e-02	1.00000000000000e-02
32	47	37	42	4.59215000000000e-02	1.00000000000000e-02
33	48	38	43	4.45614000000000e-02	1.00000000000000e-02
34	49	39	44	4.53211000000000e-02	1.00000000000000e-02
36	51	41	46	4.54541000000000e-02	1.00000000000000e-02
37	52	42	47	4.49524000000000e-02	1.00000000000000e-02
38	53	43	48	4.64782000000000e-02	1.00000000000000e-02
39	54	44	49	4.54713000000000e-02	1.00000000000000e-02
40	55	45	50	4.58055000000000e-02	1.00000000000000e-02
41	56	46	51	4.51772000000000e-02	1.00000000000000e-02
42	57	47	52	4.53653000000000e-02	1.00000000000000e-02
43	58	48	53	4.29930000000000e-02	1.00000000000000e-02
44	59	49	54	4.37428000000000e-02	1.00000000000000e-02
45	60	50	55	4.31143000000000e-02	1.00000000000000e-02
46	61	51	56	4.28680000000000e-02	1.00000000000000e-02
47	62	52	57	4.23222000000000e-02	1.00000000000000e-02
48	63	53	58	4.38366000000000e-02	1.00000000000000e-02
49	64	54	59	4.35100000000000e-02	1.00000000000000e-02
50	65	55	60	4.37824000000000e-02	1.00000000000000e-02
51	66	56	61	4.40843000000000e-02	1.00000000000000e-02
52	67	57	62	4.40101000000000e-02	1.00000000000000e-02
53	68	58	63	4.31804000000000e-02	1.00000000000000e-02
54	69	59	64	4.29312000000000e-02	1.00000000000000e-02
55	70	60	65	4.31363000000000e-02	1.00000000000000e-02
56	71	61	66	4.30498000000000e-02	1.00000000000000e-02
57	72	62	67	4.25589000000000e-02	1.00000000000000e-02
58	73	63	68	4.23475000000000e-02	1.00000000000000e-02
59	74	64	69	4.29520000000000e-02	1.00000000000000e-02
60	75	65	70	4.20803000000000e-02	1.00000000000000e-02
61	76	66	71	4.19758000000000e-02	1.00000000000000e-02
62	77	67	72	4.22890000000000e-02	1.00000000000000e-02
63	78	68	73	4.22678000000000e-02	1.00000000000000e-02
64	79	69	74	4.10933000000000e-02	1.00000000000000e-02
65	80	70	75	4.15748000000000e-02	1.00000000000000e-02
66	81	71	76	4.28219000000000e-02	1.00000000000000e-02
67	82	72	77	4.24035000000000e-02	1.00000000000000e-02
68	83	73	78	4.23293000000000e-02	1.00000000000000e-02
69	84	74	79	4.29097000000000e-02	1.00000000000000e-02
70	85	75	80	4.23634000000000e-02	1.00000000000000e-02
71	86	76	81	4.16503000000000e-02	1.00000000000000e-02
72	87	77	82	4.16307000000000e-02	1.00000000000000e-02
73	88	78	83	4.10349000000000e-02	1.00000000000000e-02
74	89	79	84	4.08485000000000e-02	1.00000000000000e-02
75	90	80	85	4.08488000000000e-02	1.00000000000000e-02
76	91	81	86	4.15980000000000e-02	1.00000000000000e-02
77	92	82	87	4.18771000000000e-02	1.00000000000000e-02
78	93	83	88	4.23520000000000e-02	1.00000000000000e-02
79	94	84	89	4.20250000000000e-02	1.00000000000000e-02
80	95	85	90	4.21043000000000e-02	1.00000000000000e-02
81	96	86	91	4.18288000000000e-02	1.00000000000000e-02
82	97	87	92	4.07195000000000e-02	1.00000000000000e-02
83	98	88	93	4.06287000000000e-02	1.00000000000000e-02
84	99	89	94	3.94557000000000e-02	1.00000000000000e-02
85	100	90	95	3.84024000000000e-02	1.00000000000000e-02
1	19	7	13	3.48707000000000e-02	1.00000000000000e-02
2	20	8	14	3.55388000000000e-02	1.00000000000000e-02
3	21	9	15	3.58927000000000e-02	1.00000000000000e-02
4	22	10	16	3.50094000000000e-02	1.00000000000000e-02
5	23	11	17	3.64824000000000e-02	1.00000000000000e-02
6	24	12	18	3.49386000000000e-02	1.00000000000000e-02
7	25	13	19	3.49964000000000e-02	1.00000000000000e-02
8	26	14	20	3.52414000000000e-02	1.00000000000000e-02
9	27	15	21	3.62294000000000e-02	1.00000000000000e-02
10	28	16	22	3.63849000000000e-02	1.00000000000000e-02
11	29	17	23	3.56424000000000e-02	1.00000000000000e-02
12	30	18	24	3.73586000000000e-02	1.00000000000000e-02
13	31	19	25	3.68910000000000e-02	1.00000000000000e-02
14	32	20	26	3.66918000000000e-02	1.00000000000000e-02
15	33	21	27	3.56311000000000e-02	1.00000000000000e-02
16	34	22	28	3.64037000000000e-02	1.00000000000000e-02
17	35	23	29	3.70684000000000e-02	1.00000000000000e-02
18	36	24	30	3.59917000000000e-02	1.00000000000000e-02
19	37	25	31	3.60826000000000e-02	1.00000000000000e-02
20	38	26	32	3.67518000000000e-02	1.00000000000000e-02
21	39	27	33	3.77594000000000e-02	1.00000000000000e-02
22	40	28	34	3.73445000000000e-02	1.00000000000000e-02
23	41	29	35	3.80770000000000e-02	1.00000000000000e-02
24	42	30	36	3.88398000000000e-02	1.00000000000000e-02
25	43	31	37	3.91870000000000e-02	1.00000000000000e-02
26	44	32	38	3.95671000000000e-02	1.00000000000000e-02
27	45	33	39	3.99225000000000e-02	1.00000000000000e-02
28	46	34	40	4.01168000000000e-02	1.00000000000000e-02
29	47	35	41	4.01458000000000e-02	1.00000000000000e-02
30	48	36	42	4.01185000000000e-02	1.00000000000000e-02
31	49	37	43	3.98678000000000e-02	1.00000000000000e-02
32	50	38	44	4.00960000000000e-02	1.00000000000000e-02
34	52	40	46	3.95156000000000e-02	1.00000000000000e-02
35	53	41	47	3.93291000000000e-02	1.00000000000000e-02
36	54	42	48	4.02630000000000e-02	1.00000000000000e-02
37	55	43	49	3.99600000000000e-02	1.00000000000000e-02
38	56	44	50	3.94516000000000e-02	1.00000000000000e-02
39	57	45	51	4.03766000000000e-02	1.00000000000000e-02
40	58	46	52	3.87751000000000e-02	1.00000000000000e-02
41	59	47	53	3.91280000000000e-02	1.00000000000000e-02
42	60	48	54	3.82922000000000e-02	1.00000000000000e-02
43	61	49	55	3.80371000000000e-02	1.00000000000000e-02
44	62	50	56	3.81337000000000e-02	1.00000000000000e-02
45	63	51	57	3.75039000000000e-02	1.00000000000000e-02
46	64	52	58	3.85691000000000e-02	1.00000000000000e-02
47	65	53	59	3.81517000000000e-02	1.00000000000000e-02
48	66	54	60	3.85610000000000e-02	1.00000000000000e-02
49	67	55	61	3.88462000000000e-02	1.00000000000000e-02
50	68	56	62	3.93507000000000e-02	1.00000000000000e-02
51	69	57	63	3.91340000000000e-02	1.00000000000000e-02
52	70	58	64	3.83955000000000e-02	1.00000000000000e-02
53	71	59	65	3.85354000000000e-02	1.00000000000000e-02
54	72	60	66	3.85510000000000e-02	1.00000000000000e-02
55	73	61	67	3.78904000000000e-02	1.00000000000000e-02
56	74	62	68	3.70999000000000e-02	1.00000000000000e-02
57	75	63	69	3.78442000000000e-02	1.00000000000000e-02
58	76	64	70	3.76440000000000e-02	1.00000000000000e-02
59	77	65	71	3.72927000000000e-02	1.00000000000000e-02
60	78	66	72	3.75724000000000e-02	1.00000000000000e-02
61	79	67	73	3.71173000000000e-02	1.00000000000000e-02
62	80	68	74	3.72813000000000e-02	1.00000000000000e-02
63	81	69	75	3.69851000000000e-02	1.00000000000000e-02
64	82	70	76	3.78269000000000e-02	1.00000000000000e-02
65	83	71	77	3.81293000000000e-02	1.00000000000000e-02
66	84	72	78	3.80054000000000e-02	1.00000000000000e-02
67	85	73	79	3.77841000000000e-02	1.00000000000000e-02
68	86	74	80	3.80022000000000e-02	1.00000000000000e-02
69	87	75	81	3.75573000000000e-02	1.00000000000000e-02
70	88	76	82	3.66937000000000e-02	1.00000000000000e-02
71	89	77	83	3.63729000000000e-02	1.00000000000000e-02
72	90	78	84	3.62036000000000e-02	1.00000000000000e-02
73	91	79	85	3.59016000000000e-02	1.00000000000000e-02
74	92	80	86	3.58164000000000e-02	1.00000000000000e-02
75	93	81	87	3.64459000000000e-02	1.00000000000000e-02
76	94	82	88	3.70706000000000e-02	1.00000000000000e-02
77	95	83	89	3.74573000000000e-02	1.00000000000000e-02
78	96	84	90	3.76252000000000e-02	1.00000000000000e-02
79	97	85	91	3.71791000000000e-02	1.00000000000000e-02
80	98	86	92	3.62521000000000e-02	1.00000000000000e-02
81	99	87	93	3.60006000000000e-02	1.00000000000000e-02
82	100	88	94	3.48342000000000e-02	1.00000000000000e-02
1	22	8	15	3.16195000000000e-02	1.00000000000000e-02
2	23	9	16	3.26262000000000e-02	1.00000000000000e-02
3	24	10	17	3.26571000000000e-02	1.00000000000000e-02
4	25	11	18	3.18616000000000e-02	1.00000000000000e-02
5	26	12	19	3.19452000000000e-02	1.00000000000000e-02
6	27	13	20	2.92702000000000e-02	1.00000000000000e-02
7	28	14	21	3.31840000000000e-02	1.00000000000000e-02
8	29	15	22	3.28968000000000e-02	1.00000000000000e-02
9	30	16	23	3.35005000000000e-02	1.00000000000000e-02
10	31	17	24	3.32723000000000e-02	1.00000000000000e-02
11	32	18	25	3.34514000000000e-02	1.00000000000000e-02
12	33	19	26	3.33842000000000e-02	1.00000000000000e-02
13	34	20	27	3.30175000000000e-02	1.00000000000000e-02
14	35	21	28	3.30544000000000e-02	1.00000000000000e-02
15	36	22	29	3.35770000000000e-02	1.00000000000000e-02
16	37	23	30	3.28198000000000e-02	1.00000000000000e-02
17	38	24	31	3.24589000000000e-02	1.00000000000000e-02
18	39	25	32	3.29817000000000e-02	1.00000000000000e-02
19	40	26	33	3.30420000000000e-02	1.00000000000000e-02
20	41	27	34	3.38160000000000e-02	1.00000000000000e-02
21	42	28	35	3.41182000000000e-02	1.00000000000000e-02
22	43	29	36	3.42034000000000e-02	1.00000000000000e-02
23	44	30	37	3.47610000000000e-02	1.00000000000000e-02
24	45	31	38	3.62523000000000e-02	1.00000000000000e-02
25	46	32	39	3.55252000000000e-02	1.00000000000000e-02
26	47	33	40	3.59882000000000e-02	1.00000000000000e-02
27	48	34	41	3.52333000000000e-02	1.00000000000000e-02
28	49	35	42	3.58095000000000e-02	1.00000000000000e-02
29	50	36	43	3.61033000000000e-02	1.00000000000000e-02
30	51	37	44	3.60338000000000e-02	1.00000000000000e-02
32	53	39	46	3.54499000000000e-02	1.00000000000000e-02
33	54	40	47	3.51845000000000e-02	1.00000000000000e-02
34	55	41	48	3.56810000000000e-02	1.00000000000000e-02
35	56	42	49	3.54032000000000e-02	1.00000000000000e-02
36	57	43	50	3.51781000000000e-02	1.00000000000000e-02
37	58	44	51	3.48861000000000e-02	1.00000000000000e-02
38	59	45	52	3.51793000000000e-02	1.00000000000000e-02
39	60	46	53	3.46843000000000e-02	1.00000000000000e-02
40	61	47	54	3.51511000000000e-02	1.00000000000000e-02
41	62	48	55	3.33828000000000e-02	1.00000000000000e-02
42	63	49	56	3.38465000000000e-02	1.00000000000000e-02
43	64	50	57	3.40484000000000e-02	1.00000000000000e-02
44	65	51	58	3.40781000000000e-02	1.00000000000000e-02
45	66	52	59	3.39394000000000e-02	1.00000000000000e-02
46	67	53	60	3.43673000000000e-02	1.00000000000000e-02
47	68	54	61	3.44262000000000e-02	1.00000000000000e-02
48	69	55	62	3.52256000000000e-02	1.00000000000000e-02
49	70	56	63	3.49609000000000e-02	1.00000000000000e-02
50	71	57	64	3.49118000000000e-02	1.00000000000000e-02
51	72	58	65	3.49242000000000e-02	1.00000000000000e-02
52	73	59	66	3.47573000000000e-02	1.00000000000000e-02
53	74	60	67	3.44858000000000e-02	1.00000000000000e-02
54	75	61	68	3.41086000000000e-02	1.00000000000000e-02
55	76	62	69	3.39381000000000e-02	1.00000000000000e-02
56	77	63	70	3.34947000000000e-02	1.00000000000000e-02
57	78	64	71	3.36626000000000e-02	1.00000000000000e-02
58	79	65	72	3.34067000000000e-02	1.00000000000000e-02
59	80	66	73	3.29965000000000e-02	1.00000000000000e-02
60	81	67	74	3.30340000000000e-02	1.00000000000000e-02
61	82	68	75	3.36723000000000e-02	1.00000000000000e-02
62	83	69	76	3.41316000000000e-02	1.00000000000000e-02
63	84	70	77	3.38836000000000e-02	1.00000000000000e-02
64	85	71	78	3.39740000000000e-02	1.00000000000000e-02
65	86	72	79	3.40573000000000e-02	1.00000000000000e-02
66	87	73	80	3.36967000000000e-02	1.00000000000000e-02
67	88	74	81	3.36060000000000e-02	1.00000000000000e-02
68	89	75	82	3.31720000000000e-02	1.00000000000000e-02
69	90	76	83	3.24692000000000e-02	1.00000000000000e-02
70	91	77	84	3.20459000000000e-02	1.00000000000000e-02
71	92	78	85	3.22044000000000e-02	1.00000000000000e-02
72	93	79	86	3.22327000000000e-02	1.00000000000000e-02
73	94	80	87	3.24386000000000e-02	1.00000000000000e-02
74	95	81	88	3.24232000000000e-02	1.00000000000000e-02
75	96	82	89	3.29785000000000e-02	1.00000000000000e-02
76	97	83	90	3.39189000000000e-02	1.00000000000000e-02
77	98	84	91	3.36852000000000e-02	1.00000000000000e-02
78	99	85	92	3.27727000000000e-02	1.00000000000000e-02
79	100	86	93	3.23798000000000e-02	1.00000000000000e-02
1	25	9	17	3.02329000000000e-02	1.00000000000000e-02
2	26	10	18	2.96268000000000e-02	1.00000000000000e-02
3	27	11	19	2.97774000000000e-02	1.00000000000000e-02
4	28	12	20	2.95014000000000e-02	1.00000000000000e-02
5	29	13	21	3.02950000000000e-02	1.00000000000000e-02
6	30	14	22	2.98949000000000e-02	1.00000000000000e-02
7	31	15	23	2.76990000000000e-02	1.00000000000000e-02
8	32	16	24	3.11499000000000e-02	1.00000000000000e-02
9	33	17	25	2.99129000000000e-02	1.00000000000000e-02
10	34	18	26	3.06260000000000e-02	1.00000000000000e-02
11	35	19	27	3.03029000000000e-02	1.00000000000000e-02
12	36	20	28	3.09705000000000e-02	1.00000000000000e-02
13	37	21	29	2.99848000000000e-02	1.00000000000000e-02
14	38	22	30	3.03980000000000e-02	1.00000000000000e-02
15	39	23	31	3.01644000000000e-02	1.00000000000000e-02
16	40	24	32	2.97228000000000e-02	1.00000000000000e-02
17	41	25	33	3.04006000000000e-02	1.00000000000000e-02
18	42	26	34	3.02695000000000e-02	1.00000000000000e-02
19	43	27	35	3.06259000000000e-02	1.00000000000000e-02
20	44	28	36	3.09186000000000e-02	1.00000000000000e-02
21	45	29	37	3.16428000000000e-02	1.00000000000000e-02
22	46	30	38	3.19699000000000e-02	1.00000000000000e-02
23	47	31	39	3.26489000000000e-02	1.00000000000000e-02
24	48	32	40	3.23600000000000e-02	1.00000000000000e-02
25	49	33	41	3.21306000000000e-02	1.00000000000000e-02
26	50	34	42	3.23218000000000e-02	1.00000000000000e-02
27	51	35	43	3.21657000000000e-02	1.00000000000000e-02
28	52	36	44	3.27150000000000e-02	1.00000000000000e-02
30	54	38	46	3.21108000000000e-02	1.00000000000000e-02
31	55	39	47	3.16699000000000e-02	1.00000000000000e-02
32	56	40	48	3.21826000000000e-02	1.00000000000000e-02
33	57	41	49	3.21029000000000e-02	1.00000000000000e-02
34	58	42	50	3.13506000000000e-02	1.00000000000000e-02
35	59	43	51	3.17758000000000e-02	1.00000000000000e-02
36	60	44	52	3.12349000000000e-02	1.00000000000000e-02
37	61	45	53	2.99716000000000e-02	1.00000000000000e-02
38	62	46	54	3.12311000000000e-02	1.00000000000000e-02
39	63	47	55	3.10904000000000e-02	1.00000000000000e-02
40	64	48	56	3.06655000000000e-02	1.00000000000000e-02
41	65	49	57	3.04292000000000e-02	1.00000000000000e-02
42	66	50	58	3.10602000000000e-02	1.00000000000000e-02
43	67	51	59	3.03983000000000e-02	1.00000000000000e-02
44	68	52	60	3.09131000000000e-02	1.00000000000000e-02
45	69	53	61	3.10214000000000e-02	1.00000000000000e-02
46	70	54	62	3.15659000000000e-02	1.00000000000000e-02
47	71	55	63	3.14271000000000e-02	1.00000000000000e-02
48	72	56	64	3.16178000000000e-02	1.00000000000000e-02
49	73	57	65	3.17245000000000e-02	1.00000000000000e-02
50	74	58	66	3.15165000000000e-02	1.00000000000000e-02
51	75	59	67	3.19133000000000e-02	1.00000000000000e-02
52	76	60	68	3.13690000000000e-02	1.00000000000000e-02
53	77	61	69	3.12005000000000e-02	1.00000000000000e-02
54	78	62	70	3.05607000000000e-02	1.00000000000000e-02
55	79	63	71	3.01649000000000e-02	1.00000000000000e-02
56	80	64	72	3.02157000000000e-02	1.00000000000000e-02
57	81	65	73	3.01196000000000e-02	1.00000000000000e-02
58	82	66	74	3.00568000000000e-02	1.00000000000000e-02
59	83	67	75	3.01945000000000e-02	1.00000000000000e-02
60	84	68	76	3.06575000000000e-02	1.00000000000000e-02
61	85	69	77	3.04885000000000e-02	1.00000000000000e-02
62	86	70	78	3.09137000000000e-02	1.00000000000000e-02
63	87	71	79	3.05531000000000e-02	1.00000000000000e-02
64	88	72	80	3.01353000000000e-02	1.00000000000000e-02
65	89	73	81	2.97627000000000e-02	1.00000000000000e-02
66	90	74	82	2.95346000000000e-02	1.00000000000000e-02
67	91	75	83	2.92779000000000e-02	1.00000000000000e-02
68	92	76	84	2.93766000000000e-02	1.00000000000000e-02
69	93	77	85	2.94721000000000e-02	1.00000000000000e-02
70	94	78	86	2.89758000000000e-02	1.00000000000000e-02
71	95	79	87	2.91226000000000e-02	1.00000000000000e-02
72	96	80	88	2.93517000000000e-02	1.00000000000000e-02
73	97	81	89	2.97034000000000e-02	1.00000000000000e-02
74	98	82	90	3.01773000000000e-02	1.00000000000000e-02
75	99	83	91	3.01421000000000e-02	1.00000000000000e-02
76	100	84	92	2.95776000000000e-02	1.00000000000000e-02
1	28	10	19	2.74217000000000e-02	1.00000000000000e-02
2	29	11	20	2.75803000000000e-02	1.00000000000000e-02
3	30	12	21	2.85415000000000e-02	1.00000000000000e-02
4	31	13	22	2.79992000000000e-02	1.00000000000000e-02
5	32	14	23	2.81648000000000e-02	1.00000000000000e-02
6	33	15	24	2.82610000000000e-02	1.00000000000000e-02
7	34	16	25	2.82608000000000e-02	1.00000000000000e-02
8	35	17	26	2.77314000000000e-02	1.00000000000000e-02
9	36	18	27	2.81053000000000e-02	1.00000000000000e-02
10	37	19	28	2.82110000000000e-02	1.00000000000000e-02
11	38	20	29	2.78614000000000e-02	1.00000000000000e-02
12	39	21	30	2.76337000000000e-02	1.00000000000000e-02
13	40	22	31	2.75123000000000e-02	1.00000000000000e-02
14	41	23	32	2.78069000000000e-02	1.00000000000000e-02
15	42	24	33	2.75638000000000e-02	1.00000000000000e-02
16	43	25	34	2.76041000000000e-02	1.00000000000000e-02
17	44	26	35	2.80324000000000e-02	1.00000000000000e-02
18	45	27	36	2.85711000000000e-02	1.00000000000000e-02
19	46	28	37	2.82928000000000e-02	1.00000000000000e-02
20	47	29	38	2.90158000000000e-02	1.00000000000000e-02
21	48	30	39	2.93405000000000e-02	1.00000000000000e-02
22	49	31	40	2.94346000000000e-02	1.00000000000000e-02
23	50	32	41	2.96223000000000e-02	1.00000000000000e-02
24	51	33	42	2.97639000000000e-02	1.00000000000000e-02
25	52	34	43	2.95256000000000e-02	1.00000000000000e-02
26	53	35	44	2.95281000000000e-02	1.00000000000000e-02
28	55	37	46	2.96386000000000e-02	1.00000000000000e-02
29	56	38	47	2.88946000000000e-02	1.00000000000000e-02
30	57	39	48	2.96580000000000e-02	1.00000000000000e-02
31	58	40	49	2.85824000000000e-02	1.00000000000000e-02
32	59	41	50	2.88435000000000e-02	1.00000000000000e-02
33	60	42	51	2.87700000000000e-02	1.00000000000000e-02
34	61	43	52	2.85693000000000e-02	1.00000000000000e-02
35	62	44	53	2.79252000000000e-02	1.00000000000000e-02
36	63	45	54	2.82074000000000e-02	1.00000000000000e-02
37	64	46	55	2.78967000000000e-02	1.00000000000000e-02
38	65	47	56	2.80733000000000e-02	1.00000000000000e-02
39	66	48	57	2.74876000000000e-02	1.00000000000000e-02
40	67	49	58	2.81258000000000e-02	1.00000000000000e-02
41	68	50	59	2.80771000000000e-02	1.00000000000000e-02
42	69	51	60	2.77587000000000e-02	1.00000000000000e-02
43	70	52	61	2.81210000000000e-02	1.00000000000000e-02
44	71	53	62	2.86450000000000e-02	1.00000000000000e-02
45	72	54	63	2.86351000000000e-02	1.00000000000000e-02
46	73	55	64	2.87574000000000e-02	1.00000000000000e-02
47	74	56	65	2.87618000000000e-02	1.00000000000000e-02
48	75	57	66	2.90375000000000e-02	1.00000000000000e-02
49	76	58	67	2.88735000000000e-02	1.00000000000000e-02
50	77	59	68	2.86899000000000e-02	1.00000000000000e-02
51	78	60	69	2.89465000000000e-02	1.00000000000000e-02
52	79	61	70	2.82236000000000e-02	1.00000000000000e-02
53	80	62	71	2.77698000000000e-02	1.00000000000000e-02
54	81	63	72	2.80221000000000e-02	1.00000000000000e-02
55	82	64	73	2.75542000000000e-02	1.00000000000000e-02
56	83	65	74	2.74737000000000e-02	1.00000000000000e-02
57	84	66	75	2.74236000000000e-02	1.00000000000000e-02
58	85	67	76	2.74525000000000e-02	1.00000000000000e-02
59	86	68	77	2.76432000000000e-02	1.00000000000000e-02
60	87	69	78	2.73690000000000e-02	1.00000000000000e-02
61	88	70	79	2.75612000000000e-02	1.00000000000000e-02
62	89	71	80	2.74885000000000e-02	1.00000000000000e-02
63	90	72	81	2.66766000000000e-02	1.00000000000000e-02
64	91	73	82	2.65164000000000e-02	1.00000000000000e-02
65	92	74	83	2.66344000000000e-02	1.00000000000000e-02
66	93	75	84	2.68377000000000e-02	1.00000000000000e-02
67	94	76	85	2.68638000000000e-02	1.00000000000000e-02
68	95	77	86	2.64810000000000e-02	1.00000000000000e-02
69	96	78	87	2.70009000000000e-02	1.00000000000000e-02
70	97	79	88	2.64867000000000e-02	1.00000000000000e-02
71	98	80	89	2.68436000000000e-02	1.00000000000000e-02
72	99	81	90	2.73323000000000e-02	1.00000000000000e-02
73	100	82	91	2.71840000000000e-02	1.00000000000000e-02
1	31	11	21	2.62665000000000e-02	1.00000000000000e-02
2	32	12	22	2.60902000000000e-02	1.00000000000000e-02
3	33	13	23	2.64705000000000e-02	1.00000000000000e-02
4	34	14	24	2.61646000000000e-02	1.00000000000000e-02
5	35	15	25	2.63966000000000e-02	1.00000000000000e-02
6	36	16	26	2.64386000000000e-02	1.00000000000000e-02
7	37	17	27	2.58875000000000e-02	1.00000000000000e-02
8	38	18	28	2.63581000000000e-02	1.00000000000000e-02
9	39	19	29	2.60015000000000e-02	1.00000000000000e-02
10	40	20	30	2.60435000000000e-02	1.00000000000000e-02
11	41	21	31	2.52056000000000e-02	1.00000000000000e-02
12	42	22	32	2.56674000000000e-02	1.00000000000000e-02
13	43	23	33	2.56695000000000e-02	1.00000000000000e-02
14	44	24	34	2.55957000000000e-02	1.00000000000000e-02
15	45	25	35	2.59947000000000e-02	1.00000000000000e-02
16	46	26	36	2.61218000000000e-02	1.00000000000000e-02
17	47	27	37	2.65331000000000e-02	1.00000000000000e-02
18	48	28	38	2.62230000000000e-02	1.00000000000000e-02
19	49	29	39	2.62789000000000e-02	1.00000000000000e-02
20	50	30	40	2.72563000000000e-02	1.00000000000000e-02
21	51	31	41	2.71785000000000e-02	1.00000000000000e-02
22	52	32	42	2.71056000000000e-02	1.00000000000000e-02
23	53	33	43	2.74222000000000e-02	1.00000000000000e-02
24	54	34	44	2.74559000000000e-02	1.00000000000000e-02
26	56	36	46	2.70311000000000e-02	1.00000000000000e-02
27	57	37	47	2.72258000000000e-02	1.00000000000000e-02
28	58	38	48	2.67524000000000e-02	1.00000000000000e-02
29	59	39	49	2.68410000000000e-02	1.00000000000000e-02
30	60	40	50	2.64051000000000e-02	1.00000000000000e-02
31	61	41	51	2.63238000000000e-02	1.00000000000000e-02
32	62	42	52	2.62570000000000e-02	1.00000000000000e-02
33	63	43	53	2.59234000000000e-02	1.00000000000000e-02
34	64	44	54	2.58659000000000e-02	1.00000000000000e-02
35	65	45	55	2.55504000000000e-02	1.00000000000000e-02
36	66	46	56	2.57048000000000e-02	1.00000000000000e-02
37	67	47	57	2.55271000000000e-02	1.00000000000000e-02
38	68	48	58	2.54958000000000e-02	1.00000000000000e-02
39	69	49	59	2.57328000000000e-02	1.00000000000000e-02
40	70	50	60	2.57448000000000e-02	1.00000000000000e-02
41	71	51	61	2.56130000000000e-02	1.00000000000000e-02
42	72	52	62	2.61133000000000e-02	1.00000000000000e-02
43	73	53	63	2.58576000000000e-02	1.00000000000000e-02
44	74	54	64	2.62805000000000e-02	1.00000000000000e-02
45	75	55	65	2.64035000000000e-02	1.00000000000000e-02
46	76	56	66	2.64822000000000e-02	1.00000000000000e-02
47	77	57	67	2.65495000000000e-02	1.00000000000000e-02
48	78	58	68	2.65901000000000e-02	1.00000000000000e-02
49	79	59	69	2.63030000000000e-02	1.00000000000000e-02
50	80	60	70	2.62265000000000e-02	1.00000000000000e-02
51	81	61	71	2.61384000000000e-02	1.00000000000000e-02
52	82	62	72	2.57944000000000e-02	1.00000000000000e-02
53	83	63	73	2.55877000000000e-02	1.00000000000000e-02
54	84	64	74	2.53549000000000e-02	1.00000000000000e-02
55	85	65	75	2.50287000000000e-02	1.00000000000000e-02
56	86	66	76	2.50629000000000e-02	1.00000000000000e-02
57	87	67	77	2.48607000000000e-02	1.00000000000000e-02
58	88	68	78	2.52108000000000e-02	1.00000000000000e-02
59	89	69	79	2.46129000000000e-02	1.00000000000000e-02
60	90	70	80	2.42304000000000e-02	1.00000000000000e-02
61	91	71	81	2.46069000000000e-02	1.00000000000000e-02
62	92	72	82	2.40708000000000e-02	1.00000000000000e-02
63	93	73	83	2.41645000000000e-02	1.00000000000000e-02
64	94	74	84	2.42064000000000e-02	1.00000000000000e-02
65	95	75	85	2.44391000000000e-02	1.00000000000000e-02
66	96	76	86	2.45559000000000e-02	1.00000000000000e-02
67	97	77	87	2.47427000000000e-02	1.00000000000000e-02
68	98	78	88	2.47390000000000e-02	1.00000000000000e-02
69	99	79	89	2.47919000000000e-02	1.00000000000000e-02
70	100	80	90	2.47758000000000e-02	1.00000000000000e-02
1	34	12	23	2.43256000000000e-02	1.00000000000000e-02
2	35	13	24	2.46608000000000e-02	1.00000000000000e-02
3	36	14	25	2.46986000000000e-02	1.00000000000000e-02
4	37	15	26	2.43657000000000e-02	1.00000000000000e-02
5	38	16	27	2.44549000000000e-02	1.00000000000000e-02
6	39	17	28	2.42284000000000e-02	1.00000000000000e-02
7	40	18	29	2.44104000000000e-02	1.00000000000000e-02
8	41	19	30	2.41982000000000e-02	1.00000000000000e-02
9	42	20	31	2.40433000000000e-02	1.00000000000000e-02
10	43	21	32	2.38913000000000e-02	1.00000000000000e-02
11	44	22	33	2.43684000000000e-02	1.00000000000000e-02
12	45	23	34	2.42323000000000e-02	1.00000000000000e-02
13	46	24	35	2.38948000000000e-02	1.00000000000000e-02
14	47	25	36	2.40794000000000e-02	1.00000000000000e-02
15	48	26	37	2.40073000000000e-02	1.00000000000000e-02
16	49	27	38	2.45054000000000e-02	1.00000000000000e-02
17	50	28	39	2.46762000000000e-02	1.00000000000000e-02
18	51	29	40	2.46349000000000e-02	1.00000000000000e-02
19	52	30	41	2.47268000000000e-02	1.00000000000000e-02
20	53	31	42	2.50827000000000e-02	1.00000000000000e-02
21	54	32	43	2.55833000000000e-02	1.00000000000000e-02
22	55	33	44	2.53011000000000e-02	1.00000000000000e-02
24	57	35	46	1.27278400000000e-01	5.00000000000000e-02
25	58	36	47	1.25172300000000e-01	5.00000000000000e-02
26	59	37	48	1.25920200000000e-01	5.00000000000000e-02
27	60	38	49	1.23755800000000e-01	5.00000000000000e-02
28	61	39	50	1.23141700000000e-01	5.00000000000000e-02
29	62	40	51	1.22461400000000e-01	5.00000000000000e-02
30	63	41	52	1.21941700000000e-01	5.00000000000000e-02
31	64	42	53	1.19748900000000e-01	5.00000000000000e-02
32	65	43	54	1.19307700000000e-01	5.00000000000000e-02
33	66	44	55	1.17584400000000e-01	5.00000000000000e-02
34	67	45	56	1.18051200000000e-01	5.00000000000000e-02
35	68	46	57	1.16686000000000e-01	5.00000000000000e-02
36	69	47	58	1.18026800000000e-01	5.00000000000000e-02
37	70	48	59	1.16842800000000e-01	5.00000000000000e-02
38	71	49	60	1.18484000000000e-01	5.00000000000000e-02
39	72	50	61	1.18723600000000e-01	5.00000000000000e-02
40	73	51	62	1.19131200000000e-01	5.00000000000000e-02
41	74	52	63	1.19636600000000e-01	5.00000000000000e-02
42	75	53	64	1.20331000000000e-01	5.00000000000000e-02
43	76	54	65	1.21169700000000e-01	5.00000000000000e-02
44	77	55	66	1.22000200000000e-01	5.00000000000000e-02
45	78	56	67	1.21341000000000e-01	5.00000000000000e-02
46	79	57	68	1.20980900000000e-01	5.00000000000000e-02
47	80	58	69	1.20478400000000e-01	5.00000000000000e-02
48	81	59	70	1.20370900000000e-01	5.00000000000000e-02
49	82	60	71	1.20000600000000e-01	5.00000000000000e-02
50	83	61	72	1.19777000000000e-01	5.00000000000000e-02
51	84	62	73	1.18538100000000e-01	5.00000000000000e-02
52	85	63	74	1.16984500000000e-01	5.00000000000000e-02
53	86	64	75	1.16533800000000e-01	5.00000000000000e-02
54	87	65	76	1.15967900000000e-01	5.00000000000000e-02
55	88	66	77	1.13923000000000e-01	5.00000000000000e-02
56	89	67	78	1.13053200000000e-01	5.00000000000000e-02
57	90	68	79	1.11783700000000e-01	5.00000000000000e-02
58	91	69	80	1.10684200000000e-01	5.00000000000000e-02
59	92	70	81	1.11365200000000e-01	5.00000000000000e-02
60	93	71	82	1.10957600000000e-01	5.00000000000000e-02
61	94	72	83	1.10462800000000e-01	5.00000000000000e-02
62	95	73	84	1.11362100000000e-01	5.00000000000000e-02
63	96	74	85	1.12800000000000e-01	5.00000000000000e-02
64	97	75	86	1.12845500000000e-01	5.00000000000000e-02
65	98	76	87	1.13913100000000e-01	5.00000000000000e-02
66	99	77	88	1.13517800000000e-01	5.00000000000000e-02
67	100	78	89	1.13617500000000e-01	5.00000000000000e-02
1	37	13	25	1.14492300000000e-01	5.00000000000000e-02
2	38	14	26	1.14403400000000e-01	5.00000000000000e-02
3	39	15	27	1.14062300000000e-01	5.00000000000000e-02
4	40	16	28	1.14690300000000e-01	5.00000000000000e-02
5	41	17	29	1.13081800000000e-01	5.00000000000000e-02
6	42	18	30	1.13481900000000e-01	5.00000000000000e-02
7	43	19	31	1.12743900000000e-01	5.00000000000000e-02
8	44	20	32	1.13451300000000e-01	5.00000000000000e-02
9	45	21	33	1.12158000000000e-01	5.00000000000000e-02
10	46	22	34	1.12790000000000e-01	5.00000000000000e-02
11	47	23	35	1.13005700000000e-01	5.00000000000000e-02
12	48	24	36	1.11584200000000e-01	5.00000000000000e-02
13	49	25	37	1.12815400000000e-01	5.00000000000000e-02
14	50	26	38	1.14989300000000e-01	5.00000000000000e-02
15	51	27	39	1.14968000000000e-01	5.00000000000000e-02
16	52	28	40	1.14836600000000e-01	5.00000000000000e-02
17	53	29	41	1.16051900000000e-01	5.00000000000000e-02
18	54	30	42	1.15882300000000e-01	5.00000000000000e-02
19	55	31	43	1.16994000000000e-01	5.00000000000000e-02
20	56	32	44	1.17672100000000e-01	5.00000000000000e-02
22	58	34	46	1.17022000000000e-01	5.00000000000000e-02
23	59	35	47	1.16992400000000e-01	5.00000000000000e-02
24	60	36	48	1.18222400000000e-01	5.00000000000000e-02
25	61	37	49	1.16933100000000e-01	5.00000000000000e-02
26	62	38	50	1.10700600000000e-01	5.00000000000000e-02
27	63	39	51	1.14216300000000e-01	5.00000000000000e-02
28	64	40	52	1.13061600000000e-01	5.00000000000000e-02
29	65	41	53	1.12094600000000e-01	5.00000000000000e-02
30	66	42	54	1.10944400000000e-01	5.00000000000000e-02
31	67	43	55	1.09235500000000e-01	5.00000000000000e-02
32	68	44	56	1.09224800000000e-01	5.00000000000000e-02
33	69	45	57	1.08850200000000e-01	5.00000000000000e-02
34	70	46	58	1.08921200000000e-01	5.00000000000000e-02
35	71	47	59	1.09560800000000e-01	5.00000000000000e-02
36	72	48	60	1.08608900000000e-01	5.00000000000000e-02
37	73	49	61	1.08948300000000e-01	5.00000000000000e-02
38	74	50	62	1.11253700000000e-01	5.00000000000000e-02
39	75	51	63	1.10561300000000e-01	5.00000000000000e-02
40	76	52	64	1.11320400000000e-01	5.00000000000000e-02
41	77	53	65	1.11700300000000e-01	5.00000000000000e-02
42	78	54	66	1.12045400000000e-01	5.00000000000000e-02
43	79	55	67	1.11989100000000e-01	5.00000000000000e-02
44	80	56	68	1.11612500000000e-01	5.00000000000000e-02
45	81	57	69	1.12473700000000e-01	5.00000000000000e-02
46	82	58	70	1.11306200000000e-01	5.00000000000000e-02
47	83	59	71	1.11458800000000e-01	5.00000000000000e-02
48	84	60	72	1.11625200000000e-01	5.00000000000000e-02
49	85	61	73	1.10753800000000e-01	5.00000000000000e-02
50	86	62	74	1.08452000000000e-01	5.00000000000000e-02
51	87	63	75	1.07993500000000e-01	5.00000000000000e-02
52	88	64	76	1.07839700000000e-01	5.00000000000000e-02
53	89	65	77	1.06094900000000e-01	5.00000000000000e-02
54	90	66	78	1.04207900000000e-01	5.00000000000000e-02
55	91	67	79	1.02351500000000e-01	5.00000000000000e-02
56	92	68	80	1.02671900000000e-01	5.00000000000000e-02
57	93	69	81	1.01322600000000e-01	5.00000000000000e-02
58	94	70	82	1.02249400000000e-01	5.00000000000000e-02
59	95	71	83	1.00857700000000e-01	5.00000000000000e-02
60	96	72	84	1.01953700000000e-01	5.00000000000000e-02
61	97	73	85	1.02894900000000e-01	5.00000000000000e-02
62	98	74	86	1.04423900000000e-01	5.00000000000000e-02
63	99	75	87	1.04403700000000e-01	5.00000000000000e-02
64	100	76	88	1.03951100000000e-01	5.00000000000000e-02
1	40	14	27	1.06673800000000e-01	5.00000000000000e-02
2	41	15	28	1.07053600000000e-01	5.00000000000000e-02
3	42	16	29	1.07994200000000e-01	5.00000000000000e-02
4	43	17	30	1.05410200000000e-01	5.00000000000000e-02
5	44	18	31	1.06722600000000e-01	5.00000000000000e-02
6	45	19	32	1.07614800000000e-01	5.00000000000000e-02
7	46	20	33	1.05855200000000e-01	5.00000000000000e-02
8	47	21	34	1.06095100000000e-01	5.00000000000000e-02
9	48	22	35	1.05712300000000e-01	5.00000000000000e-02
10	49	23	36	1.06307000000000e-01	5.00000000000000e-02
11	50	24	37	1.05636200000000e-01	5.00000000000000e-02
12	51	25	38	1.07091400000000e-01	5.00000000000000e-02
13	52	26	39	1.07505400000000e-01	5.00000000000000e-02
14	53	27	40	1.08899400000000e-01	5.00000000000000e-02
15	54	28	41	1.07724200000000e-01	5.00000000000000e-02
16	55	29	42	1.08380200000000e-01	5.00000000000000e-02
17	56	30	43	1.10080200000000e-01	5.00000000000000e-02
18	57	31	44	1.10550200000000e-01	5.00000000000000e-02
20	59	33	46	1.10002900000000e-01	5.00000000000000e-02
21	60	34	47	1.09915200000000e-01	5.00000000000000e-02
22	61	35	48	1.09730500000000e-01	5.00000000000000e-02
23	62	36	49	1.09579500000000e-01	5.00000000000000e-02
24	63	37	50	1.08925900000000e-01	5.00000000000000e-02
25	64	38	51	1.07602700000000e-01	5.00000000000000e-02
26	65	39	52	1.05931800000000e-01	5.00000000000000e-02
27	66	40	53	1.04072400000000e-01	5.00000000000000e-02
28	67	41	54	1.04132200000000e-01	5.00000000000000e-02
29	68	42	55	1.02689600000000e-01	5.00000000000000e-02
30	69	43	56	1.02093500000000e-01	5.00000000000000e-02
31	70	44	57	1.00845800000000e-01	5.00000000000000e-02
32	71	45	58	1.02320200000000e-01	5.00000000000000e-02
33	72	46	59	1.01438100000000e-01	5.00000000000000e-02
34	73	47	60	1.02101000000000e-01	5.00000000000000e-02
35	74	48	61	1.01478800000000e-01	5.00000000000000e-02
36	75	49	62	1.02820600000000e-01	5.00000000000000e-02
37	76	50	63	1.02828400000000e-01	5.00000000000000e-02
38	77	51	64	1.02529000000000e-01	5.00000000000000e-02
39	78	52	65	1.03428600000000e-01	5.00000000000000e-02
40	79	53	66	1.03555900000000e-01	5.00000000000000e-02
41	80	54	67	1.03474900000000e-01	5.00000000000000e-02
42	81	55	68	1.03706500000000e-01	5.00000000000000e-02
43	82	56	69	1.04300700000000e-01	5.00000000000000e-02
44	83	57	70	1.01947900000000e-01	5.00000000000000e-02
45	84	58	71	1.02519000000000e-01	5.00000000000000e-02
46	85	59	72	1.03192200000000e-01	5.00000000000000e-02
47	86	60	73	1.02274200000000e-01	5.00000000000000e-02
48	87	61	74	1.01662400000000e-01	5.00000000000000e-02
49	88	62	75	1.00244300000000e-01	5.00000000000000e-02
50	89	63	76	1.00041900000000e-01	5.00000000000000e-02
51	90	64	77	9.87670000000000e-02	5.00000000000000e-02
52	91	65	78	9.72730000000000e-02	5.00000000000000e-02
53	92	66	79	9.64348000000000e-02	5.00000000000000e-02
54	93	67	80	9.53323000000000e-02	5.00000000000000e-02
55	94	68	81	9.47780000000000e-02	5.00000000000000e-02
56	95	69	82	9.35756000000000e-02	5.00000000000000e-02
57	96	70	83	9.40701000000000e-02	5.00000000000000e-02
58	97	71	84	9.46165000000000e-02	5.00000000000000e-02
59	98	72	85	9.54185000000000e-02	5.00000000000000e-02
60	99	73	86	9.48353000000000e-02	5.00000000000000e-02
61	100	74	87	9.60689000000000e-02	5.00000000000000e-02
1	43	15	29	1.00687400000000e-01	5.00000000000000e-02
2	44	16	30	1.01276400000000e-01	5.00000000000000e-02
3	45	17	31	9.98318000000000e-02	5.00000000000000e-02
4	46	18	32	1.00823100000000e-01	5.00000000000000e-02
5	47	19	33	1.01243600000000e-01	5.00000000000000e-02
6	48	20	34	9.92167000000000e-02	5.00000000000000e-02
7	49	21	35	9.96727000000000e-02	5.00000000000000e-02
8	50	22	36	9.91163000000000e-02	5.00000000000000e-02
9	51	23	37	1.00154300000000e-01	5.00000000000000e-02
10	52	24	38	1.00429700000000e-01	5.00000000000000e-02
11	53	25	39	1.01302900000000e-01	5.00000000000000e-02
12	54	26	40	1.01908400000000e-01	5.00000000000000e-02
13	55	27	41	1.02538800000000e-01	5.00000000000000e-02
14	56	28	42	1.02620400000000e-01	5.00000000000000e-02
15	57	29	43	1.02761100000000e-01	5.00000000000000e-02
16	58	30	44	1.02745100000000e-01	5.00000000000000e-02
18	60	32	46	1.02911500000000e-01	5.00000000000000e-02
19	61	33	47	1.02271400000000e-01	5.00000000000000e-02
20	62	34	48	1.03054800000000e-01	5.00000000000000e-02
21	63	35	49	1.03028100000000e-01	5.00000000000000e-02
22	64	36	50	1.01953500000000e-01	5.00000000000000e-02
23	65	37	51	1.01987400000000e-01	5.00000000000000e-02
24	66	38	52	1.00219200000000e-01	5.00000000000000e-02
25	67	39	53	9.88991000000000e-02	5.00000000000000e-02
26	68	40	54	9.75239000000000e-02	5.00000000000000e-02
27	69	41	55	9.64417000000000e-02	5.00000000000000e-02
28	70	42	56	9.61053000000000e-02	5.00000000000000e-02
29	71	43	57	9.52623000000000e-02	5.00000000000000e-02
30	72	44	58	9.50228000000000e-02	5.00000000000000e-02
31	73	45	59	9.41660000000000e-02	5.00000000000000e-02
32	74	46	60	9.54207000000000e-02	5.00000000000000e-02
33	75	47	61	9.57110000000000e-02	5.00000000000000e-02
34	76	48	62	9.54752000000000e-02	5.00000000000000e-02
35	77	49	63	9.54600000000000e-02	5.00000000000000e-02
36	78	50	64	9.56541000000000e-02	5.00000000000000e-02
37	79	51	65	9.55104000000000e-02	5.00000000000000e-02
38	80	52	66	9.61724000000000e-02	5.00000000000000e-02
39	81	53	67	9.66407000000000e-02	5.00000000000000e-02
40	82	54	68	9.63538000000000e-02	5.00000000000000e-02
41	83	55	69	9.72661000000000e-02	5.00000000000000e-02
42	84	56	70	9.61148000000000e-02	5.00000000000000e-02
43	85	57	71	9.60766000000000e-02	5.00000000000000e-02
44	86	58	72	9.58551000000000e-02	5.00000000000000e-02
45	87	59	73	9.50629000000000e-02	5.00000000000000e-02
46	88	60	74	9.43292000000000e-02	5.00000000000000e-02
47	89	61	75	9.30736000000000e-02	5.00000000000000e-02
48	90	62	76	9.29381000000000e-02	5.00000000000000e-02
49	91	63	77	9.16136000000000e-02	5.00000000000000e-02
50	92	64	78	9.15736000000000e-02	5.00000000000000e-02
51	93	65	79	9.08950000000000e-02	5.00000000000000e-02
52	94	66	80	9.00117000000000e-02	5.00000000000000e-02
53	95	67	81	8.84073000000000e-02	5.00000000000000e-02
54	96	68	82	8.86723000000000e-02	5.00000000000000e-02
55	97	69	83	8.69865000000000e-02	5.00000000000000e-02
56	98	70	84	8.83197000000000e-02	5.00000000000000e-02
57	99	71	85	8.82719000000000e-02	5.00000000000000e-02
58	100	72	86	8.83198000000000e-02	5.00000000000000e-02
1	46	16	31	9.50288000000000e-02	5.00000000000000e-02
2	47	17	32	9.48796000000000e-02	5.00000000000000e-02
3	48	18	33	9.56962000000000e-02	5.00000000000000e-02
4	49	19	34	9.56348000000000e-02	5.00000000000000e-02
5	50	20	35	9.60265000000000e-02	5.00000000000000e-02
6	51	21	36	9.44455000000000e-02	5.00000000000000e-02
7	52	22	37	9.52666000000000e-02	5.00000000000000e-02
8	53	23	38	9.58956000000000e-02	5.00000000000000e-02
9	54	24	39	9.52605000000000e-02	5.00000000000000e-02
10	55	25	40	9.65680000000000e-02	5.00000000000000e-02
11	56	26	41	9.66811000000000e-02	5.00000000000000e-02
12	57	27	42	9.82513000000000e-02	5.00000000000000e-02
13	58	28	43	9.65527000000000e-02	5.00000000000000e-02
14	59	29	44	9.76696000000000e-02	5.00000000000000e-02
16	61	31	46	9.74120000000000e-02	5.00000000000000e-02
17	62	32	47	9.69026000000000e-02	5.00000000000000e-02
18	63	33	48	9.71909000000000e-02	5.00000000000000e-02
19	64	34	49	9.65573000000000e-02	5.00000000000000e-02
20	65	35	50	8.85446000000000e-02	5.00000000000000e-02
21	66	36	51	9.63521000000000e-02	5.00000000000000e-02
22	67	37	52	9.47044000000000e-02	5.00000000000000e-02
23	68	38	53	9.37544000000000e-02	5.00000000000000e-02
24	69	39	54	9.28121000000000e-02	5.00000000000000e-02
25	70	40	55	9.15508000000000e-02	5.00000000000000e-02
26	71	41	56	9.09026000000000e-02	5.00000000000000e-02
27	72	42	57	8.99070000000000e-02	5.00000000000000e-02
28	73	43	58	9.03048000000000e-02	5.00000000000000e-02
29	74	44	59	8.97204000000000e-02	5.00000000000000e-02
30	75	45	60	9.00699000000000e-02	5.00000000000000e-02
31	76	46	61	8.92040000000000e-02	5.00000000000000e-02
32	77	47	62	9.08056000000000e-02	5.00000000000000e-02
33	78	48	63	8.91409000000000e-02	5.00000000000000e-02
34	79	49	64	8.90012000000000e-02	5.00000000000000e-02
35	80	50	65	8.98760000000000e-02	5.00000000000000e-02
36	81	51	66	8.94764000000000e-02	5.00000000000000e-02
37	82	52	67	8.98801000000000e-02	5.00000000000000e-02
38	83	53	68	9.01304000000000e-02	5.00000000000000e-02
39	84	54	69	9.03421000000000e-02	5.00000000000000e-02
40	85	55	70	8.95464000000000e-02	5.00000000000000e-02
41	86	56	71	8.92553000000000e-02	5.00000000000000e-02
42	87	57	72	8.94395000000000e-02	5.00000000000000e-02
43	88	58	73	8.82331000000000e-02	5.00000000000000e-02
44	89	59	74	8.76909000000000e-02	5.00000000000000e-02
45	90	60	75	8.65104000000000e-02	5.00000000000000e-02
46	91	61	76	8.65852000000000e-02	5.00000000000000e-02
47	92	62	77	8.58215000000000e-02	5.00000000000000e-02
48	93	63	78	8.62457000000000e-02	5.00000000000000e-02
49	94	64	79	8.53660000000000e-02	5.00000000000000e-02
50	95	65	80	8.45169000000000e-02	5.00000000000000e-02
51	96	66	81	8.43112000000000e-02	5.00000000000000e-02
52	97	67	82	8.35309000000000e-02	5.00000000000000e-02
53	98	68	83	8.31033000000000e-02	5.00000000000000e-02
54	99	69	84	8.22946000000000e-02	5.00000000000000e-02
55	100	70	85	8.25224000000000e-02	5.00000000000000e-02
1	49	17	33	8.90169000000000e-02	5.00000000000000e-02
2	50	18	34	9.09713000000000e-02	5.00000000000000e-02
3	51	19	35	9.06835000000000e-02	5.00000000000000e-02
4	52	20	36	9.06621000000000e-02	5.00000000000000e-02
5	53	21	37	9.00323000000000e-02	5.00000000000000e-02
6	54	22	38	9.13615000000000e-02	5.00000000000000e-02
7	55	23	39	9.12617000000000e-02	5.00000000000000e-02
8	56	24	40	9.11962000000000e-02	5.00000000000000e-02
9	57	25	41	9.13998000000000e-02	5.00000000000000e-02
10	58	26	42	9.17248000000000e-02	5.00000000000000e-02
11	59	27	43	9.23605000000000e-02	5.00000000000000e-02
12	60	28	44	9.21348000000000e-02	5.00000000000000e-02
14	62	30	46	9.20162000000000e-02	5.00000000000000e-02
15	63	31	47	9.20710000000000e-02	5.00000000000000e-02
16	64	32	48	9.14760000000000e-02	5.00000000000000e-02
17	65	33	49	9.18370000000000e-02	5.00000000000000e-02
18	66	34	50	8.90668000000000e-02	5.00000000000000e-02
19	67	35	51	9.01679000000000e-02	5.00000000000000e-02
20	68	36	52	8.98070000000000e-02	5.00000000000000e-02
21	69	37	53	8.91407000000000e-02	5.00000000000000e-02
22	70	38	54	8.77864000000000e-02	5.00000000000000e-02
23	71	39	55	8.73773000000000e-02	5.00000000000000e-02
24	72	40	56	8.65696000000000e-02	5.00000000000000e-02
25	73	41	57	8.55055000000000e-02	5.00000000000000e-02
26	74	42	58	8.56613000000000e-02	5.00000000000000e-02
27	75	43	59	8.49152000000000e-02	5.00000000000000e-02
28	76	44	60	8.42409000000000e-02	5.00000000000000e-02
29	77	45	61	8.48374000000000e-02	5.00000000000000e-02
30	78	46	62	8.45633000000000e-02	5.00000000000000e-02
31	79	47	63	8.42697000000000e-02	5.00000000000000e-02
32	80	48	64	8.37676000000000e-02	5.00000000000000e-02
33	81	49	65	8.44240000000000e-02	5.00000000000000e-02
34	82	50	66	8.50332000000000e-02	5.00000000000000e-02
35	83	51	67	8.42742000000000e-02	5.00000000000000e-02
36	84	52	68	8.40923000000000e-02	5.00000000000000e-02
37	85	53	69	7.78550000000000e-02	5.00000000000000e-02
38	86	54	70	8.31313000000000e-02	5.00000000000000e-02
39	87	55	71	8.33982000000000e-02	5.00000000000000e-02
40	88	56	72	8.31324000000000e-02	5.00000000000000e-02
41	89	57	73	8.22076000000000e-02	5.00000000000000e-02
42	90	58	74	8.14479000000000e-02	5.00000000000000e-02
43	91	59	75	8.13182000000000e-02	5.00000000000000e-02
44	92	60	76	8.17774000000000e-02	5.00000000000000e-02
45	93	61	77	8.09056000000000e-02	5.00000000000000e-02
46	94	62	78	8.05619000000000e-02	5.00000000000000e-02
47	95	63	79	7.99602000000000e-02	5.00000000000000e-02
48	96	64	80	8.01658000000000e-02	5.00000000000000e-02
49	97	65	81	7.96477000000000e-02	5.00000000000000e-02
50	98	66	82	7.92699000000000e-02	5.00000000000000e-02
51	99	67	83	7.79161000000000e-02	5.00000000000000e-02
52	100	68	84	7.79036000000000e-02	5.00000000000000e-02
1	52	18	35	8.58684000000000e-02	5.00000000000000e-02
2	53	19	36	8.62413000000000e-02	5.00000000000000e-02
3	54	20	37	8.45601000000000e-02	5.00000000000000e-02
4	55	21	38	8.65848000000000e-02	5.00000000000000e-02
5	56	22	39	8.73427000000000e-02	5.00000000000000e-02
6	57	23	40	8.76856000000000e-02	5.00000000000000e-02
7	58	24	41	8.66187000000000e-02	5.00000000000000e-02
8	59	25	42	8.69762000000000e-02	5.00000000000000e-02
9	60	26	43	8.71666000000000e-02	5.00000000000000e-02
10	61	27	44	8.80671000000000e-02	5.00000000000000e-02
12	63	29	46	8.74981000000000e-02	5.00000000000000e-02
13	64	30	47	8.70628000000000e-02	5.00000000000000e-02
14	65	31	48	8.76630000000000e-02	5.00000000000000e-02
15	66	32	49	8.65935000000000e-02	5.00000000000000e-02
16	67	33	50	8.59713000000000e-02	5.00000000000000e-02
17	68	34	51	8.63656000000000e-02	5.00000000000000e-02
18	69	35	52	8.51029000000000e-02	5.00000000000000e-02
19	70	36	53	7.41988000000000e-02	5.00000000000000e-02
20	71	37	54	8.42379000000000e-02	5.00000000000000e-02
21	72	38	55	8.27965000000000e-02	5.00000000000000e-02
22	73	39	56	8.19821000000000e-02	5.00000000000000e-02
23	74	40	57	8.15746000000000e-02	5.00000000000000e-02
24	75	41	58	8.19615000000000e-02	5.00000000000000e-02
25	76	42	59	8.08654000000000e-02	5.00000000000000e-02
26	77	43	60	8.00721000000000e-02	5.00000000000000e-02
27	78	44	61	7.97011000000000e-02	5.00000000000000e-02
28	79	45	62	8.05882000000000e-02	5.00000000000000e-02
29	80	46	63	7.95743000000000e-02	5.00000000000000e-02
30	81	47	64	7.96644000000000e-02	5.00000000000000e-02
31	82	48	65	7.92280000000000e-02	5.00000000000000e-02
32	83	49	66	7.99392000000000e-02	5.00000000000000e-02
33	84	50	67	7.93557000000000e-02	5.00000000000000e-02
34	85	51	68	7.82263000000000e-02	5.00000000000000e-02
35	86	52	69	7.86839000000000e-02	5.00000000000000e-02
36	87	53	70	7.81981000000000e-02	5.00000000000000e-02
37	88	54	71	7.77780000000000e-02	5.00000000000000e-02
38	89	55	72	7.79658000000000e-02	5.00000000000000e-02
39	90	56	73	7.69007000000000e-02	5.00000000000000e-02
40	91	57	74	7.63754000000000e-02	5.00000000000000e-02
41	92	58	75	7.60622000000000e-02	5.00000000000000e-02
42	93	59	76	7.65020000000000e-02	5.00000000000000e-02
43	94	60	77	7.64294000000000e-02	5.00000000000000e-02
44	95	61	78	7.61528000000000e-02	5.00000000000000e-02
45	96	62	79	7.57580000000000e-02	5.00000000000000e-02
46	97	63	80	7.59307000000000e-02	5.00000000000000e-02
47	98	64	81	7.53633000000000e-02	5.00000000000000e-02
48	99	65	82	7.47653000000000e-02	5.00000000000000e-02
49	100	66	83	7.38402000000000e-02	5.00000000000000e-02
1	55	19	37	8.25524000000000e-02	5.00000000000000e-02
2	56	20	38	8.32856000000000e-02	5.00000000000000e-02
3	57	21	39	8.30961000000000e-02	5.00000000000000e-02
4	58	22	40	8.30932000000000e-02	5.00000000000000e-02
5	59	23	41	8.32827000000000e-02	5.00000000000000e-02
6	60	24	42	8.27489000000000e-02	5.00000000000000e-02
7	61	25	43	8.30034000000000e-02	5.00000000000000e-02
8	62	26	44	8.32581000000000e-02	5.00000000000000e-02
10	64	28	46	8.30419000000000e-02	5.00000000000000e-02
11	65	29	47	8.25342000000000e-02	5.00000000000000e-02
12	66	30	48	8.31274000000000e-02	5.00000000000000e-02
13	67	31	49	8.26208000000000e-02	5.00000000000000e-02
14	68	32	50	8.21033000000000e-02	5.00000000000000e-02
15	69	33	51	8.18325000000000e-02	5.00000000000000e-02
16	70	34	52	8.10805000000000e-02	5.00000000000000e-02
17	71	35	53	8.11272000000000e-02	5.00000000000000e-02
18	72	36	54	7.99738000000000e-02	5.00000000000000e-02
19	73	37	55	7.90258000000000e-02	5.00000000000000e-02
20	74	38	56	7.79344000000000e-02	5.00000000000000e-02
21	75	39	57	7.58941000000000e-02	5.00000000000000e-02
22	76	40	58	7.73148000000000e-02	5.00000000000000e-02
23	77	41	59	7.74390000000000e-02	5.00000000000000e-02
24	78	42	60	7.68157000000000e-02	5.00000000000000e-02
25	79	43	61	7.63956000000000e-02	5.00000000000000e-02
26	80	44	62	7.60914000000000e-02	5.00000000000000e-02
27	81	45	63	7.57577000000000e-02	5.00000000000000e-02
28	82	46	64	7.56142000000000e-02	5.00000000000000e-02
29	83	47	65	7.59624000000000e-02	5.00000000000000e-02
30	84	48	66	7.51954000000000e-02	5.00000000000000e-02
31	85	49	67	7.43276000000000e-02	5.00000000000000e-02
32	86	50	68	7.45557000000000e-02	5.00000000000000e-02
33	87	51	69	7.36736000000000e-02	5.00000000000000e-02
34	88	52	70	7.33118000000000e-02	5.00000000000000e-02
35	89	53	71	7.26906000000000e-02	5.00000000000000e-02
36	90	54	72	7.20111000000000e-02	5.00000000000000e-02
37	91	55	73	7.20808000000000e-02	5.00000000000000e-02
38	92	56	74	7.21491000000000e-02	5.00000000000000e-02
39	93	57	75	7.19011000000000e-02	5.00000000000000e-02
40	94	58	76	7.20745000000000e-02	5.00000000000000e-02
41	95	59	77	7.18938000000000e-02	5.00000000000000e-02
42	96	60	78	7.21378000000000e-02	5.00000000000000e-02
43	97	61	79	7.18662000000000e-02	5.00000000000000e-02
44	98	62	80	7.18396000000000e-02	5.00000000000000e-02
45	99	63	81	7.08381000000000e-02	5.00000000000000e-02
46	100	64	82	7.09207000000000e-02	5.00000000000000e-02
1	58	20	39	7.88832000000000e-02	5.00000000000000e-02
2	59	21	40	7.95720000000000e-02	5.00000000000000e-02
3	60	22	41	7.93695000000000e-02	5.00000000000000e-02
4	61	23	42	7.93997000000000e-02	5.00000000000000e-02
5	62	24	43	7.88353000000000e-02	5.00000000000000e-02
6	63	25	44	7.94044000000000e-02	5.00000000000000e-02
8	65	27	46	7.93174000000000e-02	5.00000000000000e-02
9	66	28	47	7.84952000000000e-02	5.00000000000000e-02
10	67	29	48	7.88940000000000e-02	5.00000000000000e-02
11	68	30	49	7.89255000000000e-02	5.00000000000000e-02
12	69	31	50	7.63832000000000e-02	5.00000000000000e-02
13	70	32	51	7.83790000000000e-02	5.00000000000000e-02
14	71	33	52	7.78960000000000e-02	5.00000000000000e-02
15	72	34	53	7.71622000000000e-02	5.00000000000000e-02
16	73	35	54	7.61931000000000e-02	5.00000000000000e-02
17	74	36	55	7.60862000000000e-02	5.00000000000000e-02
18	75	37	56	7.51989000000000e-02	5.00000000000000e-02
19	76	38	57	7.25162000000000e-02	5.00000000000000e-02
20	77	39	58	7.40636000000000e-02	5.00000000000000e-02
21	78	40	59	7.32364000000000e-02	5.00000000000000e-02
22	79	41	60	7.28804000000000e-02	5.00000000000000e-02
23	80	42	61	7.28963000000000e-02	5.00000000000000e-02
24	81	43	62	7.29769000000000e-02	5.00000000000000e-02
25	82	44	63	7.21533000000000e-02	5.00000000000000e-02
26	83	45	64	7.21843000000000e-02	5.00000000000000e-02
27	84	46	65	7.18138000000000e-02	5.00000000000000e-02
28	85	47	66	7.15544000000000e-02	5.00000000000000e-02
29	86	48	67	7.08092000000000e-02	5.00000000000000e-02
30	87	49	68	7.00092000000000e-02	5.00000000000000e-02
31	88	50	69	6.98563000000000e-02	5.00000000000000e-02
32	89	51	70	6.87350000000000e-02	5.00000000000000e-02
33	90	52	71	6.81705000000000e-02	5.00000000000000e-02
34	91	53	72	6.80471000000000e-02	5.00000000000000e-02
35	92	54	73	6.78405000000000e-02	5.00000000000000e-02
36	93	55	74	6.77058000000000e-02	5.00000000000000e-02
37	94	56	75	6.77970000000000e-02	5.00000000000000e-02
38	95	57	76	6.85790000000000e-02	5.00000000000000e-02
39	96	58	77	6.82133000000000e-02	5.00000000000000e-02
40	97	59	78	6.85148000000000e-02	5.00000000000000e-02
41	98	60	79	6.82846000000000e-02	5.00000000000000e-02
42	99	61	80	6.80778000000000e-02	5.00000000000000e-02
43	100	62	81	6.73543000000000e-02	5.00000000000000e-02
1	61	21	41	7.51303000000000e-02	5.00000000000000e-02
2	62	22	42	7.59081000000000e-02	5.00000000000000e-02
3	63	23	43	7.56824000000000e-02	5.00000000000000e-02
4	64	24	44	7.52996000000000e-02	5.00000000000000e-02
6	66	26	46	7.53534000000000e-02	5.00000000000000e-02
7	67	27	47	7.52310000000000e-02	5.00000000000000e-02
8	68	28	48	7.52337000000000e-02	5.00000000000000e-02
9	69	29	49	7.51332000000000e-02	5.00000000000000e-02
10	70	30	50	7.51742000000000e-02	5.00000000000000e-02
11	71	31	51	7.56323000000000e-02	5.00000000000000e-02
12	72	32	52	7.37395000000000e-02	5.00000000000000e-02
13	73	33	53	7.35079000000000e-02	5.00000000000000e-02
14	74	34	54	7.31276000000000e-02	5.00000000000000e-02
15	75	35	55	7.25143000000000e-02	5.00000000000000e-02
16	76	36	56	7.19754000000000e-02	5.00000000000000e-02
17	77	37	57	7.11165000000000e-02	5.00000000000000e-02
18	78	38	58	7.07702000000000e-02	5.00000000000000e-02
19	79	39	59	6.97637000000000e-02	5.00000000000000e-02
20	80	40	60	6.95876000000000e-02	5.00000000000000e-02
21	81	41	61	6.99929000000000e-02	5.00000000000000e-02
22	82	42	62	6.96546000000000e-02	5.00000000000000e-02
23	83	43	63	6.95130000000000e-02	5.00000000000000e-02
24	84	44	64	6.90029000000000e-02	5.00000000000000e-02
25	85	45	65	6.87128000000000e-02	5.00000000000000e-02
26	86	46	66	6.77606000000000e-02	5.00000000000000e-02
27	87	47	67	6.74975000000000e-02	5.00000000000000e-02
28	88	48	68	6.64975000000000e-02	5.00000000000000e-02
29	89	49	69	6.61440000000000e-02	5.00000000000000e-02
30	90	50	70	6.40585000000000e-02	5.00000000000000e-02
31	91	51	71	6.43348000000000e-02	5.00000000000000e-02
32	92	52	72	6.46389000000000e-02	5.00000000000000e-02
33	93	53	73	6.42483000000000e-02	5.00000000000000e-02
34	94	54	74	6.40363000000000e-02	5.00000000000000e-02
35	95	55	75	6.43197000000000e-02	5.00000000000000e-02
36	96	56	76	6.45456000000000e-02	5.00000000000000e-02
37	97	57	77	6.42284000000000e-02	5.00000000000000e-02
38	98	58	78	6.46417000000000e-02	5.00000000000000e-02
39	99	59	79	6.45268000000000e-02	5.00000000000000e-02
40	100	60	80	6.44124000000000e-02	5.00000000000000e-02
1	64	22	43	7.25192000000000e-02	5.00000000000000e-02
2	65	23	44	7.22695000000000e-02	5.00000000000000e-02
4	67	25	46	7.21231000000000e-02	5.00000000000000e-02
5	68	26	47	7.21757000000000e-02	5.00000000000000e-02
6	69	27	48	7.21870000000000e-02	5.00000000000000e-02
7	70	28	49	7.18766000000000e-02	5.00000000000000e-02
8	71	29	50	7.16930000000000e-02	5.00000000000000e-02
9	72	30	51	7.16981000000000e-02	5.00000000000000e-02
10	73	31	52	7.14621000000000e-02	5.00000000000000e-02
11	74	32	53	7.08500000000000e-02	5.00000000000000e-02
12	75	33	54	7.06671000000000e-02	5.00000000000000e-02
13	76	34	55	6.96884000000000e-02	5.00000000000000e-02
14	77	35	56	6.94066000000000e-02	5.00000000000000e-02
15	78	36	57	6.83658000000000e-02	5.00000000000000e-02
16	79	37	58	6.79117000000000e-02	5.00000000000000e-02
17	80	38	59	6.76703000000000e-02	5.00000000000000e-02
18	81	39	60	6.70435000000000e-02	5.00000000000000e-02
19	82	40	61	6.68268000000000e-02	5.00000000000000e-02
20	83	41	62	6.65721000000000e-02	5.00000000000000e-02
21	84	42	63	6.63739000000000e-02	5.00000000000000e-02
22	85	43	64	6.57372000000000e-02	5.00000000000000e-02
23	86	44	65	6.57195000000000e-02	5.00000000000000e-02
24	87	45	66	6.52210000000000e-02	5.00000000000000e-02
25	88	46	67	6.45160000000000e-02	5.00000000000000e-02
26	89	47	68	6.32783000000000e-02	5.00000000000000e-02
27	90	48	69	6.22506000000000e-02	5.00000000000000e-02
28	91	49	70	6.22468000000000e-02	5.00000000000000e-02
29	92	50	71	6.21974000000000e-02	5.00000000000000e-02
30	93	51	72	6.12747000000000e-02	5.00000000000000e-02
31	94	52	73	6.12279000000000e-02	5.00000000000000e-02
32	95	53	74	6.08232000000000e-02	5.00000000000000e-02
33	96	54	75	6.05888000000000e-02	5.00000000000000e-02
34	97	55	76	6.11791000000000e-02	5.00000000000000e-02
35	98	56	77	6.14662000000000e-02	5.00000000000000e-02
36	99	57	78	6.13752000000000e-02	5.00000000000000e-02
37	100	58	79	6.08276000000000e-02	5.00000000000000e-02
2	68	24	46	6.87148000000000e-02	5.00000000000000e-02
3	69	25	47	6.90770000000000e-02	5.00000000000000e-02
4	70	26	48	6.91100000000000e-02	5.00000000000000e-02
5	71	27	49	6.91078000000000e-02	5.00000000000000e-02
6	72	28	50	6.74151000000000e-02	5.00000000000000e-02
7	73	29	51	6.85004000000000e-02	5.00000000000000e-02
8	74	30	52	6.86386000000000e-02	5.00000000000000e-02
9	75	31	53	6.80070000000000e-02	5.00000000000000e-02
10	76	32	54	6.74739000000000e-02	5.00000000000000e-02
11	77	33	55	6.71526000000000e-02	5.00000000000000e-02
12	78	34	56	6.64374000000000e-02	5.00000000000000e-02
13	79	35	57	6.47682000000000e-02	5.00000000000000e-02
14	80	36	58	6.58323000000000e-02	5.00000000000000e-02
15	81	37	59	6.52051000000000e-02	5.00000000000000e-02
16	82	38	60	6.42628000000000e-02	5.00000000000000e-02
17	83	39	61	6.46750000000000e-02	5.00000000000000e-02
18	84	40	62	6.38304000000000e-02	5.00000000000000e-02
19	85	41	63	6.33585000000000e-02	5.00000000000000e-02
20	86	42	64	6.29838000000000e-02	5.00000000000000e-02
21	87	43	65	6.27695000000000e-02	5.00000000000000e-02
22	88	44	66	6.21266000000000e-02	5.00000000000000e-02
23	89	45	67	6.18815000000000e-02	5.00000000000000e-02
24	90	46	68	6.09954000000000e-02	5.00000000000000e-02
25	91	47	69	5.62707000000000e-02	5.00000000000000e-02
26	92	48	70	5.92762000000000e-02	5.00000000000000e-02
27	93	49	71	5.87125000000000e-02	5.00000000000000e-02
28	94	50	72	5.90647000000000e-02	5.00000000000000e-02
29	95	51	73	5.82547000000000e-02	5.00000000000000e-02
30	96	52	74	5.82911000000000e-02	5.00000000000000e-02
31	97	53	75	5.79402000000000e-02	5.00000000000000e-02
32	98	54	76	5.84540000000000e-02	5.00000000000000e-02
33	99	55	77	5.83012000000000e-02	5.00000000000000e-02
34	100	56	78	5.81854000000000e-02	5.00000000000000e-02
1	70	24	47	6.56809000000000e-02	5.00000000000000e-02
2	71	25	48	6.61844000000000e-02	5.00000000000000e-02
3	72	26	49	6.65006000000000e-02	5.00000000000000e-02
4	73	27	50	6.54897000000000e-02	5.00000000000000e-02
5	74	28	51	6.59879000000000e-02	5.00000000000000e-02
6	75	29	52	6.56798000000000e-02	5.00000000000000e-02
7	76	30	53	6.56063000000000e-02	5.00000000000000e-02
8	77	31	54	6.51258000000000e-02	5.00000000000000e-02
9	78	32	55	6.41253000000000e-02	5.00000000000000e-02
10	79	33	56	6.39273000000000e-02	5.00000000000000e-02
11	80	34	57	6.13356000000000e-02	5.00000000000000e-02
12	81	35	58	6.33656000000000e-02	5.00000000000000e-02
13	82	36	59	6.28265000000000e-02	5.00000000000000e-02
14	83	37	60	6.25872000000000e-02	5.00000000000000e-02
15	84	38	61	6.13780000000000e-02	5.00000000000000e-02
16	85	39	62	6.11402000000000e-02	5.00000000000000e-02
17	86	40	63	6.09353000000000e-02	5.00000000000000e-02
18	87	41	64	6.02265000000000e-02	5.00000000000000e-02
19	88	42	65	6.00174000000000e-02	5.00000000000000e-02
20	89	43	66	5.96545000000000e-02	5.00000000000000e-02
21	90	44	67	5.90067000000000e-02	5.00000000000000e-02
22	91	45	68	5.82363000000000e-02	5.00000000000000e-02
23	92	46	69	5.80731000000000e-02	5.00000000000000e-02
24	93	47	70	5.76075000000000e-02	5.00000000000000e-02
25	94	48	71	5.68215000000000e-02	5.00000000000000e-02
26	95	49	72	5.63435000000000e-02	5.00000000000000e-02
27	96	50	73	5.61391000000000e-02	5.00000000000000e-02
28	97	51	74	5.57213000000000e-02	5.00000000000000e-02
29	98	52	75	5.57530000000000e-02	5.00000000000000e-02
30	99	53	76	5.58419000000000e-02	5.00000000000000e-02
31	100	54	77	5.51296000000000e-02	5.00000000000000e-02
1	73	25	49	6.32322000000000e-02	5.00000000000000e-02
2	74	26	50	6.16616000000000e-02	5.00000000000000e-02
3	75	27	51	6.36514000000000e-02	5.00000000000000e-02
4	76	28	52	6.29734000000000e-02	5.00000000000000e-02
5	77	29	53	6.25577000000000e-02	5.00000000000000e-02
6	78	30	54	6.26061000000000e-02	5.00000000000000e-02
7	79	31	55	6.17435000000000e-02	5.00000000000000e-02
8	80	32	56	6.14504000000000e-02	5.00000000000000e-02
9	81	33	57	6.02184000000000e-02	5.00000000000000e-02
10	82	34	58	6.09112000000000e-02	5.00000000000000e-02
11	83	35	59	6.06442000000000e-02	5.00000000000000e-02
12	84	36	60	6.03641000000000e-02	5.00000000000000e-02
13	85	37	61	5.98167000000000e-02	5.00000000000000e-02
14	86	38	62	5.93622000000000e-02	5.00000000000000e-02
15	87	39	63	5.87457000000000e-02	5.00000000000000e-02
16	88	40	64	5.78062000000000e-02	5.00000000000000e-02
17	89	41	65	5.81586000000000e-02	5.00000000000000e-02
18	90	42	66	5.70408000000000e-02	5.00000000000000e-02
19	91	43	67	5.65723000000000e-02	5.00000000000000e-02
20	92	44	68	5.57834000000000e-02	5.00000000000000e-02
21	93	45	69	5.61351000000000e-02	5.00000000000000e-02
22	94	46	70	5.51950000000000e-02	5.00000000000000e-02
23	95	47	71	5.52748000000000e-02	5.00000000000000e-02
24	96	48	72	5.47338000000000e-02	5.00000000000000e-02
25	97	49	73	5.40844000000000e-02	5.00000000000000e-02
26	98	50	74	5.38511000000000e-02	5.00000000000000e-02
27	99	51	75	5.31160000000000e-02	5.00000000000000e-02
28	100	52	76	5.33725000000000e-02	5.00000000000000e-02
1	76	26	51	5.68556000000000e-02	5.00000000000000e-02
2	77	27	52	6.07816000000000e-02	5.00000000000000e-02
3	78	28	53	6.01395000000000e-02	5.00000000000000e-02
4	79	29	54	5.99309000000000e-02	5.00000000000000e-02
5	80	30	55	5.97161000000000e-02	5.00000000000000e-02
6	81	31	56	5.97345000000000e-02	5.00000000000000e-02
7	82	32	57	5.92142000000000e-02	5.00000000000000e-02
8	83	33	58	5.90364000000000e-02	5.00000000000000e-02
9	84	34	59	5.83895000000000e-02	5.00000000000000e-02
10	85	35	60	5.78658000000000e-02	5.00000000000000e-02
11	86	36	61	5.78400000000000e-02	5.00000000000000e-02
12	87	37	62	5.76383000000000e-02	5.00000000000000e-02
13	88	38	63	5.67558000000000e-02	5.00000000000000e-02
14	89	39	64	5.60132000000000e-02	5.00000000000000e-02
15	90	40	65	5.52704000000000e-02	5.00000000000000e-02
16	91	41	66	5.47866000000000e-02	5.00000000000000e-02
17	92	42	67	5.47870000000000e-02	5.00000000000000e-02
18	93	43	68	5.41638000000000e-02	5.00000000000000e-02
19	94	44	69	5.35664000000000e-02	5.00000000000000e-02
20	95	45	70	5.08730000000000e-02	5.00000000000000e-02
21	96	46	71	5.30641000000000e-02	5.00000000000000e-02
22	97	47	72	5.26879000000000e-02	5.00000000000000e-02
23	98	48	73	5.23327000000000e-02	5.00000000000000e-02
24	99	49	74	5.18800000000000e-02	5.00000000000000e-02
25	100	50	75	5.15744000000000e-02	5.00000000000000e-02
1	79	27	53	5.77824000000000e-02	5.00000000000000e-02
2	80	28	54	5.77979000000000e-02	5.00000000000000e-02
3	81	29	55	5.75190000000000e-02	5.00000000000000e-02
4	82	30	56	5.73412000000000e-02	5.00000000000000e-02
5	83	31	57	5.70324000000000e-02	5.00000000000000e-02
6	84	32	58	5.66172000000000e-02	5.00000000000000e-02
7	85	33	59	5.64443000000000e-02	5.00000000000000e-02
8	86	34	60	5.61993000000000e-02	5.00000000000000e-02
9	87	35	61	5.53668000000000e-02	5.00000000000000e-02
10	88	36	62	5.47986000000000e-02	5.00000000000000e-02
11	89	37	63	5.53069000000000e-02	5.00000000000000e-02
12	90	38	64	5.34165000000000e-02	5.00000000000000e-02
13	91	39	65	5.32698000000000e-02	5.00000000000000e-02
14	92	40	66	5.35439000000000e-02	5.00000000000000e-02
15	93	41	67	5.32096000000000e-02	5.00000000000000e-02
16	94	42	68	5.24776000000000e-02	5.00000000000000e-02
17	95	43	69	5.20935000000000e-02	5.00000000000000e-02
18	96	44	70	5.10253000000000e-02	5.00000000000000e-02
19	97	45	71	5.06420000000000e-02	5.00000000000000e-02
20	98	46	72	5.04897000000000e-02	5.00000000000000e-02
21	99	47	73	5.11871000000000e-02	5.00000000000000e-02
22	100	48	74	5.03149000000000e-02	5.00000000000000e-02
1	82	28	55	5.50879000000000e-02	5.00000000000000e-02
2	83	29	56	5.55357000000000e-02	5.00000000000000e-02
3	84	30	57	5.47981000000000e-02	5.00000000000000e-02
4	85	31	58	5.46171000000000e-02	5.00000000000000e-02
5	86	32	59	5.48607000000000e-02	5.00000000000000e-02
6	87	33	60	5.41107000000000e-02	5.00000000000000e-02
7	88	34	61	5.39193000000000e-02	5.00000000000000e-02
8	89	35	62	5.34772000000000e-02	5.00000000000000e-02
9	90	36	63	5.30566000000000e-02	5.00000000000000e-02
10	91	37	64	5.25769000000000e-02	5.00000000000000e-02
11	92	38	65	5.22465000000000e-02	5.00000000000000e-02
12	93	39	66	5.15820000000000e-02	5.00000000000000e-02
13	94	40	67	5.13748000000000e-02	5.00000000000000e-02
14	95	41	68	5.08851000000000e-02	5.00000000000000e-02
15	96	42	69	5.04951000000000e-02	5.00000000000000e-02
16	97	43	70	5.01102000000000e-02	5.00000000000000e-02
17	98	44	71	4.96581000000000e-02	5.00000000000000e-02
18	99	45	72	4.93912000000000e-02	5.00000000000000e-02
19	100	46	73	4.88698000000000e-02	5.00000000000000e-02
1	85	29	57	5.17853000000000e-02	5.00000000000000e-02
2	86	30	58	5.31126000000000e-02	5.00000000000000e-02
3	87	31	59	5.27343000000000e-02	5.00000000000000e-02
4	88	32	60	5.19120000000000e-02	5.00000000000000e-02
5	89	33	61	5.19837000000000e-02	5.00000000000000e-02
6	90	34	62	5.15567000000000e-02	5.00000000000000e-02
7	91	35	63	5.13212000000000e-02	5.00000000000000e-02
8	92	36	64	5.10075000000000e-02	5.00000000000000e-02
9	93	37	65	5.07788000000000e-02	5.00000000000000e-02
10	94	38	66	5.02181000000000e-02	5.00000000000000e-02
11	95	39	67	5.00138000000000e-02	5.00000000000000e-02
12	96	40	68	4.91227000000000e-02	5.00000000000000e-02
13	97	41	69	4.89547000000000e-02	5.00000000000000e-02
14	98	42	70	4.86213000000000e-02	5.00000000000000e-02
15	99	43	71	4.82957000000000e-02	5.00000000000000e-02
16	100	44	72	4.78992000000000e-02	5.00000000000000e-02
1	88	30	59	5.04446000000000e-02	5.00000000000000e-02
2	89	31	60	5.06536000000000e-02	5.00000000000000e-02
3	90	32	61	4.99846000000000e-02	5.00000000000000e-02
4	91	33	62	4.99249000000000e-02	5.00000000000000e-02
5	92	34	63	4.96516000000000e-02	5.00000000000000e-02
6	93	35	64	4.95734000000000e-02	5.00000000000000e-02
7	94	36	65	4.88554000000000e-02	5.00000000000000e-02
8	95	37	66	4.89083000000000e-02	5.00000000000000e-02
9	96	38	67	4.82689000000000e-02	5.00000000000000e-02
10	97	39	68	4.79607000000000e-02	5.00000000000000e-02
11	98	40	69	4.78218000000000e-02	5.00000000000000e-02
12	99	41	70	4.74604000000000e-02	5.00000000000000e-02
13	100	42	71	4.68476000000000e-02	5.00000000000000e-02
1	91	31	61	4.82267000000000e-02	5.00000000000000e-02
2	92	32	62	4.84939000000000e-02	5.00000000000000e-02
3	93	33	63	4.82350000000000e-02	5.00000000000000e-02
4	94	34	64	4.80961000000000e-02	5.00000000000000e-02
5	95	35	65	4.81488000000000e-02	5.00000000000000e-02
6	96	36	66	4.72971000000000e-02	5.00000000000000e-02
7	97	37	67	4.70585000000000e-02	5.00000000000000e-02
8	98	38	68	4.71189000000000e-02	5.00000000000000e-02
9	99	39	69	4.68051000000000e-02	5.00000000000000e-02
10	100	40	70	4.56312000000000e-02	5.00000000000000e-02
1	94	32	63	4.63588000000000e-02	5.00000000000000e-02
2	95	33	64	4.65020000000000e-02	5.00000000000000e-02
3	96	34	65	4.65156000000000e-02	5.00000000000000e-02
4	97	35	66	4.65097000000000e-02	5.00000000000000e-02
5	98	36	67	4.61142000000000e-02	5.00000000000000e-02
6	99	37	68	4.57046000000000e-02	5.00000000000000e-02
7	100	38	69	4.55111000000000e-02	5.00000000000000e-02
1	97	33	65	4.52041000000000e-02	5.00000000000000e-02
2	98	34	66	4.48548000000000e-02	5.00000000000000e-02
3	99	35	67	4.47170000000000e-02	5.00000000000000e-02
4	100	36	68	4.46676000000000e-02	5.00000000000000e-02
1	100	34	67	4.36488000000000e-02	5.00000000000000e-02
0
