82
# x y z
100	0	0
100.5	0	0
101	0	0
101.5	0	0
102	0	0
102.5	0	0
103	0	0
103.5	0	0
104	0	0
104.5	0	0
105	0	0
105.5	0	0
106	0	0
106.5	0	0
107	0	0
107.5	0	0
108	0	0
108.5	0	0
109	0	0
109.5	0	0
110	0	0
110.5	0	0
111	0	0
111.5	0	0
112	0	0
112.5	0	0
113	0	0
113.5	0	0
114	0	0
114.5	0	0
115	0	0
115.5	0	0
116	0	0
116.5	0	0
117	0	0
117.5	0	0
118	0	0
118.5	0	0
119	0	0
119.5	0	0
120	0	0
120.5	0	0
121	0	0
121.5	0	0
122	0	0
122.5	0	0
123	0	0
123.5	0	0
124	0	0
124.5	0	0
125	0	0
125.5	0	0
126	0	0
126.5	0	0
127	0	0
127.5	0	0
128	0	0
128.5	0	0
129	0	0
129.5	0	0
130	0	0
130.5	0	0
131	0	0
131.5	0	0
132	0	0
132.5	0	0
133	0	0
133.5	0	0
134	0	0
134.5	0	0
135	0	0
135.5	0	0
136	0	0
136.5	0	0
137	0	0
137.5	0	0
138	0	0
138.5	0	0
139	0	0
139.5	0	0
140	0	0
140.5	0	0
962
# a b m n u i k rhoa
1	4	2	3	8.00171000000000e-02	1.00000000000000e-02	3.14159265358979e+00	2.51400000000000e+01
2	5	3	4	7.71448000000000e-02	1.00000000000000e-02	3.14159265358979e+00	2.42400000000000e+01
3	6	4	5	7.19920000000000e-02	1.00000000000000e-02	3.14159265358979e+00	2.26200000000000e+01
4	7	5	6	6.63725000000000e-02	1.00000000000000e-02	3.14159265358979e+00	2.08500000000000e+01
5	8	6	7	6.80372000000000e-02	1.00000000000000e-02	3.14159265358979e+00	2.13700000000000e+01
6	9	7	8	6.84881000000000e-02	1.00000000000000e-02	3.14159265358979e+00	2.15200000000000e+01
7	10	8	9	7.39054000000000e-02	1.00000000000000e-02	3.14159265358979e+00	2.32200000000000e+01
8	11	9	10	6.19812000000000e-02	1.00000000000000e-02	3.14159265358979e+00	1.94700000000000e+01
9	12	10	11	6.38019000000000e-02	1.00000000000000e-02	3.14159265358979e+00	2.00400000000000e+01
10	13	11	12	6.34029000000000e-02	1.00000000000000e-02	3.14159265358979e+00	1.99200000000000e+01
12	15	13	14	6.18966000000000e-02	1.00000000000000e-02	3.14159265358979e+00	1.94500000000000e+01
13	16	14	15	5.32035000000000e-02	1.00000000000000e-02	3.14159265358979e+00	1.67100000000000e+01
14	17	15	16	7.45110000000000e-02	1.00000000000000e-02	3.14159265358979e+00	2.34100000000000e+01
15	18	16	17	6.45216000000000e-02	1.00000000000000e-02	3.14159265358979e+00	2.02700000000000e+01
16	19	17	18	8.81085000000000e-02	1.00000000000000e-02	3.14159265358979e+00	2.76800000000000e+01
17	20	18	19	7.43994000000000e-02	1.00000000000000e-02	3.14159265358979e+00	2.33700000000000e+01
18	21	19	20	8.09701000000000e-02	1.00000000000000e-02	3.14159265358979e+00	2.54400000000000e+01
19	22	20	21	8.43796000000000e-02	1.00000000000000e-02	3.14159265358979e+00	2.65100000000000e+01
20	23	21	22	7.23442000000000e-02	1.00000000000000e-02	3.14159265358979e+00	2.27300000000000e+01
21	24	22	23	8.18818000000000e-02	1.00000000000000e-02	3.14159265358979e+00	2.57200000000000e+01
22	25	23	24	6.53537000000000e-02	1.00000000000000e-02	3.14159265358979e+00	2.05300000000000e+01
23	26	24	25	6.47219000000000e-02	1.00000000000000e-02	3.14159265358979e+00	2.03300000000000e+01
24	27	25	26	7.27072000000000e-02	1.00000000000000e-02	3.14159265358979e+00	2.28400000000000e+01
25	28	26	27	6.99934000000000e-02	1.00000000000000e-02	3.14159265358979e+00	2.19900000000000e+01
26	29	27	28	7.45692000000000e-02	1.00000000000000e-02	3.14159265358979e+00	2.34300000000000e+01
27	30	28	29	8.35657000000000e-02	1.00000000000000e-02	3.14159265358979e+00	2.62500000000000e+01
28	31	29	30	7.38425000000000e-02	1.00000000000000e-02	3.14159265358979e+00	2.32000000000000e+01
29	32	30	31	8.95264000000000e-02	1.00000000000000e-02	3.14159265358979e+00	2.81300000000000e+01
30	33	31	32	9.62107000000000e-02	1.00000000000000e-02	3.14159265358979e+00	3.02300000000000e+01
31	34	32	33	1.00585500000000e-01	1.00000000000000e-02	3.14159265358979e+00	3.16000000000000e+01
32	35	33	34	1.19038400000000e-01	1.00000000000000e-02	3.14159265358979e+00	3.74000000000000e+01
33	36	34	35	1.72728000000000e-01	1.00000000000000e-02	3.14159265358979e+00	5.42600000000000e+01
34	37	35	36	1.78350700000000e-01	1.00000000000000e-02	3.14159265358979e+00	5.60300000000000e+01
35	38	36	37	1.70945800000000e-01	1.00000000000000e-02	3.14159265358979e+00	5.37000000000000e+01
36	39	37	38	1.86139000000000e-01	1.00000000000000e-02	3.14159265358979e+00	5.84800000000000e+01
37	40	38	39	1.15960200000000e-01	1.00000000000000e-02	3.14159265358979e+00	3.64300000000000e+01
38	41	39	40	1.21078000000000e-01	1.00000000000000e-02	3.14159265358979e+00	3.80400000000000e+01
39	42	40	41	9.95639000000000e-02	1.00000000000000e-02	3.14159265358979e+00	3.12800000000000e+01
40	43	41	42	9.92636000000000e-02	1.00000000000000e-02	3.14159265358979e+00	3.11800000000000e+01
41	44	42	43	1.03175400000000e-01	1.00000000000000e-02	3.14159265358979e+00	3.24100000000000e+01
42	45	43	44	1.11197400000000e-01	1.00000000000000e-02	3.14159265358979e+00	3.49300000000000e+01
43	46	44	45	8.50805000000000e-02	1.00000000000000e-02	3.14159265358979e+00	2.67300000000000e+01
44	47	45	46	1.23666900000000e-01	1.00000000000000e-02	3.14159265358979e+00	3.88500000000000e+01
45	48	46	47	9.66957000000000e-02	1.00000000000000e-02	3.14159265358979e+00	3.03800000000000e+01
46	49	47	48	1.06859100000000e-01	1.00000000000000e-02	3.14159265358979e+00	3.35700000000000e+01
47	50	48	49	1.49491000000000e-01	1.00000000000000e-02	3.14159265358979e+00	4.69600000000000e+01
48	51	49	50	1.19095700000000e-01	1.00000000000000e-02	3.14159265358979e+00	3.74200000000000e+01
49	52	50	51	1.31536600000000e-01	1.00000000000000e-02	3.14159265358979e+00	4.13200000000000e+01
50	53	51	52	2.07928800000000e-01	1.00000000000000e-02	3.14159265358979e+00	6.53200000000000e+01
51	54	52	53	9.61698000000000e-02	1.00000000000000e-02	3.14159265358979e+00	3.02100000000000e+01
52	55	53	54	1.80334500000000e-01	1.00000000000000e-02	3.14159265358979e+00	5.66500000000000e+01
53	56	54	55	1.29524400000000e-01	1.00000000000000e-02	3.14159265358979e+00	4.06900000000000e+01
54	57	55	56	1.00654400000000e-01	1.00000000000000e-02	3.14159265358979e+00	3.16200000000000e+01
55	58	56	57	1.36604900000000e-01	1.00000000000000e-02	3.14159265358979e+00	4.29200000000000e+01
56	59	57	58	9.45258000000000e-02	1.00000000000000e-02	3.14159265358979e+00	2.97000000000000e+01
57	60	58	59	1.39833900000000e-01	1.00000000000000e-02	3.14159265358979e+00	4.39300000000000e+01
58	61	59	60	9.64640000000000e-02	1.00000000000000e-02	3.14159265358979e+00	3.03100000000000e+01
59	62	60	61	1.58803300000000e-01	1.00000000000000e-02	3.14159265358979e+00	4.98900000000000e+01
60	63	61	62	1.21194300000000e-01	1.00000000000000e-02	3.14159265358979e+00	3.80700000000000e+01
61	64	62	63	1.37811400000000e-01	1.00000000000000e-02	3.14159265358979e+00	4.32900000000000e+01
62	65	63	64	1.50246900000000e-01	1.00000000000000e-02	3.14159265358979e+00	4.72000000000000e+01
63	66	64	65	8.68386000000000e-02	1.00000000000000e-02	3.14159265358979e+00	2.72800000000000e+01
64	67	65	66	1.60912300000000e-01	1.00000000000000e-02	3.14159265358979e+00	5.05500000000000e+01
65	68	66	67	8.56911000000000e-02	1.00000000000000e-02	3.14159265358979e+00	2.69200000000000e+01
66	69	67	68	1.57912100000000e-01	1.00000000000000e-02	3.14159265358979e+00	4.96100000000000e+01
67	70	68	69	8.67277000000000e-02	1.00000000000000e-02	3.14159265358979e+00	2.72500000000000e+01
68	71	69	70	1.16608100000000e-01	1.00000000000000e-02	3.14159265358979e+00	3.66300000000000e+01
69	72	70	71	9.01754000000000e-02	1.00000000000000e-02	3.14159265358979e+00	2.83300000000000e+01
70	73	71	72	1.04123400000000e-01	1.00000000000000e-02	3.14159265358979e+00	3.27100000000000e+01
71	74	72	73	1.05851700000000e-01	1.00000000000000e-02	3.14159265358979e+00	3.32500000000000e+01
72	75	73	74	1.14559700000000e-01	1.00000000000000e-02	3.14159265358979e+00	3.59900000000000e+01
73	76	74	75	1.60332100000000e-01	1.00000000000000e-02	3.14159265358979e+00	5.03700000000000e+01
74	77	75	76	9.79110000000000e-02	1.00000000000000e-02	3.14159265358979e+00	3.07600000000000e+01
75	78	76	77	2.05562400000000e-01	1.00000000000000e-02	3.14159265358979e+00	6.45800000000000e+01
76	79	77	78	9.40881000000000e-02	1.00000000000000e-02	3.14159265358979e+00	2.95600000000000e+01
77	80	78	79	1.60865000000000e-01	1.00000000000000e-02	3.14159265358979e+00	5.05400000000000e+01
78	81	79	80	1.59918000000000e-01	1.00000000000000e-02	3.14159265358979e+00	5.02400000000000e+01
79	82	80	81	9.12609000000000e-02	1.00000000000000e-02	3.14159265358979e+00	2.86700000000000e+01
1	7	3	5	3.60772000000000e-02	1.00000000000000e-02	6.28318530717959e+00	2.26700000000000e+01
2	8	4	6	3.43726000000000e-02	1.00000000000000e-02	6.28318530717959e+00	2.16000000000000e+01
3	9	5	7	3.27604000000000e-02	1.00000000000000e-02	6.28318530717959e+00	2.05800000000000e+01
4	10	6	8	3.55903000000000e-02	1.00000000000000e-02	6.28318530717959e+00	2.23600000000000e+01
5	11	7	9	3.73234000000000e-02	1.00000000000000e-02	6.28318530717959e+00	2.34500000000000e+01
6	12	8	10	3.40842000000000e-02	1.00000000000000e-02	6.28318530717959e+00	2.14200000000000e+01
7	13	9	11	3.25854000000000e-02	1.00000000000000e-02	6.28318530717959e+00	2.04700000000000e+01
8	14	10	12	3.31187000000000e-02	1.00000000000000e-02	6.28318530717959e+00	2.08100000000000e+01
9	15	11	13	3.16059000000000e-02	1.00000000000000e-02	6.28318530717959e+00	1.98600000000000e+01
10	16	12	14	3.05332000000000e-02	1.00000000000000e-02	6.28318530717959e+00	1.91800000000000e+01
11	17	13	15	3.17228000000000e-02	1.00000000000000e-02	6.28318530717959e+00	1.99300000000000e+01
12	18	14	16	3.09596000000000e-02	1.00000000000000e-02	6.28318530717959e+00	1.94500000000000e+01
13	19	15	17	2.98316000000000e-02	1.00000000000000e-02	6.28318530717959e+00	1.87400000000000e+01
14	20	16	18	3.07858000000000e-02	1.00000000000000e-02	6.28318530717959e+00	1.93400000000000e+01
15	21	17	19	2.94797000000000e-02	1.00000000000000e-02	6.28318530717959e+00	1.85200000000000e+01
16	22	18	20	3.14016000000000e-02	1.00000000000000e-02	6.28318530717959e+00	1.97300000000000e+01
17	23	19	21	3.28658000000000e-02	1.00000000000000e-02	6.28318530717959e+00	2.06500000000000e+01
18	24	20	22	3.43052000000000e-02	1.00000000000000e-02	6.28318530717959e+00	2.15500000000000e+01
19	25	21	23	3.25956000000000e-02	1.00000000000000e-02	6.28318530717959e+00	2.04800000000000e+01
20	26	22	24	3.07873000000000e-02	1.00000000000000e-02	6.28318530717959e+00	1.93400000000000e+01
21	27	23	25	2.85331000000000e-02	1.00000000000000e-02	6.28318530717959e+00	1.79300000000000e+01
22	28	24	26	3.05052000000000e-02	1.00000000000000e-02	6.28318530717959e+00	1.91700000000000e+01
23	29	25	27	3.11932000000000e-02	1.00000000000000e-02	6.28318530717959e+00	1.96000000000000e+01
24	30	26	28	2.89094000000000e-02	1.00000000000000e-02	6.28318530717959e+00	1.81600000000000e+01
25	31	27	29	2.85338000000000e-02	1.00000000000000e-02	6.28318530717959e+00	1.79300000000000e+01
26	32	28	30	3.08690000000000e-02	1.00000000000000e-02	6.28318530717959e+00	1.94000000000000e+01
27	33	29	31	3.35502000000000e-02	1.00000000000000e-02	6.28318530717959e+00	2.10800000000000e+01
28	34	30	32	3.19336000000000e-02	1.00000000000000e-02	6.28318530717959e+00	2.00600000000000e+01
29	35	31	33	2.76726000000000e-02	1.00000000000000e-02	6.28318530717959e+00	1.73900000000000e+01
30	36	32	34	3.28991000000000e-02	1.00000000000000e-02	6.28318530717959e+00	2.06700000000000e+01
31	37	33	35	4.47177000000000e-02	1.00000000000000e-02	6.28318530717959e+00	2.81000000000000e+01
32	38	34	36	3.81928000000000e-02	1.00000000000000e-02	6.28318530717959e+00	2.40000000000000e+01
33	39	35	37	2.94271000000000e-02	1.00000000000000e-02	6.28318530717959e+00	1.84900000000000e+01
34	40	36	38	3.32361000000000e-02	1.00000000000000e-02	6.28318530717959e+00	2.08800000000000e+01
35	41	37	39	3.96880000000000e-02	1.00000000000000e-02	6.28318530717959e+00	2.49400000000000e+01
36	42	38	40	3.69509000000000e-02	1.00000000000000e-02	6.28318530717959e+00	2.32200000000000e+01
37	43	39	41	3.33634000000000e-02	1.00000000000000e-02	6.28318530717959e+00	2.09600000000000e+01
38	44	40	42	3.17433000000000e-02	1.00000000000000e-02	6.28318530717959e+00	1.99400000000000e+01
39	45	41	43	3.44516000000000e-02	1.00000000000000e-02	6.28318530717959e+00	2.16500000000000e+01
40	46	42	44	3.43306000000000e-02	1.00000000000000e-02	6.28318530717959e+00	2.15700000000000e+01
41	47	43	45	2.98222000000000e-02	1.00000000000000e-02	6.28318530717959e+00	1.87400000000000e+01
42	48	44	46	3.23628000000000e-02	1.00000000000000e-02	6.28318530717959e+00	2.03300000000000e+01
43	49	45	47	3.82228000000000e-02	1.00000000000000e-02	6.28318530717959e+00	2.40200000000000e+01
44	50	46	48	3.99211000000000e-02	1.00000000000000e-02	6.28318530717959e+00	2.50800000000000e+01
45	51	47	49	3.86602000000000e-02	1.00000000000000e-02	6.28318530717959e+00	2.42900000000000e+01
46	52	48	50	3.12414000000000e-02	1.00000000000000e-02	6.28318530717959e+00	1.96300000000000e+01
47	53	49	51	3.52854000000000e-02	1.00000000000000e-02	6.28318530717959e+00	2.21700000000000e+01
48	54	50	52	4.82311000000000e-02	1.00000000000000e-02	6.28318530717959e+00	3.03000000000000e+01
49	55	51	53	4.01572000000000e-02	1.00000000000000e-02	6.28318530717959e+00	2.52300000000000e+01
50	56	52	54	3.06152000000000e-02	1.00000000000000e-02	6.28318530717959e+00	1.92400000000000e+01
51	57	53	55	3.36971000000000e-02	1.00000000000000e-02	6.28318530717959e+00	2.11700000000000e+01
52	58	54	56	4.06749000000000e-02	1.00000000000000e-02	6.28318530717959e+00	2.55600000000000e+01
53	59	55	57	3.56056000000000e-02	1.00000000000000e-02	6.28318530717959e+00	2.23700000000000e+01
54	60	56	58	3.71665000000000e-02	1.00000000000000e-02	6.28318530717959e+00	2.33500000000000e+01
55	61	57	59	3.34265000000000e-02	1.00000000000000e-02	6.28318530717959e+00	2.10000000000000e+01
56	62	58	60	3.65156000000000e-02	1.00000000000000e-02	6.28318530717959e+00	2.29400000000000e+01
57	63	59	61	4.38420000000000e-02	1.00000000000000e-02	6.28318530717959e+00	2.75500000000000e+01
58	64	60	62	3.48939000000000e-02	1.00000000000000e-02	6.28318530717959e+00	2.19200000000000e+01
59	65	61	63	3.83617000000000e-02	1.00000000000000e-02	6.28318530717959e+00	2.41000000000000e+01
60	66	62	64	4.37161000000000e-02	1.00000000000000e-02	6.28318530717959e+00	2.74700000000000e+01
61	67	63	65	4.62424000000000e-02	1.00000000000000e-02	6.28318530717959e+00	2.90500000000000e+01
62	68	64	66	3.21809000000000e-02	1.00000000000000e-02	6.28318530717959e+00	2.02200000000000e+01
63	69	65	67	3.80334000000000e-02	1.00000000000000e-02	6.28318530717959e+00	2.39000000000000e+01
64	70	66	68	3.93219000000000e-02	1.00000000000000e-02	6.28318530717959e+00	2.47100000000000e+01
65	71	67	69	3.87357000000000e-02	1.00000000000000e-02	6.28318530717959e+00	2.43400000000000e+01
66	72	68	70	3.80367000000000e-02	1.00000000000000e-02	6.28318530717959e+00	2.39000000000000e+01
67	73	69	71	3.78189000000000e-02	1.00000000000000e-02	6.28318530717959e+00	2.37600000000000e+01
68	74	70	72	3.39104000000000e-02	1.00000000000000e-02	6.28318530717959e+00	2.13100000000000e+01
69	75	71	73	3.42260000000000e-02	1.00000000000000e-02	6.28318530717959e+00	2.15000000000000e+01
70	76	72	74	4.52622000000000e-02	1.00000000000000e-02	6.28318530717959e+00	2.84400000000000e+01
71	77	73	75	4.09952000000000e-02	1.00000000000000e-02	6.28318530717959e+00	2.57600000000000e+01
72	78	74	76	3.23825000000000e-02	1.00000000000000e-02	6.28318530717959e+00	2.03500000000000e+01
73	79	75	77	3.59697000000000e-02	1.00000000000000e-02	6.28318530717959e+00	2.26000000000000e+01
74	80	76	78	4.19922000000000e-02	1.00000000000000e-02	6.28318530717959e+00	2.63800000000000e+01
75	81	77	79	4.17456000000000e-02	1.00000000000000e-02	6.28318530717959e+00	2.62300000000000e+01
76	82	78	80	3.63784000000000e-02	1.00000000000000e-02	6.28318530717959e+00	2.28600000000000e+01
1	10	4	7	2.44248000000000e-02	1.00000000000000e-02	9.42477796076938e+00	2.30200000000000e+01
2	11	5	8	2.54553000000000e-02	1.00000000000000e-02	9.42477796076938e+00	2.39900000000000e+01
3	12	6	9	2.67076000000000e-02	1.00000000000000e-02	9.42477796076938e+00	2.51700000000000e+01
4	13	7	10	2.68012000000000e-02	1.00000000000000e-02	9.42477796076938e+00	2.52600000000000e+01
5	14	8	11	2.53857000000000e-02	1.00000000000000e-02	9.42477796076938e+00	2.39300000000000e+01
6	15	9	12	2.42746000000000e-02	1.00000000000000e-02	9.42477796076938e+00	2.28800000000000e+01
7	16	10	13	2.35083000000000e-02	1.00000000000000e-02	9.42477796076938e+00	2.21600000000000e+01
8	17	11	14	2.47469000000000e-02	1.00000000000000e-02	9.42477796076938e+00	2.33200000000000e+01
9	18	12	15	2.40608000000000e-02	1.00000000000000e-02	9.42477796076938e+00	2.26800000000000e+01
10	19	13	16	2.47922000000000e-02	1.00000000000000e-02	9.42477796076938e+00	2.33700000000000e+01
11	20	14	17	2.30888000000000e-02	1.00000000000000e-02	9.42477796076938e+00	2.17600000000000e+01
12	21	15	18	2.31134000000000e-02	1.00000000000000e-02	9.42477796076938e+00	2.17800000000000e+01
13	22	16	19	2.18007000000000e-02	1.00000000000000e-02	9.42477796076938e+00	2.05500000000000e+01
14	23	17	20	2.23769000000000e-02	1.00000000000000e-02	9.42477796076938e+00	2.10900000000000e+01
15	24	18	21	2.30637000000000e-02	1.00000000000000e-02	9.42477796076938e+00	2.17400000000000e+01
16	25	19	22	2.43475000000000e-02	1.00000000000000e-02	9.42477796076938e+00	2.29500000000000e+01
17	26	20	23	2.40209000000000e-02	1.00000000000000e-02	9.42477796076938e+00	2.26400000000000e+01
18	27	21	24	2.28405000000000e-02	1.00000000000000e-02	9.42477796076938e+00	2.15300000000000e+01
19	28	22	25	2.11216000000000e-02	1.00000000000000e-02	9.42477796076938e+00	1.99100000000000e+01
20	29	23	26	2.07665000000000e-02	1.00000000000000e-02	9.42477796076938e+00	1.95700000000000e+01
21	30	24	27	2.14661000000000e-02	1.00000000000000e-02	9.42477796076938e+00	2.02300000000000e+01
22	31	25	28	2.13344000000000e-02	1.00000000000000e-02	9.42477796076938e+00	2.01100000000000e+01
23	32	26	29	2.18209000000000e-02	1.00000000000000e-02	9.42477796076938e+00	2.05700000000000e+01
24	33	27	30	2.21788000000000e-02	1.00000000000000e-02	9.42477796076938e+00	2.09000000000000e+01
25	34	28	31	2.18115000000000e-02	1.00000000000000e-02	9.42477796076938e+00	2.05600000000000e+01
26	35	29	32	2.05356000000000e-02	1.00000000000000e-02	9.42477796076938e+00	1.93500000000000e+01
27	36	30	33	2.03267000000000e-02	1.00000000000000e-02	9.42477796076938e+00	1.91600000000000e+01
28	37	31	34	2.16706000000000e-02	1.00000000000000e-02	9.42477796076938e+00	2.04200000000000e+01
29	38	32	35	2.33865000000000e-02	1.00000000000000e-02	9.42477796076938e+00	2.20400000000000e+01
30	39	33	36	2.39372000000000e-02	1.00000000000000e-02	9.42477796076938e+00	2.25600000000000e+01
31	40	34	37	2.14286000000000e-02	1.00000000000000e-02	9.42477796076938e+00	2.02000000000000e+01
32	41	35	38	1.96582000000000e-02	1.00000000000000e-02	9.42477796076938e+00	1.85300000000000e+01
33	42	36	39	1.97031000000000e-02	1.00000000000000e-02	9.42477796076938e+00	1.85700000000000e+01
34	43	37	40	2.17685000000000e-02	1.00000000000000e-02	9.42477796076938e+00	2.05200000000000e+01
35	44	38	41	2.25345000000000e-02	1.00000000000000e-02	9.42477796076938e+00	2.12400000000000e+01
36	45	39	42	2.28792000000000e-02	1.00000000000000e-02	9.42477796076938e+00	2.15600000000000e+01
37	46	40	43	2.18489000000000e-02	1.00000000000000e-02	9.42477796076938e+00	2.05900000000000e+01
38	47	41	44	2.17905000000000e-02	1.00000000000000e-02	9.42477796076938e+00	2.05400000000000e+01
39	48	42	45	2.03550000000000e-02	1.00000000000000e-02	9.42477796076938e+00	1.91800000000000e+01
40	49	43	46	2.17136000000000e-02	1.00000000000000e-02	9.42477796076938e+00	2.04600000000000e+01
41	50	44	47	2.37862000000000e-02	1.00000000000000e-02	9.42477796076938e+00	2.24200000000000e+01
42	51	45	48	2.50465000000000e-02	1.00000000000000e-02	9.42477796076938e+00	2.36100000000000e+01
43	52	46	49	2.31852000000000e-02	1.00000000000000e-02	9.42477796076938e+00	2.18500000000000e+01
44	53	47	50	2.26675000000000e-02	1.00000000000000e-02	9.42477796076938e+00	2.13600000000000e+01
45	54	48	51	2.21231000000000e-02	1.00000000000000e-02	9.42477796076938e+00	2.08500000000000e+01
46	55	49	52	2.52462000000000e-02	1.00000000000000e-02	9.42477796076938e+00	2.37900000000000e+01
47	56	50	53	2.41370000000000e-02	1.00000000000000e-02	9.42477796076938e+00	2.27500000000000e+01
48	57	51	54	2.30260000000000e-02	1.00000000000000e-02	9.42477796076938e+00	2.17000000000000e+01
49	58	52	55	2.09249000000000e-02	1.00000000000000e-02	9.42477796076938e+00	1.97200000000000e+01
50	59	53	56	2.27047000000000e-02	1.00000000000000e-02	9.42477796076938e+00	2.14000000000000e+01
51	60	54	57	2.48750000000000e-02	1.00000000000000e-02	9.42477796076938e+00	2.34400000000000e+01
52	61	55	58	2.57323000000000e-02	1.00000000000000e-02	9.42477796076938e+00	2.42500000000000e+01
53	62	56	59	2.58792000000000e-02	1.00000000000000e-02	9.42477796076938e+00	2.43900000000000e+01
54	63	57	60	2.37382000000000e-02	1.00000000000000e-02	9.42477796076938e+00	2.23700000000000e+01
55	64	58	61	2.24676000000000e-02	1.00000000000000e-02	9.42477796076938e+00	2.11800000000000e+01
56	65	59	62	2.28141000000000e-02	1.00000000000000e-02	9.42477796076938e+00	2.15000000000000e+01
57	66	60	63	2.62421000000000e-02	1.00000000000000e-02	9.42477796076938e+00	2.47300000000000e+01
58	67	61	64	2.75133000000000e-02	1.00000000000000e-02	9.42477796076938e+00	2.59300000000000e+01
59	68	62	65	2.64133000000000e-02	1.00000000000000e-02	9.42477796076938e+00	2.48900000000000e+01
60	69	63	66	2.68626000000000e-02	1.00000000000000e-02	9.42477796076938e+00	2.53200000000000e+01
61	70	64	67	2.23900000000000e-02	1.00000000000000e-02	9.42477796076938e+00	2.11000000000000e+01
62	71	65	68	2.64677000000000e-02	1.00000000000000e-02	9.42477796076938e+00	2.49500000000000e+01
63	72	66	69	2.63023000000000e-02	1.00000000000000e-02	9.42477796076938e+00	2.47900000000000e+01
64	73	67	70	2.88061000000000e-02	1.00000000000000e-02	9.42477796076938e+00	2.71500000000000e+01
65	74	68	71	2.41262000000000e-02	1.00000000000000e-02	9.42477796076938e+00	2.27400000000000e+01
66	75	69	72	2.48971000000000e-02	1.00000000000000e-02	9.42477796076938e+00	2.34600000000000e+01
67	76	70	73	2.48795000000000e-02	1.00000000000000e-02	9.42477796076938e+00	2.34500000000000e+01
68	77	71	74	2.73280000000000e-02	1.00000000000000e-02	9.42477796076938e+00	2.57600000000000e+01
69	78	72	75	2.82586000000000e-02	1.00000000000000e-02	9.42477796076938e+00	2.66300000000000e+01
70	79	73	76	2.60316000000000e-02	1.00000000000000e-02	9.42477796076938e+00	2.45300000000000e+01
71	80	74	77	2.61242000000000e-02	1.00000000000000e-02	9.42477796076938e+00	2.46200000000000e+01
72	81	75	78	2.49298000000000e-02	1.00000000000000e-02	9.42477796076938e+00	2.35000000000000e+01
73	82	76	79	2.64386000000000e-02	1.00000000000000e-02	9.42477796076938e+00	2.49200000000000e+01
1	13	5	9	2.19556000000000e-02	1.00000000000000e-02	1.25663706143592e+01	2.75900000000000e+01
2	14	6	10	2.20790000000000e-02	1.00000000000000e-02	1.25663706143592e+01	2.77500000000000e+01
3	15	7	11	2.21130000000000e-02	1.00000000000000e-02	1.25663706143592e+01	2.77900000000000e+01
4	16	8	12	2.17995000000000e-02	1.00000000000000e-02	1.25663706143592e+01	2.73900000000000e+01
5	17	9	13	2.02076000000000e-02	1.00000000000000e-02	1.25663706143592e+01	2.53900000000000e+01
6	18	10	14	2.07730000000000e-02	1.00000000000000e-02	1.25663706143592e+01	2.61000000000000e+01
7	19	11	15	2.09757000000000e-02	1.00000000000000e-02	1.25663706143592e+01	2.63600000000000e+01
8	20	12	16	2.09395000000000e-02	1.00000000000000e-02	1.25663706143592e+01	2.63100000000000e+01
9	21	13	17	2.10584000000000e-02	1.00000000000000e-02	1.25663706143592e+01	2.64600000000000e+01
10	22	14	18	2.01405000000000e-02	1.00000000000000e-02	1.25663706143592e+01	2.53100000000000e+01
11	23	15	19	1.94226000000000e-02	1.00000000000000e-02	1.25663706143592e+01	2.44100000000000e+01
12	24	16	20	1.93391000000000e-02	1.00000000000000e-02	1.25663706143592e+01	2.43000000000000e+01
13	25	17	21	2.00794000000000e-02	1.00000000000000e-02	1.25663706143592e+01	2.52300000000000e+01
14	26	18	22	2.03955000000000e-02	1.00000000000000e-02	1.25663706143592e+01	2.56300000000000e+01
15	27	19	23	2.08949000000000e-02	1.00000000000000e-02	1.25663706143592e+01	2.62600000000000e+01
16	28	20	24	2.03924000000000e-02	1.00000000000000e-02	1.25663706143592e+01	2.56300000000000e+01
17	29	21	25	1.89909000000000e-02	1.00000000000000e-02	1.25663706143592e+01	2.38600000000000e+01
18	30	22	26	1.86670000000000e-02	1.00000000000000e-02	1.25663706143592e+01	2.34600000000000e+01
19	31	23	27	1.77086000000000e-02	1.00000000000000e-02	1.25663706143592e+01	2.22500000000000e+01
20	32	24	28	1.77059000000000e-02	1.00000000000000e-02	1.25663706143592e+01	2.22500000000000e+01
21	33	25	29	1.87527000000000e-02	1.00000000000000e-02	1.25663706143592e+01	2.35700000000000e+01
22	34	26	30	1.85330000000000e-02	1.00000000000000e-02	1.25663706143592e+01	2.32900000000000e+01
23	35	27	31	1.83515000000000e-02	1.00000000000000e-02	1.25663706143592e+01	2.30600000000000e+01
24	36	28	32	1.82796000000000e-02	1.00000000000000e-02	1.25663706143592e+01	2.29700000000000e+01
25	37	29	33	1.76263000000000e-02	1.00000000000000e-02	1.25663706143592e+01	2.21500000000000e+01
26	38	30	34	1.80027000000000e-02	1.00000000000000e-02	1.25663706143592e+01	2.26200000000000e+01
27	39	31	35	1.88076000000000e-02	1.00000000000000e-02	1.25663706143592e+01	2.36300000000000e+01
28	40	32	36	1.81739000000000e-02	1.00000000000000e-02	1.25663706143592e+01	2.28400000000000e+01
29	41	33	37	1.81015000000000e-02	1.00000000000000e-02	1.25663706143592e+01	2.27500000000000e+01
30	42	34	38	1.77399000000000e-02	1.00000000000000e-02	1.25663706143592e+01	2.22900000000000e+01
31	43	35	39	1.64036000000000e-02	1.00000000000000e-02	1.25663706143592e+01	2.06100000000000e+01
32	44	36	40	1.69292000000000e-02	1.00000000000000e-02	1.25663706143592e+01	2.12700000000000e+01
33	45	37	41	1.79024000000000e-02	1.00000000000000e-02	1.25663706143592e+01	2.25000000000000e+01
34	46	38	42	1.76885000000000e-02	1.00000000000000e-02	1.25663706143592e+01	2.22300000000000e+01
35	47	39	43	1.86966000000000e-02	1.00000000000000e-02	1.25663706143592e+01	2.34900000000000e+01
36	48	40	44	1.84166000000000e-02	1.00000000000000e-02	1.25663706143592e+01	2.31400000000000e+01
37	49	41	45	1.72064000000000e-02	1.00000000000000e-02	1.25663706143592e+01	2.16200000000000e+01
38	50	42	46	1.85587000000000e-02	1.00000000000000e-02	1.25663706143592e+01	2.33200000000000e+01
39	51	43	47	1.86030000000000e-02	1.00000000000000e-02	1.25663706143592e+01	2.33800000000000e+01
40	52	44	48	1.82193000000000e-02	1.00000000000000e-02	1.25663706143592e+01	2.29000000000000e+01
41	53	45	49	1.98878000000000e-02	1.00000000000000e-02	1.25663706143592e+01	2.49900000000000e+01
42	54	46	50	1.82136000000000e-02	1.00000000000000e-02	1.25663706143592e+01	2.28900000000000e+01
43	55	47	51	1.81924000000000e-02	1.00000000000000e-02	1.25663706143592e+01	2.28600000000000e+01
44	56	48	52	1.93279000000000e-02	1.00000000000000e-02	1.25663706143592e+01	2.42900000000000e+01
45	57	49	53	1.67671000000000e-02	1.00000000000000e-02	1.25663706143592e+01	2.10700000000000e+01
46	58	50	54	1.83209000000000e-02	1.00000000000000e-02	1.25663706143592e+01	2.30200000000000e+01
47	59	51	55	1.85634000000000e-02	1.00000000000000e-02	1.25663706143592e+01	2.33300000000000e+01
48	60	52	56	1.76604000000000e-02	1.00000000000000e-02	1.25663706143592e+01	2.21900000000000e+01
49	61	53	57	1.98812000000000e-02	1.00000000000000e-02	1.25663706143592e+01	2.49800000000000e+01
50	62	54	58	2.01491000000000e-02	1.00000000000000e-02	1.25663706143592e+01	2.53200000000000e+01
51	63	55	59	2.02023000000000e-02	1.00000000000000e-02	1.25663706143592e+01	2.53900000000000e+01
52	64	56	60	1.92748000000000e-02	1.00000000000000e-02	1.25663706143592e+01	2.42200000000000e+01
53	65	57	61	1.89913000000000e-02	1.00000000000000e-02	1.25663706143592e+01	2.38700000000000e+01
54	66	58	62	1.80574000000000e-02	1.00000000000000e-02	1.25663706143592e+01	2.26900000000000e+01
55	67	59	63	2.11710000000000e-02	1.00000000000000e-02	1.25663706143592e+01	2.66000000000000e+01
56	68	60	64	2.13490000000000e-02	1.00000000000000e-02	1.25663706143592e+01	2.68300000000000e+01
57	69	61	65	2.01086000000000e-02	1.00000000000000e-02	1.25663706143592e+01	2.52700000000000e+01
58	70	62	66	2.02732000000000e-02	1.00000000000000e-02	1.25663706143592e+01	2.54800000000000e+01
59	71	63	67	2.08172000000000e-02	1.00000000000000e-02	1.25663706143592e+01	2.61600000000000e+01
60	72	64	68	2.03908000000000e-02	1.00000000000000e-02	1.25663706143592e+01	2.56200000000000e+01
61	73	65	69	2.16488000000000e-02	1.00000000000000e-02	1.25663706143592e+01	2.72000000000000e+01
62	74	66	70	2.15540000000000e-02	1.00000000000000e-02	1.25663706143592e+01	2.70900000000000e+01
63	75	67	71	2.19147000000000e-02	1.00000000000000e-02	1.25663706143592e+01	2.75400000000000e+01
64	76	68	72	2.14471000000000e-02	1.00000000000000e-02	1.25663706143592e+01	2.69500000000000e+01
65	77	69	73	2.09959000000000e-02	1.00000000000000e-02	1.25663706143592e+01	2.63800000000000e+01
66	78	70	74	2.22361000000000e-02	1.00000000000000e-02	1.25663706143592e+01	2.79400000000000e+01
67	79	71	75	2.22086000000000e-02	1.00000000000000e-02	1.25663706143592e+01	2.79100000000000e+01
68	80	72	76	2.18114000000000e-02	1.00000000000000e-02	1.25663706143592e+01	2.74100000000000e+01
69	81	73	77	2.36341000000000e-02	1.00000000000000e-02	1.25663706143592e+01	2.97000000000000e+01
70	82	74	78	2.11425000000000e-02	1.00000000000000e-02	1.25663706143592e+01	2.65700000000000e+01
1	16	6	11	1.94222000000000e-02	1.00000000000000e-02	1.57079632679490e+01	3.05100000000000e+01
2	17	7	12	1.99284000000000e-02	1.00000000000000e-02	1.57079632679490e+01	3.13000000000000e+01
3	18	8	13	1.91832000000000e-02	1.00000000000000e-02	1.57079632679490e+01	3.01300000000000e+01
4	19	9	14	1.90593000000000e-02	1.00000000000000e-02	1.57079632679490e+01	2.99400000000000e+01
5	20	10	15	1.88320000000000e-02	1.00000000000000e-02	1.57079632679490e+01	2.95800000000000e+01
6	21	11	16	1.86400000000000e-02	1.00000000000000e-02	1.57079632679490e+01	2.92800000000000e+01
7	22	12	17	1.81745000000000e-02	1.00000000000000e-02	1.57079632679490e+01	2.85500000000000e+01
8	23	13	18	1.85520000000000e-02	1.00000000000000e-02	1.57079632679490e+01	2.91400000000000e+01
9	24	14	19	1.78922000000000e-02	1.00000000000000e-02	1.57079632679490e+01	2.81000000000000e+01
10	25	15	20	1.79404000000000e-02	1.00000000000000e-02	1.57079632679490e+01	2.81800000000000e+01
11	26	16	21	1.82264000000000e-02	1.00000000000000e-02	1.57079632679490e+01	2.86300000000000e+01
12	27	17	22	1.86744000000000e-02	1.00000000000000e-02	1.57079632679490e+01	2.93300000000000e+01
13	28	18	23	1.87336000000000e-02	1.00000000000000e-02	1.57079632679490e+01	2.94300000000000e+01
14	29	19	24	1.87230000000000e-02	1.00000000000000e-02	1.57079632679490e+01	2.94100000000000e+01
15	30	20	25	1.79805000000000e-02	1.00000000000000e-02	1.57079632679490e+01	2.82400000000000e+01
16	31	21	26	1.74396000000000e-02	1.00000000000000e-02	1.57079632679490e+01	2.73900000000000e+01
17	32	22	27	1.69018000000000e-02	1.00000000000000e-02	1.57079632679490e+01	2.65500000000000e+01
18	33	23	28	1.66305000000000e-02	1.00000000000000e-02	1.57079632679490e+01	2.61200000000000e+01
19	34	24	29	1.64510000000000e-02	1.00000000000000e-02	1.57079632679490e+01	2.58400000000000e+01
20	35	25	30	1.62149000000000e-02	1.00000000000000e-02	1.57079632679490e+01	2.54700000000000e+01
21	36	26	31	1.65870000000000e-02	1.00000000000000e-02	1.57079632679490e+01	2.60500000000000e+01
22	37	27	32	1.68593000000000e-02	1.00000000000000e-02	1.57079632679490e+01	2.64800000000000e+01
23	38	28	33	1.66283000000000e-02	1.00000000000000e-02	1.57079632679490e+01	2.61200000000000e+01
24	39	29	34	1.67942000000000e-02	1.00000000000000e-02	1.57079632679490e+01	2.63800000000000e+01
25	40	30	35	1.71841000000000e-02	1.00000000000000e-02	1.57079632679490e+01	2.69900000000000e+01
26	41	31	36	1.65059000000000e-02	1.00000000000000e-02	1.57079632679490e+01	2.59300000000000e+01
27	42	32	37	1.61963000000000e-02	1.00000000000000e-02	1.57079632679490e+01	2.54400000000000e+01
28	43	33	38	1.64168000000000e-02	1.00000000000000e-02	1.57079632679490e+01	2.57900000000000e+01
29	44	34	39	1.57106000000000e-02	1.00000000000000e-02	1.57079632679490e+01	2.46800000000000e+01
30	45	35	40	1.53196000000000e-02	1.00000000000000e-02	1.57079632679490e+01	2.40600000000000e+01
31	46	36	41	1.57383000000000e-02	1.00000000000000e-02	1.57079632679490e+01	2.47200000000000e+01
32	47	37	42	1.57923000000000e-02	1.00000000000000e-02	1.57079632679490e+01	2.48100000000000e+01
33	48	38	43	1.57770000000000e-02	1.00000000000000e-02	1.57079632679490e+01	2.47800000000000e+01
34	49	39	44	1.62449000000000e-02	1.00000000000000e-02	1.57079632679490e+01	2.55200000000000e+01
35	50	40	45	1.59048000000000e-02	1.00000000000000e-02	1.57079632679490e+01	2.49800000000000e+01
36	51	41	46	1.64810000000000e-02	1.00000000000000e-02	1.57079632679490e+01	2.58900000000000e+01
37	52	42	47	1.61061000000000e-02	1.00000000000000e-02	1.57079632679490e+01	2.53000000000000e+01
38	53	43	48	1.63946000000000e-02	1.00000000000000e-02	1.57079632679490e+01	2.57500000000000e+01
39	54	44	49	1.65538000000000e-02	1.00000000000000e-02	1.57079632679490e+01	2.60000000000000e+01
40	55	45	50	1.64360000000000e-02	1.00000000000000e-02	1.57079632679490e+01	2.58200000000000e+01
41	56	46	51	1.59886000000000e-02	1.00000000000000e-02	1.57079632679490e+01	2.51100000000000e+01
42	57	47	52	1.64085000000000e-02	1.00000000000000e-02	1.57079632679490e+01	2.57700000000000e+01
43	58	48	53	1.53444000000000e-02	1.00000000000000e-02	1.57079632679490e+01	2.41000000000000e+01
44	59	49	54	1.53318000000000e-02	1.00000000000000e-02	1.57079632679490e+01	2.40800000000000e+01
45	60	50	55	1.57554000000000e-02	1.00000000000000e-02	1.57079632679490e+01	2.47500000000000e+01
46	61	51	56	1.61032000000000e-02	1.00000000000000e-02	1.57079632679490e+01	2.52900000000000e+01
47	62	52	57	1.62196000000000e-02	1.00000000000000e-02	1.57079632679490e+01	2.54800000000000e+01
48	63	53	58	1.71574000000000e-02	1.00000000000000e-02	1.57079632679490e+01	2.69500000000000e+01
49	64	54	59	1.70221000000000e-02	1.00000000000000e-02	1.57079632679490e+01	2.67400000000000e+01
50	65	55	60	1.67831000000000e-02	1.00000000000000e-02	1.57079632679490e+01	2.63600000000000e+01
51	66	56	61	1.73575000000000e-02	1.00000000000000e-02	1.57079632679490e+01	2.72700000000000e+01
52	67	57	62	1.74788000000000e-02	1.00000000000000e-02	1.57079632679490e+01	2.74600000000000e+01
53	68	58	63	1.77304000000000e-02	1.00000000000000e-02	1.57079632679490e+01	2.78500000000000e+01
54	69	59	64	1.83306000000000e-02	1.00000000000000e-02	1.57079632679490e+01	2.87900000000000e+01
55	70	60	65	1.75365000000000e-02	1.00000000000000e-02	1.57079632679490e+01	2.75500000000000e+01
56	71	61	66	1.78480000000000e-02	1.00000000000000e-02	1.57079632679490e+01	2.80400000000000e+01
57	72	62	67	1.83987000000000e-02	1.00000000000000e-02	1.57079632679490e+01	2.89000000000000e+01
58	73	63	68	1.88917000000000e-02	1.00000000000000e-02	1.57079632679490e+01	2.96800000000000e+01
59	74	64	69	1.74365000000000e-02	1.00000000000000e-02	1.57079632679490e+01	2.73900000000000e+01
60	75	65	70	1.84975000000000e-02	1.00000000000000e-02	1.57079632679490e+01	2.90600000000000e+01
61	76	66	71	1.88062000000000e-02	1.00000000000000e-02	1.57079632679490e+01	2.95400000000000e+01
62	77	67	72	1.90662000000000e-02	1.00000000000000e-02	1.57079632679490e+01	2.99500000000000e+01
63	78	68	73	1.90246000000000e-02	1.00000000000000e-02	1.57079632679490e+01	2.98800000000000e+01
64	79	69	74	2.02259000000000e-02	1.00000000000000e-02	1.57079632679490e+01	3.17700000000000e+01
65	80	70	75	1.94984000000000e-02	1.00000000000000e-02	1.57079632679490e+01	3.06300000000000e+01
66	81	71	76	1.92444000000000e-02	1.00000000000000e-02	1.57079632679490e+01	3.02300000000000e+01
67	82	72	77	1.95749000000000e-02	1.00000000000000e-02	1.57079632679490e+01	3.07500000000000e+01
1	19	7	13	1.79807000000000e-02	1.00000000000000e-02	1.88495559215388e+01	3.38900000000000e+01
2	20	8	14	1.81151000000000e-02	1.00000000000000e-02	1.88495559215388e+01	3.41500000000000e+01
3	21	9	15	1.73071000000000e-02	1.00000000000000e-02	1.88495559215388e+01	3.26200000000000e+01
4	22	10	16	1.73815000000000e-02	1.00000000000000e-02	1.88495559215388e+01	3.27600000000000e+01
5	23	11	17	1.69048000000000e-02	1.00000000000000e-02	1.88495559215388e+01	3.18600000000000e+01
6	24	12	18	1.66442000000000e-02	1.00000000000000e-02	1.88495559215388e+01	3.13700000000000e+01
7	25	13	19	1.67334000000000e-02	1.00000000000000e-02	1.88495559215388e+01	3.15400000000000e+01
8	26	14	20	1.65924000000000e-02	1.00000000000000e-02	1.88495559215388e+01	3.12800000000000e+01
9	27	15	21	1.73385000000000e-02	1.00000000000000e-02	1.88495559215388e+01	3.26800000000000e+01
10	28	16	22	1.74871000000000e-02	1.00000000000000e-02	1.88495559215388e+01	3.29600000000000e+01
11	29	17	23	1.74578000000000e-02	1.00000000000000e-02	1.88495559215388e+01	3.29100000000000e+01
12	30	18	24	1.72765000000000e-02	1.00000000000000e-02	1.88495559215388e+01	3.25700000000000e+01
13	31	19	25	1.67089000000000e-02	1.00000000000000e-02	1.88495559215388e+01	3.15000000000000e+01
14	32	20	26	1.68418000000000e-02	1.00000000000000e-02	1.88495559215388e+01	3.17500000000000e+01
15	33	21	27	1.62911000000000e-02	1.00000000000000e-02	1.88495559215388e+01	3.07100000000000e+01
16	34	22	28	1.58100000000000e-02	1.00000000000000e-02	1.88495559215388e+01	2.98000000000000e+01
17	35	23	29	1.51598000000000e-02	1.00000000000000e-02	1.88495559215388e+01	2.85800000000000e+01
18	36	24	30	1.52084000000000e-02	1.00000000000000e-02	1.88495559215388e+01	2.86700000000000e+01
19	37	25	31	1.57979000000000e-02	1.00000000000000e-02	1.88495559215388e+01	2.97800000000000e+01
20	38	26	32	1.54418000000000e-02	1.00000000000000e-02	1.88495559215388e+01	2.91100000000000e+01
21	39	27	33	1.53793000000000e-02	1.00000000000000e-02	1.88495559215388e+01	2.89900000000000e+01
22	40	28	34	1.59010000000000e-02	1.00000000000000e-02	1.88495559215388e+01	2.99700000000000e+01
23	41	29	35	1.61155000000000e-02	1.00000000000000e-02	1.88495559215388e+01	3.03800000000000e+01
24	42	30	36	1.57738000000000e-02	1.00000000000000e-02	1.88495559215388e+01	2.97300000000000e+01
25	43	31	37	1.48302000000000e-02	1.00000000000000e-02	1.88495559215388e+01	2.79500000000000e+01
26	44	32	38	1.49610000000000e-02	1.00000000000000e-02	1.88495559215388e+01	2.82000000000000e+01
27	45	33	39	1.52654000000000e-02	1.00000000000000e-02	1.88495559215388e+01	2.87700000000000e+01
28	46	34	40	1.48693000000000e-02	1.00000000000000e-02	1.88495559215388e+01	2.80300000000000e+01
29	47	35	41	1.43054000000000e-02	1.00000000000000e-02	1.88495559215388e+01	2.69700000000000e+01
30	48	36	42	1.44556000000000e-02	1.00000000000000e-02	1.88495559215388e+01	2.72500000000000e+01
31	49	37	43	1.49668000000000e-02	1.00000000000000e-02	1.88495559215388e+01	2.82100000000000e+01
32	50	38	44	1.53194000000000e-02	1.00000000000000e-02	1.88495559215388e+01	2.88800000000000e+01
33	51	39	45	1.47120000000000e-02	1.00000000000000e-02	1.88495559215388e+01	2.77300000000000e+01
34	52	40	46	1.46815000000000e-02	1.00000000000000e-02	1.88495559215388e+01	2.76700000000000e+01
35	53	41	47	1.53839000000000e-02	1.00000000000000e-02	1.88495559215388e+01	2.90000000000000e+01
36	54	42	48	1.54145000000000e-02	1.00000000000000e-02	1.88495559215388e+01	2.90600000000000e+01
37	55	43	49	1.52116000000000e-02	1.00000000000000e-02	1.88495559215388e+01	2.86700000000000e+01
38	56	44	50	1.48872000000000e-02	1.00000000000000e-02	1.88495559215388e+01	2.80600000000000e+01
39	57	45	51	1.48583000000000e-02	1.00000000000000e-02	1.88495559215388e+01	2.80100000000000e+01
40	58	46	52	1.51705000000000e-02	1.00000000000000e-02	1.88495559215388e+01	2.86000000000000e+01
41	59	47	53	1.43237000000000e-02	1.00000000000000e-02	1.88495559215388e+01	2.70000000000000e+01
42	60	48	54	1.41558000000000e-02	1.00000000000000e-02	1.88495559215388e+01	2.66800000000000e+01
43	61	49	55	1.42205000000000e-02	1.00000000000000e-02	1.88495559215388e+01	2.68100000000000e+01
44	62	50	56	1.50018000000000e-02	1.00000000000000e-02	1.88495559215388e+01	2.82800000000000e+01
45	63	51	57	1.50862000000000e-02	1.00000000000000e-02	1.88495559215388e+01	2.84400000000000e+01
46	64	52	58	1.40524000000000e-02	1.00000000000000e-02	1.88495559215388e+01	2.64900000000000e+01
47	65	53	59	1.54855000000000e-02	1.00000000000000e-02	1.88495559215388e+01	2.91900000000000e+01
48	66	54	60	1.53908000000000e-02	1.00000000000000e-02	1.88495559215388e+01	2.90100000000000e+01
49	67	55	61	1.61437000000000e-02	1.00000000000000e-02	1.88495559215388e+01	3.04300000000000e+01
50	68	56	62	1.54742000000000e-02	1.00000000000000e-02	1.88495559215388e+01	2.91700000000000e+01
51	69	57	63	1.60726000000000e-02	1.00000000000000e-02	1.88495559215388e+01	3.03000000000000e+01
52	70	58	64	1.67285000000000e-02	1.00000000000000e-02	1.88495559215388e+01	3.15300000000000e+01
53	71	59	65	1.58348000000000e-02	1.00000000000000e-02	1.88495559215388e+01	2.98500000000000e+01
54	72	60	66	1.65877000000000e-02	1.00000000000000e-02	1.88495559215388e+01	3.12700000000000e+01
55	73	61	67	1.64296000000000e-02	1.00000000000000e-02	1.88495559215388e+01	3.09700000000000e+01
56	74	62	68	1.68353000000000e-02	1.00000000000000e-02	1.88495559215388e+01	3.17300000000000e+01
57	75	63	69	1.65450000000000e-02	1.00000000000000e-02	1.88495559215388e+01	3.11900000000000e+01
58	76	64	70	1.64516000000000e-02	1.00000000000000e-02	1.88495559215388e+01	3.10100000000000e+01
59	77	65	71	1.70207000000000e-02	1.00000000000000e-02	1.88495559215388e+01	3.20800000000000e+01
60	78	66	72	1.71156000000000e-02	1.00000000000000e-02	1.88495559215388e+01	3.22600000000000e+01
61	79	67	73	1.80928000000000e-02	1.00000000000000e-02	1.88495559215388e+01	3.41000000000000e+01
62	80	68	74	1.75317000000000e-02	1.00000000000000e-02	1.88495559215388e+01	3.30500000000000e+01
63	81	69	75	1.86161000000000e-02	1.00000000000000e-02	1.88495559215388e+01	3.50900000000000e+01
64	82	70	76	1.74999000000000e-02	1.00000000000000e-02	1.88495559215388e+01	3.29900000000000e+01
1	22	8	15	1.64385000000000e-02	1.00000000000000e-02	2.19911485751286e+01	3.61500000000000e+01
2	23	9	16	1.59935000000000e-02	1.00000000000000e-02	2.19911485751286e+01	3.51700000000000e+01
3	24	10	17	1.58022000000000e-02	1.00000000000000e-02	2.19911485751286e+01	3.47500000000000e+01
4	25	11	18	1.58618000000000e-02	1.00000000000000e-02	2.19911485751286e+01	3.48800000000000e+01
5	26	12	19	1.55732000000000e-02	1.00000000000000e-02	2.19911485751286e+01	3.42500000000000e+01
6	27	13	20	1.58697000000000e-02	1.00000000000000e-02	2.19911485751286e+01	3.49000000000000e+01
7	28	14	21	1.59400000000000e-02	1.00000000000000e-02	2.19911485751286e+01	3.50500000000000e+01
8	29	15	22	1.64159000000000e-02	1.00000000000000e-02	2.19911485751286e+01	3.61000000000000e+01
9	30	16	23	1.62683000000000e-02	1.00000000000000e-02	2.19911485751286e+01	3.57800000000000e+01
10	31	17	24	1.62607000000000e-02	1.00000000000000e-02	2.19911485751286e+01	3.57600000000000e+01
11	32	18	25	1.58513000000000e-02	1.00000000000000e-02	2.19911485751286e+01	3.48600000000000e+01
12	33	19	26	1.60086000000000e-02	1.00000000000000e-02	2.19911485751286e+01	3.52000000000000e+01
13	34	20	27	1.55674000000000e-02	1.00000000000000e-02	2.19911485751286e+01	3.42300000000000e+01
14	35	21	28	1.50289000000000e-02	1.00000000000000e-02	2.19911485751286e+01	3.30500000000000e+01
15	36	22	29	1.47653000000000e-02	1.00000000000000e-02	2.19911485751286e+01	3.24700000000000e+01
16	37	23	30	1.48466000000000e-02	1.00000000000000e-02	2.19911485751286e+01	3.26500000000000e+01
17	38	24	31	1.45115000000000e-02	1.00000000000000e-02	2.19911485751286e+01	3.19100000000000e+01
18	39	25	32	1.45335000000000e-02	1.00000000000000e-02	2.19911485751286e+01	3.19600000000000e+01
19	40	26	33	1.43297000000000e-02	1.00000000000000e-02	2.19911485751286e+01	3.15100000000000e+01
20	41	27	34	1.47069000000000e-02	1.00000000000000e-02	2.19911485751286e+01	3.23400000000000e+01
21	42	28	35	1.53441000000000e-02	1.00000000000000e-02	2.19911485751286e+01	3.37400000000000e+01
22	43	29	36	1.48766000000000e-02	1.00000000000000e-02	2.19911485751286e+01	3.27200000000000e+01
23	44	30	37	1.45730000000000e-02	1.00000000000000e-02	2.19911485751286e+01	3.20500000000000e+01
24	45	31	38	1.46281000000000e-02	1.00000000000000e-02	2.19911485751286e+01	3.21700000000000e+01
25	46	32	39	1.41648000000000e-02	1.00000000000000e-02	2.19911485751286e+01	3.11500000000000e+01
26	47	33	40	1.44094000000000e-02	1.00000000000000e-02	2.19911485751286e+01	3.16900000000000e+01
27	48	34	41	1.39798000000000e-02	1.00000000000000e-02	2.19911485751286e+01	3.07400000000000e+01
28	49	35	42	1.34520000000000e-02	1.00000000000000e-02	2.19911485751286e+01	2.95800000000000e+01
29	50	36	43	1.39005000000000e-02	1.00000000000000e-02	2.19911485751286e+01	3.05700000000000e+01
30	51	37	44	1.43966000000000e-02	1.00000000000000e-02	2.19911485751286e+01	3.16600000000000e+01
31	52	38	45	1.36659000000000e-02	1.00000000000000e-02	2.19911485751286e+01	3.00500000000000e+01
32	53	39	46	1.41763000000000e-02	1.00000000000000e-02	2.19911485751286e+01	3.11800000000000e+01
33	54	40	47	1.40566000000000e-02	1.00000000000000e-02	2.19911485751286e+01	3.09100000000000e+01
34	55	41	48	1.42504000000000e-02	1.00000000000000e-02	2.19911485751286e+01	3.13400000000000e+01
35	56	42	49	1.44607000000000e-02	1.00000000000000e-02	2.19911485751286e+01	3.18000000000000e+01
36	57	43	50	1.35825000000000e-02	1.00000000000000e-02	2.19911485751286e+01	2.98700000000000e+01
37	58	44	51	1.41671000000000e-02	1.00000000000000e-02	2.19911485751286e+01	3.11600000000000e+01
38	59	45	52	1.45225000000000e-02	1.00000000000000e-02	2.19911485751286e+01	3.19400000000000e+01
39	60	46	53	1.35856000000000e-02	1.00000000000000e-02	2.19911485751286e+01	2.98800000000000e+01
40	61	47	54	1.35759000000000e-02	1.00000000000000e-02	2.19911485751286e+01	2.98500000000000e+01
41	62	48	55	1.38215000000000e-02	1.00000000000000e-02	2.19911485751286e+01	3.04000000000000e+01
42	63	49	56	1.32338000000000e-02	1.00000000000000e-02	2.19911485751286e+01	2.91000000000000e+01
43	64	50	57	1.37619000000000e-02	1.00000000000000e-02	2.19911485751286e+01	3.02600000000000e+01
44	65	51	58	1.38248000000000e-02	1.00000000000000e-02	2.19911485751286e+01	3.04000000000000e+01
45	66	52	59	1.38338000000000e-02	1.00000000000000e-02	2.19911485751286e+01	3.04200000000000e+01
46	67	53	60	1.41152000000000e-02	1.00000000000000e-02	2.19911485751286e+01	3.10400000000000e+01
47	68	54	61	1.45480000000000e-02	1.00000000000000e-02	2.19911485751286e+01	3.19900000000000e+01
48	69	55	62	1.47530000000000e-02	1.00000000000000e-02	2.19911485751286e+01	3.24400000000000e+01
49	70	56	63	1.51991000000000e-02	1.00000000000000e-02	2.19911485751286e+01	3.34200000000000e+01
50	71	57	64	1.52375000000000e-02	1.00000000000000e-02	2.19911485751286e+01	3.35100000000000e+01
51	72	58	65	1.53455000000000e-02	1.00000000000000e-02	2.19911485751286e+01	3.37500000000000e+01
52	73	59	66	1.52130000000000e-02	1.00000000000000e-02	2.19911485751286e+01	3.34600000000000e+01
53	74	60	67	1.49205000000000e-02	1.00000000000000e-02	2.19911485751286e+01	3.28100000000000e+01
54	75	61	68	1.51846000000000e-02	1.00000000000000e-02	2.19911485751286e+01	3.33900000000000e+01
55	76	62	69	1.55708000000000e-02	1.00000000000000e-02	2.19911485751286e+01	3.42400000000000e+01
56	77	63	70	1.53030000000000e-02	1.00000000000000e-02	2.19911485751286e+01	3.36500000000000e+01
57	78	64	71	1.51297000000000e-02	1.00000000000000e-02	2.19911485751286e+01	3.32700000000000e+01
58	79	65	72	1.57892000000000e-02	1.00000000000000e-02	2.19911485751286e+01	3.47200000000000e+01
59	80	66	73	1.67560000000000e-02	1.00000000000000e-02	2.19911485751286e+01	3.68500000000000e+01
60	81	67	74	1.67903000000000e-02	1.00000000000000e-02	2.19911485751286e+01	3.69200000000000e+01
61	82	68	75	1.62484000000000e-02	1.00000000000000e-02	2.19911485751286e+01	3.57300000000000e+01
1	25	9	17	1.49065000000000e-02	1.00000000000000e-02	2.51327412287183e+01	3.74600000000000e+01
2	26	10	18	1.48721000000000e-02	1.00000000000000e-02	2.51327412287183e+01	3.73800000000000e+01
3	27	11	19	1.49043000000000e-02	1.00000000000000e-02	2.51327412287183e+01	3.74600000000000e+01
4	28	12	20	1.48816000000000e-02	1.00000000000000e-02	2.51327412287183e+01	3.74000000000000e+01
5	29	13	21	1.51694000000000e-02	1.00000000000000e-02	2.51327412287183e+01	3.81200000000000e+01
6	30	14	22	1.50751000000000e-02	1.00000000000000e-02	2.51327412287183e+01	3.78900000000000e+01
7	31	15	23	1.52050000000000e-02	1.00000000000000e-02	2.51327412287183e+01	3.82100000000000e+01
8	32	16	24	1.51125000000000e-02	1.00000000000000e-02	2.51327412287183e+01	3.79800000000000e+01
9	33	17	25	1.53604000000000e-02	1.00000000000000e-02	2.51327412287183e+01	3.86000000000000e+01
10	34	18	26	1.50038000000000e-02	1.00000000000000e-02	2.51327412287183e+01	3.77100000000000e+01
11	35	19	27	1.48129000000000e-02	1.00000000000000e-02	2.51327412287183e+01	3.72300000000000e+01
12	36	20	28	1.46657000000000e-02	1.00000000000000e-02	2.51327412287183e+01	3.68600000000000e+01
13	37	21	29	1.43588000000000e-02	1.00000000000000e-02	2.51327412287183e+01	3.60900000000000e+01
14	38	22	30	1.42227000000000e-02	1.00000000000000e-02	2.51327412287183e+01	3.57500000000000e+01
15	39	23	31	1.38866000000000e-02	1.00000000000000e-02	2.51327412287183e+01	3.49000000000000e+01
16	40	24	32	1.38560000000000e-02	1.00000000000000e-02	2.51327412287183e+01	3.48200000000000e+01
17	41	25	33	1.37212000000000e-02	1.00000000000000e-02	2.51327412287183e+01	3.44900000000000e+01
18	42	26	34	1.37783000000000e-02	1.00000000000000e-02	2.51327412287183e+01	3.46300000000000e+01
19	43	27	35	1.41474000000000e-02	1.00000000000000e-02	2.51327412287183e+01	3.55600000000000e+01
20	44	28	36	1.40701000000000e-02	1.00000000000000e-02	2.51327412287183e+01	3.53600000000000e+01
21	45	29	37	1.36437000000000e-02	1.00000000000000e-02	2.51327412287183e+01	3.42900000000000e+01
22	46	30	38	1.39191000000000e-02	1.00000000000000e-02	2.51327412287183e+01	3.49800000000000e+01
23	47	31	39	1.37242000000000e-02	1.00000000000000e-02	2.51327412287183e+01	3.44900000000000e+01
24	48	32	40	1.36770000000000e-02	1.00000000000000e-02	2.51327412287183e+01	3.43700000000000e+01
25	49	33	41	1.37341000000000e-02	1.00000000000000e-02	2.51327412287183e+01	3.45200000000000e+01
26	50	34	42	1.33754000000000e-02	1.00000000000000e-02	2.51327412287183e+01	3.36200000000000e+01
27	51	35	43	1.30817000000000e-02	1.00000000000000e-02	2.51327412287183e+01	3.28800000000000e+01
28	52	36	44	1.29960000000000e-02	1.00000000000000e-02	2.51327412287183e+01	3.26600000000000e+01
29	53	37	45	1.31130000000000e-02	1.00000000000000e-02	2.51327412287183e+01	3.29600000000000e+01
30	54	38	46	1.33970000000000e-02	1.00000000000000e-02	2.51327412287183e+01	3.36700000000000e+01
31	55	39	47	1.35762000000000e-02	1.00000000000000e-02	2.51327412287183e+01	3.41200000000000e+01
32	56	40	48	1.33760000000000e-02	1.00000000000000e-02	2.51327412287183e+01	3.36200000000000e+01
33	57	41	49	1.32118000000000e-02	1.00000000000000e-02	2.51327412287183e+01	3.32000000000000e+01
34	58	42	50	1.32205000000000e-02	1.00000000000000e-02	2.51327412287183e+01	3.32300000000000e+01
35	59	43	51	1.35096000000000e-02	1.00000000000000e-02	2.51327412287183e+01	3.39500000000000e+01
36	60	44	52	1.37470000000000e-02	1.00000000000000e-02	2.51327412287183e+01	3.45500000000000e+01
37	61	45	53	1.33045000000000e-02	1.00000000000000e-02	2.51327412287183e+01	3.34400000000000e+01
38	62	46	54	1.30365000000000e-02	1.00000000000000e-02	2.51327412287183e+01	3.27600000000000e+01
39	63	47	55	1.27314000000000e-02	1.00000000000000e-02	2.51327412287183e+01	3.20000000000000e+01
40	64	48	56	1.26204000000000e-02	1.00000000000000e-02	2.51327412287183e+01	3.17200000000000e+01
41	65	49	57	1.29401000000000e-02	1.00000000000000e-02	2.51327412287183e+01	3.25200000000000e+01
42	66	50	58	1.39813000000000e-02	1.00000000000000e-02	2.51327412287183e+01	3.51400000000000e+01
43	67	51	59	1.31668000000000e-02	1.00000000000000e-02	2.51327412287183e+01	3.30900000000000e+01
44	68	52	60	1.25106000000000e-02	1.00000000000000e-02	2.51327412287183e+01	3.14400000000000e+01
45	69	53	61	1.33339000000000e-02	1.00000000000000e-02	2.51327412287183e+01	3.35100000000000e+01
46	70	54	62	1.34654000000000e-02	1.00000000000000e-02	2.51327412287183e+01	3.38400000000000e+01
47	71	55	63	1.42605000000000e-02	1.00000000000000e-02	2.51327412287183e+01	3.58400000000000e+01
48	72	56	64	1.45657000000000e-02	1.00000000000000e-02	2.51327412287183e+01	3.66100000000000e+01
49	73	57	65	1.40856000000000e-02	1.00000000000000e-02	2.51327412287183e+01	3.54000000000000e+01
50	74	58	66	1.39182000000000e-02	1.00000000000000e-02	2.51327412287183e+01	3.49800000000000e+01
51	75	59	67	1.40302000000000e-02	1.00000000000000e-02	2.51327412287183e+01	3.52600000000000e+01
52	76	60	68	1.49245000000000e-02	1.00000000000000e-02	2.51327412287183e+01	3.75100000000000e+01
53	77	61	69	1.42890000000000e-02	1.00000000000000e-02	2.51327412287183e+01	3.59100000000000e+01
54	78	62	70	1.47321000000000e-02	1.00000000000000e-02	2.51327412287183e+01	3.70300000000000e+01
55	79	63	71	1.43756000000000e-02	1.00000000000000e-02	2.51327412287183e+01	3.61300000000000e+01
56	80	64	72	1.39627000000000e-02	1.00000000000000e-02	2.51327412287183e+01	3.50900000000000e+01
57	81	65	73	1.51156000000000e-02	1.00000000000000e-02	2.51327412287183e+01	3.79900000000000e+01
58	82	66	74	1.63254000000000e-02	1.00000000000000e-02	2.51327412287183e+01	4.10300000000000e+01
1	28	10	19	1.40786000000000e-02	1.00000000000000e-02	2.82743338823081e+01	3.98100000000000e+01
2	29	11	20	1.40908000000000e-02	1.00000000000000e-02	2.82743338823081e+01	3.98400000000000e+01
3	30	12	21	1.42369000000000e-02	1.00000000000000e-02	2.82743338823081e+01	4.02500000000000e+01
4	31	13	22	1.45738000000000e-02	1.00000000000000e-02	2.82743338823081e+01	4.12100000000000e+01
5	32	14	23	1.44454000000000e-02	1.00000000000000e-02	2.82743338823081e+01	4.08400000000000e+01
6	33	15	24	1.43468000000000e-02	1.00000000000000e-02	2.82743338823081e+01	4.05600000000000e+01
7	34	16	25	1.40271000000000e-02	1.00000000000000e-02	2.82743338823081e+01	3.96600000000000e+01
8	35	17	26	1.40350000000000e-02	1.00000000000000e-02	2.82743338823081e+01	3.96800000000000e+01
9	36	18	27	1.40608000000000e-02	1.00000000000000e-02	2.82743338823081e+01	3.97600000000000e+01
10	37	19	28	1.43094000000000e-02	1.00000000000000e-02	2.82743338823081e+01	4.04600000000000e+01
11	38	20	29	1.40316000000000e-02	1.00000000000000e-02	2.82743338823081e+01	3.96700000000000e+01
12	39	21	30	1.37719000000000e-02	1.00000000000000e-02	2.82743338823081e+01	3.89400000000000e+01
13	40	22	31	1.32890000000000e-02	1.00000000000000e-02	2.82743338823081e+01	3.75700000000000e+01
14	41	23	32	1.32221000000000e-02	1.00000000000000e-02	2.82743338823081e+01	3.73800000000000e+01
15	42	24	33	1.29075000000000e-02	1.00000000000000e-02	2.82743338823081e+01	3.65000000000000e+01
16	43	25	34	1.32052000000000e-02	1.00000000000000e-02	2.82743338823081e+01	3.73400000000000e+01
17	44	26	35	1.33940000000000e-02	1.00000000000000e-02	2.82743338823081e+01	3.78700000000000e+01
18	45	27	36	1.34219000000000e-02	1.00000000000000e-02	2.82743338823081e+01	3.79500000000000e+01
19	46	28	37	1.31082000000000e-02	1.00000000000000e-02	2.82743338823081e+01	3.70600000000000e+01
20	47	29	38	1.30174000000000e-02	1.00000000000000e-02	2.82743338823081e+01	3.68100000000000e+01
21	48	30	39	1.30019000000000e-02	1.00000000000000e-02	2.82743338823081e+01	3.67600000000000e+01
22	49	31	40	1.29598000000000e-02	1.00000000000000e-02	2.82743338823081e+01	3.66400000000000e+01
23	50	32	41	1.32468000000000e-02	1.00000000000000e-02	2.82743338823081e+01	3.74500000000000e+01
24	51	33	42	1.32879000000000e-02	1.00000000000000e-02	2.82743338823081e+01	3.75700000000000e+01
25	52	34	43	1.27360000000000e-02	1.00000000000000e-02	2.82743338823081e+01	3.60100000000000e+01
26	53	35	44	1.25973000000000e-02	1.00000000000000e-02	2.82743338823081e+01	3.56200000000000e+01
27	54	36	45	1.25102000000000e-02	1.00000000000000e-02	2.82743338823081e+01	3.53700000000000e+01
28	55	37	46	1.29574000000000e-02	1.00000000000000e-02	2.82743338823081e+01	3.66400000000000e+01
29	56	38	47	1.28537000000000e-02	1.00000000000000e-02	2.82743338823081e+01	3.63400000000000e+01
30	57	39	48	1.29345000000000e-02	1.00000000000000e-02	2.82743338823081e+01	3.65700000000000e+01
31	58	40	49	1.30494000000000e-02	1.00000000000000e-02	2.82743338823081e+01	3.69000000000000e+01
32	59	41	50	1.27058000000000e-02	1.00000000000000e-02	2.82743338823081e+01	3.59200000000000e+01
33	60	42	51	1.27192000000000e-02	1.00000000000000e-02	2.82743338823081e+01	3.59600000000000e+01
34	61	43	52	1.29355000000000e-02	1.00000000000000e-02	2.82743338823081e+01	3.65700000000000e+01
35	62	44	53	1.25708000000000e-02	1.00000000000000e-02	2.82743338823081e+01	3.55400000000000e+01
36	63	45	54	1.28427000000000e-02	1.00000000000000e-02	2.82743338823081e+01	3.63100000000000e+01
37	64	46	55	1.22624000000000e-02	1.00000000000000e-02	2.82743338823081e+01	3.46700000000000e+01
38	65	47	56	1.22054000000000e-02	1.00000000000000e-02	2.82743338823081e+01	3.45100000000000e+01
39	66	48	57	1.24522000000000e-02	1.00000000000000e-02	2.82743338823081e+01	3.52100000000000e+01
40	67	49	58	1.22399000000000e-02	1.00000000000000e-02	2.82743338823081e+01	3.46100000000000e+01
41	68	50	59	1.24117000000000e-02	1.00000000000000e-02	2.82743338823081e+01	3.50900000000000e+01
42	69	51	60	1.22097000000000e-02	1.00000000000000e-02	2.82743338823081e+01	3.45200000000000e+01
43	70	52	61	1.21436000000000e-02	1.00000000000000e-02	2.82743338823081e+01	3.43400000000000e+01
44	71	53	62	1.27219000000000e-02	1.00000000000000e-02	2.82743338823081e+01	3.59700000000000e+01
45	72	54	63	1.32094000000000e-02	1.00000000000000e-02	2.82743338823081e+01	3.73500000000000e+01
46	73	55	64	1.33127000000000e-02	1.00000000000000e-02	2.82743338823081e+01	3.76400000000000e+01
47	74	56	65	1.29553000000000e-02	1.00000000000000e-02	2.82743338823081e+01	3.66300000000000e+01
48	75	57	66	1.30524000000000e-02	1.00000000000000e-02	2.82743338823081e+01	3.69000000000000e+01
49	76	58	67	1.31641000000000e-02	1.00000000000000e-02	2.82743338823081e+01	3.72200000000000e+01
50	77	59	68	1.34915000000000e-02	1.00000000000000e-02	2.82743338823081e+01	3.81500000000000e+01
51	78	60	69	1.36349000000000e-02	1.00000000000000e-02	2.82743338823081e+01	3.85500000000000e+01
52	79	61	70	1.40333000000000e-02	1.00000000000000e-02	2.82743338823081e+01	3.96800000000000e+01
53	80	62	71	1.38562000000000e-02	1.00000000000000e-02	2.82743338823081e+01	3.91800000000000e+01
54	81	63	72	1.43459000000000e-02	1.00000000000000e-02	2.82743338823081e+01	4.05600000000000e+01
55	82	64	73	1.33334000000000e-02	1.00000000000000e-02	2.82743338823081e+01	3.77000000000000e+01
1	31	11	21	1.35914000000000e-02	1.00000000000000e-02	3.14159265358979e+01	4.27000000000000e+01
2	32	12	22	1.36642000000000e-02	1.00000000000000e-02	3.14159265358979e+01	4.29300000000000e+01
3	33	13	23	1.39069000000000e-02	1.00000000000000e-02	3.14159265358979e+01	4.36900000000000e+01
4	34	14	24	1.36222000000000e-02	1.00000000000000e-02	3.14159265358979e+01	4.28000000000000e+01
5	35	15	25	1.32934000000000e-02	1.00000000000000e-02	3.14159265358979e+01	4.17600000000000e+01
6	36	16	26	1.32210000000000e-02	1.00000000000000e-02	3.14159265358979e+01	4.15400000000000e+01
7	37	17	27	1.33940000000000e-02	1.00000000000000e-02	3.14159265358979e+01	4.20800000000000e+01
8	38	18	28	1.32119000000000e-02	1.00000000000000e-02	3.14159265358979e+01	4.15100000000000e+01
9	39	19	29	1.35042000000000e-02	1.00000000000000e-02	3.14159265358979e+01	4.24200000000000e+01
10	40	20	30	1.33392000000000e-02	1.00000000000000e-02	3.14159265358979e+01	4.19100000000000e+01
11	41	21	31	1.29988000000000e-02	1.00000000000000e-02	3.14159265358979e+01	4.08400000000000e+01
12	42	22	32	1.27785000000000e-02	1.00000000000000e-02	3.14159265358979e+01	4.01400000000000e+01
13	43	23	33	1.24922000000000e-02	1.00000000000000e-02	3.14159265358979e+01	3.92500000000000e+01
14	44	24	34	1.25587000000000e-02	1.00000000000000e-02	3.14159265358979e+01	3.94500000000000e+01
15	45	25	35	1.29439000000000e-02	1.00000000000000e-02	3.14159265358979e+01	4.06600000000000e+01
16	46	26	36	1.26296000000000e-02	1.00000000000000e-02	3.14159265358979e+01	3.96800000000000e+01
17	47	27	37	1.23622000000000e-02	1.00000000000000e-02	3.14159265358979e+01	3.88400000000000e+01
18	48	28	38	1.24007000000000e-02	1.00000000000000e-02	3.14159265358979e+01	3.89600000000000e+01
19	49	29	39	1.21758000000000e-02	1.00000000000000e-02	3.14159265358979e+01	3.82500000000000e+01
20	50	30	40	1.24513000000000e-02	1.00000000000000e-02	3.14159265358979e+01	3.91200000000000e+01
21	51	31	41	1.26730000000000e-02	1.00000000000000e-02	3.14159265358979e+01	3.98100000000000e+01
22	52	32	42	1.23979000000000e-02	1.00000000000000e-02	3.14159265358979e+01	3.89500000000000e+01
23	53	33	43	1.27751000000000e-02	1.00000000000000e-02	3.14159265358979e+01	4.01300000000000e+01
24	54	34	44	1.24971000000000e-02	1.00000000000000e-02	3.14159265358979e+01	3.92600000000000e+01
25	55	35	45	1.18970000000000e-02	1.00000000000000e-02	3.14159265358979e+01	3.73800000000000e+01
26	56	36	46	1.21561000000000e-02	1.00000000000000e-02	3.14159265358979e+01	3.81900000000000e+01
27	57	37	47	1.23084000000000e-02	1.00000000000000e-02	3.14159265358979e+01	3.86700000000000e+01
28	58	38	48	1.23993000000000e-02	1.00000000000000e-02	3.14159265358979e+01	3.89500000000000e+01
29	59	39	49	1.23560000000000e-02	1.00000000000000e-02	3.14159265358979e+01	3.88200000000000e+01
30	60	40	50	1.22309000000000e-02	1.00000000000000e-02	3.14159265358979e+01	3.84200000000000e+01
31	61	41	51	1.21006000000000e-02	1.00000000000000e-02	3.14159265358979e+01	3.80200000000000e+01
32	62	42	52	1.24166000000000e-02	1.00000000000000e-02	3.14159265358979e+01	3.90100000000000e+01
33	63	43	53	1.18167000000000e-02	1.00000000000000e-02	3.14159265358979e+01	3.71200000000000e+01
34	64	44	54	1.16457000000000e-02	1.00000000000000e-02	3.14159265358979e+01	3.65900000000000e+01
35	65	45	55	1.21251000000000e-02	1.00000000000000e-02	3.14159265358979e+01	3.80900000000000e+01
36	66	46	56	1.19160000000000e-02	1.00000000000000e-02	3.14159265358979e+01	3.74400000000000e+01
37	67	47	57	1.19491000000000e-02	1.00000000000000e-02	3.14159265358979e+01	3.75400000000000e+01
38	68	48	58	1.14966000000000e-02	1.00000000000000e-02	3.14159265358979e+01	3.61200000000000e+01
39	69	49	59	1.15681000000000e-02	1.00000000000000e-02	3.14159265358979e+01	3.63400000000000e+01
40	70	50	60	1.19054000000000e-02	1.00000000000000e-02	3.14159265358979e+01	3.74000000000000e+01
41	71	51	61	1.20696000000000e-02	1.00000000000000e-02	3.14159265358979e+01	3.79200000000000e+01
42	72	52	62	1.17481000000000e-02	1.00000000000000e-02	3.14159265358979e+01	3.69100000000000e+01
43	73	53	63	1.26963000000000e-02	1.00000000000000e-02	3.14159265358979e+01	3.98900000000000e+01
44	74	54	64	1.26334000000000e-02	1.00000000000000e-02	3.14159265358979e+01	3.96900000000000e+01
45	75	55	65	1.18839000000000e-02	1.00000000000000e-02	3.14159265358979e+01	3.73300000000000e+01
46	76	56	66	1.26411000000000e-02	1.00000000000000e-02	3.14159265358979e+01	3.97100000000000e+01
47	77	57	67	1.24430000000000e-02	1.00000000000000e-02	3.14159265358979e+01	3.90900000000000e+01
48	78	58	68	1.30069000000000e-02	1.00000000000000e-02	3.14159265358979e+01	4.08600000000000e+01
49	79	59	69	1.30342000000000e-02	1.00000000000000e-02	3.14159265358979e+01	4.09500000000000e+01
50	80	60	70	1.34449000000000e-02	1.00000000000000e-02	3.14159265358979e+01	4.22400000000000e+01
51	81	61	71	1.35233000000000e-02	1.00000000000000e-02	3.14159265358979e+01	4.24800000000000e+01
52	82	62	72	1.34061000000000e-02	1.00000000000000e-02	3.14159265358979e+01	4.21200000000000e+01
1	34	12	23	1.31790000000000e-02	1.00000000000000e-02	3.45575191894877e+01	4.55400000000000e+01
2	35	13	24	1.30379000000000e-02	1.00000000000000e-02	3.45575191894877e+01	4.50600000000000e+01
3	36	14	25	1.26476000000000e-02	1.00000000000000e-02	3.45575191894877e+01	4.37100000000000e+01
4	37	15	26	1.29246000000000e-02	1.00000000000000e-02	3.45575191894877e+01	4.46600000000000e+01
5	38	16	27	1.27144000000000e-02	1.00000000000000e-02	3.45575191894877e+01	4.39400000000000e+01
6	39	17	28	1.27912000000000e-02	1.00000000000000e-02	3.45575191894877e+01	4.42000000000000e+01
7	40	18	29	1.25657000000000e-02	1.00000000000000e-02	3.45575191894877e+01	4.34200000000000e+01
8	41	19	30	1.27250000000000e-02	1.00000000000000e-02	3.45575191894877e+01	4.39700000000000e+01
9	42	20	31	1.27593000000000e-02	1.00000000000000e-02	3.45575191894877e+01	4.40900000000000e+01
10	43	21	32	1.22941000000000e-02	1.00000000000000e-02	3.45575191894877e+01	4.24900000000000e+01
11	44	22	33	1.22313000000000e-02	1.00000000000000e-02	3.45575191894877e+01	4.22700000000000e+01
12	45	23	34	1.22893000000000e-02	1.00000000000000e-02	3.45575191894877e+01	4.24700000000000e+01
13	46	24	35	1.22252000000000e-02	1.00000000000000e-02	3.45575191894877e+01	4.22500000000000e+01
14	47	25	36	1.19958000000000e-02	1.00000000000000e-02	3.45575191894877e+01	4.14500000000000e+01
15	48	26	37	1.19254000000000e-02	1.00000000000000e-02	3.45575191894877e+01	4.12100000000000e+01
16	49	27	38	1.19103000000000e-02	1.00000000000000e-02	3.45575191894877e+01	4.11600000000000e+01
17	50	28	39	1.17448000000000e-02	1.00000000000000e-02	3.45575191894877e+01	4.05900000000000e+01
18	51	29	40	1.18639000000000e-02	1.00000000000000e-02	3.45575191894877e+01	4.10000000000000e+01
19	52	30	41	1.16245000000000e-02	1.00000000000000e-02	3.45575191894877e+01	4.01700000000000e+01
20	53	31	42	1.17761000000000e-02	1.00000000000000e-02	3.45575191894877e+01	4.07000000000000e+01
21	54	32	43	1.20470000000000e-02	1.00000000000000e-02	3.45575191894877e+01	4.16300000000000e+01
22	55	33	44	1.22104000000000e-02	1.00000000000000e-02	3.45575191894877e+01	4.22000000000000e+01
23	56	34	45	1.20705000000000e-02	1.00000000000000e-02	3.45575191894877e+01	4.17100000000000e+01
24	57	35	46	1.16307000000000e-02	1.00000000000000e-02	3.45575191894877e+01	4.01900000000000e+01
25	58	36	47	1.17789000000000e-02	1.00000000000000e-02	3.45575191894877e+01	4.07100000000000e+01
26	59	37	48	1.20456000000000e-02	1.00000000000000e-02	3.45575191894877e+01	4.16300000000000e+01
27	60	38	49	1.21495000000000e-02	1.00000000000000e-02	3.45575191894877e+01	4.19900000000000e+01
28	61	39	50	1.17689000000000e-02	1.00000000000000e-02	3.45575191894877e+01	4.06700000000000e+01
29	62	40	51	1.18232000000000e-02	1.00000000000000e-02	3.45575191894877e+01	4.08600000000000e+01
30	63	41	52	1.19604000000000e-02	1.00000000000000e-02	3.45575191894877e+01	4.13300000000000e+01
31	64	42	53	1.13993000000000e-02	1.00000000000000e-02	3.45575191894877e+01	3.93900000000000e+01
32	65	43	54	1.13391000000000e-02	1.00000000000000e-02	3.45575191894877e+01	3.91900000000000e+01
33	66	44	55	1.12674000000000e-02	1.00000000000000e-02	3.45575191894877e+01	3.89400000000000e+01
34	67	45	56	1.15822000000000e-02	1.00000000000000e-02	3.45575191894877e+01	4.00300000000000e+01
35	68	46	57	1.14083000000000e-02	1.00000000000000e-02	3.45575191894877e+01	3.94200000000000e+01
36	69	47	58	1.12351000000000e-02	1.00000000000000e-02	3.45575191894877e+01	3.88300000000000e+01
37	70	48	59	1.11940000000000e-02	1.00000000000000e-02	3.45575191894877e+01	3.86800000000000e+01
38	71	49	60	1.13261000000000e-02	1.00000000000000e-02	3.45575191894877e+01	3.91400000000000e+01
39	72	50	61	1.15434000000000e-02	1.00000000000000e-02	3.45575191894877e+01	3.98900000000000e+01
40	73	51	62	1.13468000000000e-02	1.00000000000000e-02	3.45575191894877e+01	3.92100000000000e+01
41	74	52	63	1.14587000000000e-02	1.00000000000000e-02	3.45575191894877e+01	3.96000000000000e+01
42	75	53	64	1.18193000000000e-02	1.00000000000000e-02	3.45575191894877e+01	4.08400000000000e+01
43	76	54	65	1.17618000000000e-02	1.00000000000000e-02	3.45575191894877e+01	4.06500000000000e+01
44	77	55	66	1.19256000000000e-02	1.00000000000000e-02	3.45575191894877e+01	4.12100000000000e+01
45	78	56	67	1.18923000000000e-02	1.00000000000000e-02	3.45575191894877e+01	4.11000000000000e+01
46	79	57	68	1.20895000000000e-02	1.00000000000000e-02	3.45575191894877e+01	4.17800000000000e+01
47	80	58	69	1.23051000000000e-02	1.00000000000000e-02	3.45575191894877e+01	4.25200000000000e+01
48	81	59	70	1.26910000000000e-02	1.00000000000000e-02	3.45575191894877e+01	4.38600000000000e+01
49	82	60	71	1.26931000000000e-02	1.00000000000000e-02	3.45575191894877e+01	4.38600000000000e+01
1	37	13	25	1.21170000000000e-02	1.00000000000000e-02	3.76991118430775e+01	4.56800000000000e+01
2	38	14	26	1.21004000000000e-02	1.00000000000000e-02	3.76991118430775e+01	4.56200000000000e+01
3	39	15	27	1.20647000000000e-02	1.00000000000000e-02	3.76991118430775e+01	4.54800000000000e+01
4	40	16	28	1.19661000000000e-02	1.00000000000000e-02	3.76991118430775e+01	4.51100000000000e+01
5	41	17	29	1.18858000000000e-02	1.00000000000000e-02	3.76991118430775e+01	4.48100000000000e+01
6	42	18	30	1.18846000000000e-02	1.00000000000000e-02	3.76991118430775e+01	4.48000000000000e+01
7	43	19	31	1.19504000000000e-02	1.00000000000000e-02	3.76991118430775e+01	4.50500000000000e+01
8	44	20	32	1.19931000000000e-02	1.00000000000000e-02	3.76991118430775e+01	4.52100000000000e+01
9	45	21	33	1.17305000000000e-02	1.00000000000000e-02	3.76991118430775e+01	4.42200000000000e+01
10	46	22	34	1.19774000000000e-02	1.00000000000000e-02	3.76991118430775e+01	4.51500000000000e+01
11	47	23	35	1.17114000000000e-02	1.00000000000000e-02	3.76991118430775e+01	4.41500000000000e+01
12	48	24	36	1.13898000000000e-02	1.00000000000000e-02	3.76991118430775e+01	4.29400000000000e+01
13	49	25	37	1.13918000000000e-02	1.00000000000000e-02	3.76991118430775e+01	4.29500000000000e+01
14	50	26	38	1.14522000000000e-02	1.00000000000000e-02	3.76991118430775e+01	4.31700000000000e+01
15	51	27	39	1.12349000000000e-02	1.00000000000000e-02	3.76991118430775e+01	4.23500000000000e+01
16	52	28	40	1.11376000000000e-02	1.00000000000000e-02	3.76991118430775e+01	4.19900000000000e+01
17	53	29	41	1.12601000000000e-02	1.00000000000000e-02	3.76991118430775e+01	4.24500000000000e+01
18	54	30	42	1.14222000000000e-02	1.00000000000000e-02	3.76991118430775e+01	4.30600000000000e+01
19	55	31	43	1.13405000000000e-02	1.00000000000000e-02	3.76991118430775e+01	4.27500000000000e+01
20	56	32	44	1.13786000000000e-02	1.00000000000000e-02	3.76991118430775e+01	4.29000000000000e+01
21	57	33	45	1.14275000000000e-02	1.00000000000000e-02	3.76991118430775e+01	4.30800000000000e+01
22	58	34	46	1.14207000000000e-02	1.00000000000000e-02	3.76991118430775e+01	4.30600000000000e+01
23	59	35	47	1.12592000000000e-02	1.00000000000000e-02	3.76991118430775e+01	4.24500000000000e+01
24	60	36	48	1.15196000000000e-02	1.00000000000000e-02	3.76991118430775e+01	4.34300000000000e+01
25	61	37	49	1.15776000000000e-02	1.00000000000000e-02	3.76991118430775e+01	4.36500000000000e+01
26	62	38	50	1.13706000000000e-02	1.00000000000000e-02	3.76991118430775e+01	4.28700000000000e+01
27	63	39	51	1.13493000000000e-02	1.00000000000000e-02	3.76991118430775e+01	4.27900000000000e+01
28	64	40	52	1.12015000000000e-02	1.00000000000000e-02	3.76991118430775e+01	4.22300000000000e+01
29	65	41	53	1.10509000000000e-02	1.00000000000000e-02	3.76991118430775e+01	4.16600000000000e+01
30	66	42	54	1.09369000000000e-02	1.00000000000000e-02	3.76991118430775e+01	4.12300000000000e+01
31	67	43	55	1.10608000000000e-02	1.00000000000000e-02	3.76991118430775e+01	4.17000000000000e+01
32	68	44	56	1.07633000000000e-02	1.00000000000000e-02	3.76991118430775e+01	4.05800000000000e+01
33	69	45	57	1.10740000000000e-02	1.00000000000000e-02	3.76991118430775e+01	4.17500000000000e+01
34	70	46	58	1.07784000000000e-02	1.00000000000000e-02	3.76991118430775e+01	4.06300000000000e+01
35	71	47	59	1.09742000000000e-02	1.00000000000000e-02	3.76991118430775e+01	4.13700000000000e+01
36	72	48	60	1.07757000000000e-02	1.00000000000000e-02	3.76991118430775e+01	4.06200000000000e+01
37	73	49	61	1.08500000000000e-02	1.00000000000000e-02	3.76991118430775e+01	4.09000000000000e+01
38	74	50	62	1.08002000000000e-02	1.00000000000000e-02	3.76991118430775e+01	4.07200000000000e+01
39	75	51	63	1.10400000000000e-02	1.00000000000000e-02	3.76991118430775e+01	4.16200000000000e+01
40	76	52	64	1.10234000000000e-02	1.00000000000000e-02	3.76991118430775e+01	4.15600000000000e+01
41	77	53	65	1.10416000000000e-02	1.00000000000000e-02	3.76991118430775e+01	4.16300000000000e+01
42	78	54	66	1.13077000000000e-02	1.00000000000000e-02	3.76991118430775e+01	4.26300000000000e+01
43	79	55	67	1.14656000000000e-02	1.00000000000000e-02	3.76991118430775e+01	4.32200000000000e+01
44	80	56	68	1.16933000000000e-02	1.00000000000000e-02	3.76991118430775e+01	4.40800000000000e+01
45	81	57	69	1.15926000000000e-02	1.00000000000000e-02	3.76991118430775e+01	4.37000000000000e+01
46	82	58	70	1.19767000000000e-02	1.00000000000000e-02	3.76991118430775e+01	4.51500000000000e+01
1	40	14	27	1.12746000000000e-02	1.00000000000000e-02	4.08407044966673e+01	4.60500000000000e+01
2	41	15	28	1.14598000000000e-02	1.00000000000000e-02	4.08407044966673e+01	4.68000000000000e+01
3	42	16	29	1.12852000000000e-02	1.00000000000000e-02	4.08407044966673e+01	4.60900000000000e+01
4	43	17	30	1.14222000000000e-02	1.00000000000000e-02	4.08407044966673e+01	4.66500000000000e+01
5	44	18	31	1.14988000000000e-02	1.00000000000000e-02	4.08407044966673e+01	4.69600000000000e+01
6	45	19	32	1.14134000000000e-02	1.00000000000000e-02	4.08407044966673e+01	4.66100000000000e+01
7	46	20	33	1.12155000000000e-02	1.00000000000000e-02	4.08407044966673e+01	4.58100000000000e+01
8	47	21	34	1.13859000000000e-02	1.00000000000000e-02	4.08407044966673e+01	4.65000000000000e+01
9	48	22	35	1.14572000000000e-02	1.00000000000000e-02	4.08407044966673e+01	4.67900000000000e+01
10	49	23	36	1.09451000000000e-02	1.00000000000000e-02	4.08407044966673e+01	4.47000000000000e+01
11	50	24	37	1.09998000000000e-02	1.00000000000000e-02	4.08407044966673e+01	4.49200000000000e+01
12	51	25	38	1.10441000000000e-02	1.00000000000000e-02	4.08407044966673e+01	4.51000000000000e+01
13	52	26	39	1.06357000000000e-02	1.00000000000000e-02	4.08407044966673e+01	4.34400000000000e+01
14	53	27	40	1.09434000000000e-02	1.00000000000000e-02	4.08407044966673e+01	4.46900000000000e+01
15	54	28	41	1.10674000000000e-02	1.00000000000000e-02	4.08407044966673e+01	4.52000000000000e+01
16	55	29	42	1.09875000000000e-02	1.00000000000000e-02	4.08407044966673e+01	4.48700000000000e+01
17	56	30	43	1.08636000000000e-02	1.00000000000000e-02	4.08407044966673e+01	4.43700000000000e+01
18	57	31	44	1.09163000000000e-02	1.00000000000000e-02	4.08407044966673e+01	4.45800000000000e+01
19	58	32	45	1.07186000000000e-02	1.00000000000000e-02	4.08407044966673e+01	4.37800000000000e+01
20	59	33	46	1.08528000000000e-02	1.00000000000000e-02	4.08407044966673e+01	4.43200000000000e+01
21	60	34	47	1.10238000000000e-02	1.00000000000000e-02	4.08407044966673e+01	4.50200000000000e+01
22	61	35	48	1.08516000000000e-02	1.00000000000000e-02	4.08407044966673e+01	4.43200000000000e+01
23	62	36	49	1.10470000000000e-02	1.00000000000000e-02	4.08407044966673e+01	4.51200000000000e+01
24	63	37	50	1.07338000000000e-02	1.00000000000000e-02	4.08407044966673e+01	4.38400000000000e+01
25	64	38	51	1.08213000000000e-02	1.00000000000000e-02	4.08407044966673e+01	4.42000000000000e+01
26	65	39	52	1.09331000000000e-02	1.00000000000000e-02	4.08407044966673e+01	4.46500000000000e+01
27	66	40	53	1.06258000000000e-02	1.00000000000000e-02	4.08407044966673e+01	4.34000000000000e+01
28	67	41	54	1.07975000000000e-02	1.00000000000000e-02	4.08407044966673e+01	4.41000000000000e+01
29	68	42	55	1.04309000000000e-02	1.00000000000000e-02	4.08407044966673e+01	4.26000000000000e+01
30	69	43	56	1.03026000000000e-02	1.00000000000000e-02	4.08407044966673e+01	4.20800000000000e+01
31	70	44	57	1.05176000000000e-02	1.00000000000000e-02	4.08407044966673e+01	4.29500000000000e+01
32	71	45	58	1.04646000000000e-02	1.00000000000000e-02	4.08407044966673e+01	4.27400000000000e+01
33	72	46	59	1.03451000000000e-02	1.00000000000000e-02	4.08407044966673e+01	4.22500000000000e+01
34	73	47	60	1.03518000000000e-02	1.00000000000000e-02	4.08407044966673e+01	4.22800000000000e+01
35	74	48	61	1.04519000000000e-02	1.00000000000000e-02	4.08407044966673e+01	4.26900000000000e+01
36	75	49	62	1.03153000000000e-02	1.00000000000000e-02	4.08407044966673e+01	4.21300000000000e+01
37	76	50	63	1.08268000000000e-02	1.00000000000000e-02	4.08407044966673e+01	4.42200000000000e+01
38	77	51	64	1.07335000000000e-02	1.00000000000000e-02	4.08407044966673e+01	4.38400000000000e+01
39	78	52	65	1.03114000000000e-02	1.00000000000000e-02	4.08407044966673e+01	4.21100000000000e+01
40	79	53	66	1.07330000000000e-02	1.00000000000000e-02	4.08407044966673e+01	4.38300000000000e+01
41	80	54	67	1.08953000000000e-02	1.00000000000000e-02	4.08407044966673e+01	4.45000000000000e+01
42	81	55	68	1.12725000000000e-02	1.00000000000000e-02	4.08407044966673e+01	4.60400000000000e+01
43	82	56	69	1.12843000000000e-02	1.00000000000000e-02	4.08407044966673e+01	4.60900000000000e+01
1	43	15	29	1.06773000000000e-02	1.00000000000000e-02	4.39822971502571e+01	4.69600000000000e+01
2	44	16	30	1.09633000000000e-02	1.00000000000000e-02	4.39822971502571e+01	4.82200000000000e+01
3	45	17	31	1.08406000000000e-02	1.00000000000000e-02	4.39822971502571e+01	4.76800000000000e+01
4	46	18	32	1.06587000000000e-02	1.00000000000000e-02	4.39822971502571e+01	4.68800000000000e+01
5	47	19	33	1.08839000000000e-02	1.00000000000000e-02	4.39822971502571e+01	4.78700000000000e+01
6	48	20	34	1.07883000000000e-02	1.00000000000000e-02	4.39822971502571e+01	4.74500000000000e+01
7	49	21	35	1.07682000000000e-02	1.00000000000000e-02	4.39822971502571e+01	4.73600000000000e+01
8	50	22	36	1.07419000000000e-02	1.00000000000000e-02	4.39822971502571e+01	4.72500000000000e+01
9	51	23	37	1.03309000000000e-02	1.00000000000000e-02	4.39822971502571e+01	4.54400000000000e+01
10	52	24	38	1.03896000000000e-02	1.00000000000000e-02	4.39822971502571e+01	4.57000000000000e+01
11	53	25	39	1.04112000000000e-02	1.00000000000000e-02	4.39822971502571e+01	4.57900000000000e+01
12	54	26	40	1.05432000000000e-02	1.00000000000000e-02	4.39822971502571e+01	4.63700000000000e+01
13	55	27	41	1.04837000000000e-02	1.00000000000000e-02	4.39822971502571e+01	4.61100000000000e+01
14	56	28	42	1.04932000000000e-02	1.00000000000000e-02	4.39822971502571e+01	4.61500000000000e+01
15	57	29	43	1.04596000000000e-02	1.00000000000000e-02	4.39822971502571e+01	4.60000000000000e+01
16	58	30	44	1.05044000000000e-02	1.00000000000000e-02	4.39822971502571e+01	4.62000000000000e+01
17	59	31	45	1.03175000000000e-02	1.00000000000000e-02	4.39822971502571e+01	4.53800000000000e+01
18	60	32	46	1.04964000000000e-02	1.00000000000000e-02	4.39822971502571e+01	4.61700000000000e+01
19	61	33	47	1.04564000000000e-02	1.00000000000000e-02	4.39822971502571e+01	4.59900000000000e+01
20	62	34	48	1.04948000000000e-02	1.00000000000000e-02	4.39822971502571e+01	4.61600000000000e+01
21	63	35	49	1.04419000000000e-02	1.00000000000000e-02	4.39822971502571e+01	4.59300000000000e+01
22	64	36	50	1.03006000000000e-02	1.00000000000000e-02	4.39822971502571e+01	4.53000000000000e+01
23	65	37	51	1.05254000000000e-02	1.00000000000000e-02	4.39822971502571e+01	4.62900000000000e+01
24	66	38	52	1.04846000000000e-02	1.00000000000000e-02	4.39822971502571e+01	4.61100000000000e+01
25	67	39	53	1.04744000000000e-02	1.00000000000000e-02	4.39822971502571e+01	4.60700000000000e+01
26	68	40	54	1.01726000000000e-02	1.00000000000000e-02	4.39822971502571e+01	4.47400000000000e+01
27	69	41	55	1.00763000000000e-02	1.00000000000000e-02	4.39822971502571e+01	4.43200000000000e+01
28	70	42	56	9.92430000000000e-03	1.00000000000000e-02	4.39822971502571e+01	4.36500000000000e+01
29	71	43	57	9.94760000000000e-03	1.00000000000000e-02	4.39822971502571e+01	4.37500000000000e+01
30	72	44	58	9.88170000000000e-03	1.00000000000000e-02	4.39822971502571e+01	4.34600000000000e+01
31	73	45	59	1.02737000000000e-02	1.00000000000000e-02	4.39822971502571e+01	4.51900000000000e+01
32	74	46	60	9.87330000000000e-03	1.00000000000000e-02	4.39822971502571e+01	4.34200000000000e+01
33	75	47	61	9.96350000000000e-03	1.00000000000000e-02	4.39822971502571e+01	4.38200000000000e+01
34	76	48	62	9.99800000000000e-03	1.00000000000000e-02	4.39822971502571e+01	4.39700000000000e+01
35	77	49	63	1.03210000000000e-02	1.00000000000000e-02	4.39822971502571e+01	4.53900000000000e+01
36	78	50	64	1.05280000000000e-02	1.00000000000000e-02	4.39822971502571e+01	4.63000000000000e+01
37	79	51	65	1.01484000000000e-02	1.00000000000000e-02	4.39822971502571e+01	4.46400000000000e+01
38	80	52	66	1.01030000000000e-02	1.00000000000000e-02	4.39822971502571e+01	4.44400000000000e+01
39	81	53	67	1.03806000000000e-02	1.00000000000000e-02	4.39822971502571e+01	4.56600000000000e+01
40	82	54	68	1.06286000000000e-02	1.00000000000000e-02	4.39822971502571e+01	4.67500000000000e+01
1	46	16	31	1.02472000000000e-02	1.00000000000000e-02	4.71238898038469e+01	4.82900000000000e+01
2	47	17	32	1.03351000000000e-02	1.00000000000000e-02	4.71238898038469e+01	4.87000000000000e+01
3	48	18	33	1.02402000000000e-02	1.00000000000000e-02	4.71238898038469e+01	4.82600000000000e+01
4	49	19	34	1.02824000000000e-02	1.00000000000000e-02	4.71238898038469e+01	4.84500000000000e+01
5	50	20	35	1.04377000000000e-02	1.00000000000000e-02	4.71238898038469e+01	4.91900000000000e+01
6	51	21	36	1.01866000000000e-02	1.00000000000000e-02	4.71238898038469e+01	4.80000000000000e+01
7	52	22	37	1.00496000000000e-02	1.00000000000000e-02	4.71238898038469e+01	4.73600000000000e+01
8	53	23	38	9.92050000000000e-03	1.00000000000000e-02	4.71238898038469e+01	4.67500000000000e+01
9	54	24	39	9.92360000000000e-03	1.00000000000000e-02	4.71238898038469e+01	4.67600000000000e+01
10	55	25	40	9.94700000000000e-03	1.00000000000000e-02	4.71238898038469e+01	4.68700000000000e+01
11	56	26	41	1.01064000000000e-02	1.00000000000000e-02	4.71238898038469e+01	4.76300000000000e+01
12	57	27	42	9.95100000000000e-03	1.00000000000000e-02	4.71238898038469e+01	4.68900000000000e+01
13	58	28	43	9.95710000000000e-03	1.00000000000000e-02	4.71238898038469e+01	4.69200000000000e+01
14	59	29	44	1.01249000000000e-02	1.00000000000000e-02	4.71238898038469e+01	4.77100000000000e+01
15	60	30	45	9.94810000000000e-03	1.00000000000000e-02	4.71238898038469e+01	4.68800000000000e+01
16	61	31	46	1.01455000000000e-02	1.00000000000000e-02	4.71238898038469e+01	4.78100000000000e+01
17	62	32	47	1.01440000000000e-02	1.00000000000000e-02	4.71238898038469e+01	4.78000000000000e+01
18	63	33	48	1.01159000000000e-02	1.00000000000000e-02	4.71238898038469e+01	4.76700000000000e+01
19	64	34	49	9.89300000000000e-03	1.00000000000000e-02	4.71238898038469e+01	4.66200000000000e+01
20	65	35	50	9.84930000000000e-03	1.00000000000000e-02	4.71238898038469e+01	4.64100000000000e+01
21	66	36	51	1.03879000000000e-02	1.00000000000000e-02	4.71238898038469e+01	4.89500000000000e+01
22	67	37	52	1.02117000000000e-02	1.00000000000000e-02	4.71238898038469e+01	4.81200000000000e+01
23	68	38	53	1.00020000000000e-02	1.00000000000000e-02	4.71238898038469e+01	4.71300000000000e+01
24	69	39	54	1.02283000000000e-02	1.00000000000000e-02	4.71238898038469e+01	4.82000000000000e+01
25	70	40	55	9.92210000000000e-03	1.00000000000000e-02	4.71238898038469e+01	4.67600000000000e+01
26	71	41	56	9.67710000000000e-03	1.00000000000000e-02	4.71238898038469e+01	4.56000000000000e+01
27	72	42	57	9.68040000000000e-03	1.00000000000000e-02	4.71238898038469e+01	4.56200000000000e+01
28	73	43	58	9.72130000000000e-03	1.00000000000000e-02	4.71238898038469e+01	4.58100000000000e+01
29	74	44	59	9.59730000000000e-03	1.00000000000000e-02	4.71238898038469e+01	4.52300000000000e+01
30	75	45	60	9.67000000000000e-03	1.00000000000000e-02	4.71238898038469e+01	4.55700000000000e+01
31	76	46	61	9.72910000000000e-03	1.00000000000000e-02	4.71238898038469e+01	4.58500000000000e+01
32	77	47	62	9.63580000000000e-03	1.00000000000000e-02	4.71238898038469e+01	4.54100000000000e+01
33	78	48	63	9.78890000000000e-03	1.00000000000000e-02	4.71238898038469e+01	4.61300000000000e+01
34	79	49	64	9.97640000000000e-03	1.00000000000000e-02	4.71238898038469e+01	4.70100000000000e+01
35	80	50	65	1.00649000000000e-02	1.00000000000000e-02	4.71238898038469e+01	4.74300000000000e+01
36	81	51	66	1.00344000000000e-02	1.00000000000000e-02	4.71238898038469e+01	4.72900000000000e+01
37	82	52	67	9.55930000000000e-03	1.00000000000000e-02	4.71238898038469e+01	4.50500000000000e+01
1	49	17	33	9.81300000000000e-03	1.00000000000000e-02	5.02654824574367e+01	4.93300000000000e+01
2	50	18	34	9.59120000000000e-03	1.00000000000000e-02	5.02654824574367e+01	4.82100000000000e+01
3	51	19	35	9.95000000000000e-03	1.00000000000000e-02	5.02654824574367e+01	5.00100000000000e+01
4	52	20	36	9.80150000000000e-03	1.00000000000000e-02	5.02654824574367e+01	4.92700000000000e+01
5	53	21	37	9.68300000000000e-03	1.00000000000000e-02	5.02654824574367e+01	4.86700000000000e+01
6	54	22	38	9.59550000000000e-03	1.00000000000000e-02	5.02654824574367e+01	4.82300000000000e+01
7	55	23	39	9.57870000000000e-03	1.00000000000000e-02	5.02654824574367e+01	4.81500000000000e+01
8	56	24	40	9.55220000000000e-03	1.00000000000000e-02	5.02654824574367e+01	4.80100000000000e+01
9	57	25	41	9.66260000000000e-03	1.00000000000000e-02	5.02654824574367e+01	4.85700000000000e+01
10	58	26	42	9.72010000000000e-03	1.00000000000000e-02	5.02654824574367e+01	4.88600000000000e+01
11	59	27	43	9.53120000000000e-03	1.00000000000000e-02	5.02654824574367e+01	4.79100000000000e+01
12	60	28	44	9.73120000000000e-03	1.00000000000000e-02	5.02654824574367e+01	4.89100000000000e+01
13	61	29	45	9.50680000000000e-03	1.00000000000000e-02	5.02654824574367e+01	4.77900000000000e+01
14	62	30	46	9.72600000000000e-03	1.00000000000000e-02	5.02654824574367e+01	4.88900000000000e+01
15	63	31	47	9.54540000000000e-03	1.00000000000000e-02	5.02654824574367e+01	4.79800000000000e+01
16	64	32	48	9.70720000000000e-03	1.00000000000000e-02	5.02654824574367e+01	4.87900000000000e+01
17	65	33	49	9.76340000000000e-03	1.00000000000000e-02	5.02654824574367e+01	4.90800000000000e+01
18	66	34	50	9.47780000000000e-03	1.00000000000000e-02	5.02654824574367e+01	4.76400000000000e+01
19	67	35	51	9.41300000000000e-03	1.00000000000000e-02	5.02654824574367e+01	4.73200000000000e+01
20	68	36	52	9.49120000000000e-03	1.00000000000000e-02	5.02654824574367e+01	4.77100000000000e+01
21	69	37	53	9.47830000000000e-03	1.00000000000000e-02	5.02654824574367e+01	4.76400000000000e+01
22	70	38	54	9.29280000000000e-03	1.00000000000000e-02	5.02654824574367e+01	4.67100000000000e+01
23	71	39	55	9.40050000000000e-03	1.00000000000000e-02	5.02654824574367e+01	4.72500000000000e+01
24	72	40	56	9.43220000000000e-03	1.00000000000000e-02	5.02654824574367e+01	4.74100000000000e+01
25	73	41	57	9.51200000000000e-03	1.00000000000000e-02	5.02654824574367e+01	4.78100000000000e+01
26	74	42	58	9.25130000000000e-03	1.00000000000000e-02	5.02654824574367e+01	4.65000000000000e+01
27	75	43	59	9.37710000000000e-03	1.00000000000000e-02	5.02654824574367e+01	4.71300000000000e+01
28	76	44	60	9.46490000000000e-03	1.00000000000000e-02	5.02654824574367e+01	4.75800000000000e+01
29	77	45	61	9.41820000000000e-03	1.00000000000000e-02	5.02654824574367e+01	4.73400000000000e+01
30	78	46	62	9.44930000000000e-03	1.00000000000000e-02	5.02654824574367e+01	4.75000000000000e+01
31	79	47	63	9.38330000000000e-03	1.00000000000000e-02	5.02654824574367e+01	4.71700000000000e+01
32	80	48	64	9.59180000000000e-03	1.00000000000000e-02	5.02654824574367e+01	4.82100000000000e+01
33	81	49	65	9.43130000000000e-03	1.00000000000000e-02	5.02654824574367e+01	4.74100000000000e+01
34	82	50	66	9.73930000000000e-03	1.00000000000000e-02	5.02654824574367e+01	4.89600000000000e+01
1	52	18	35	9.13060000000000e-03	1.00000000000000e-02	5.34070751110265e+01	4.87600000000000e+01
2	53	19	36	9.48110000000000e-03	1.00000000000000e-02	5.34070751110265e+01	5.06400000000000e+01
3	54	20	37	9.27560000000000e-03	1.00000000000000e-02	5.34070751110265e+01	4.95400000000000e+01
4	55	21	38	9.27690000000000e-03	1.00000000000000e-02	5.34070751110265e+01	4.95500000000000e+01
5	56	22	39	9.30010000000000e-03	1.00000000000000e-02	5.34070751110265e+01	4.96700000000000e+01
6	57	23	40	9.15050000000000e-03	1.00000000000000e-02	5.34070751110265e+01	4.88700000000000e+01
7	58	24	41	9.08120000000000e-03	1.00000000000000e-02	5.34070751110265e+01	4.85000000000000e+01
8	59	25	42	9.11880000000000e-03	1.00000000000000e-02	5.34070751110265e+01	4.87000000000000e+01
9	60	26	43	9.30810000000000e-03	1.00000000000000e-02	5.34070751110265e+01	4.97100000000000e+01
10	61	27	44	9.43120000000000e-03	1.00000000000000e-02	5.34070751110265e+01	5.03700000000000e+01
11	62	28	45	9.21290000000000e-03	1.00000000000000e-02	5.34070751110265e+01	4.92000000000000e+01
12	63	29	46	9.20650000000000e-03	1.00000000000000e-02	5.34070751110265e+01	4.91700000000000e+01
13	64	30	47	8.98740000000000e-03	1.00000000000000e-02	5.34070751110265e+01	4.80000000000000e+01
14	65	31	48	9.29950000000000e-03	1.00000000000000e-02	5.34070751110265e+01	4.96700000000000e+01
15	66	32	49	9.17470000000000e-03	1.00000000000000e-02	5.34070751110265e+01	4.90000000000000e+01
16	67	33	50	9.42390000000000e-03	1.00000000000000e-02	5.34070751110265e+01	5.03300000000000e+01
17	68	34	51	9.11910000000000e-03	1.00000000000000e-02	5.34070751110265e+01	4.87000000000000e+01
18	69	35	52	9.22090000000000e-03	1.00000000000000e-02	5.34070751110265e+01	4.92500000000000e+01
19	70	36	53	9.00580000000000e-03	1.00000000000000e-02	5.34070751110265e+01	4.81000000000000e+01
20	71	37	54	9.01210000000000e-03	1.00000000000000e-02	5.34070751110265e+01	4.81300000000000e+01
21	72	38	55	8.93680000000000e-03	1.00000000000000e-02	5.34070751110265e+01	4.77300000000000e+01
22	73	39	56	8.92700000000000e-03	1.00000000000000e-02	5.34070751110265e+01	4.76800000000000e+01
23	74	40	57	9.28070000000000e-03	1.00000000000000e-02	5.34070751110265e+01	4.95700000000000e+01
24	75	41	58	8.89200000000000e-03	1.00000000000000e-02	5.34070751110265e+01	4.74900000000000e+01
25	76	42	59	8.92640000000000e-03	1.00000000000000e-02	5.34070751110265e+01	4.76700000000000e+01
26	77	43	60	8.82820000000000e-03	1.00000000000000e-02	5.34070751110265e+01	4.71500000000000e+01
27	78	44	61	8.84050000000000e-03	1.00000000000000e-02	5.34070751110265e+01	4.72100000000000e+01
28	79	45	62	9.04530000000000e-03	1.00000000000000e-02	5.34070751110265e+01	4.83100000000000e+01
29	80	46	63	9.31950000000000e-03	1.00000000000000e-02	5.34070751110265e+01	4.97700000000000e+01
30	81	47	64	9.31000000000000e-03	1.00000000000000e-02	5.34070751110265e+01	4.97200000000000e+01
31	82	48	65	9.17530000000000e-03	1.00000000000000e-02	5.34070751110265e+01	4.90000000000000e+01
1	55	19	37	9.08850000000000e-03	1.00000000000000e-02	5.65486677646163e+01	5.13900000000000e+01
2	56	20	38	8.97920000000000e-03	1.00000000000000e-02	5.65486677646163e+01	5.07800000000000e+01
3	57	21	39	8.86110000000000e-03	1.00000000000000e-02	5.65486677646163e+01	5.01100000000000e+01
4	58	22	40	8.80630000000000e-03	1.00000000000000e-02	5.65486677646163e+01	4.98000000000000e+01
5	59	23	41	8.73090000000000e-03	1.00000000000000e-02	5.65486677646163e+01	4.93700000000000e+01
6	60	24	42	8.62200000000000e-03	1.00000000000000e-02	5.65486677646163e+01	4.87600000000000e+01
7	61	25	43	8.81370000000000e-03	1.00000000000000e-02	5.65486677646163e+01	4.98400000000000e+01
8	62	26	44	8.85530000000000e-03	1.00000000000000e-02	5.65486677646163e+01	5.00800000000000e+01
9	63	27	45	8.89700000000000e-03	1.00000000000000e-02	5.65486677646163e+01	5.03100000000000e+01
10	64	28	46	8.79910000000000e-03	1.00000000000000e-02	5.65486677646163e+01	4.97600000000000e+01
11	65	29	47	8.93860000000000e-03	1.00000000000000e-02	5.65486677646163e+01	5.05500000000000e+01
12	66	30	48	8.92090000000000e-03	1.00000000000000e-02	5.65486677646163e+01	5.04500000000000e+01
13	67	31	49	8.92430000000000e-03	1.00000000000000e-02	5.65486677646163e+01	5.04700000000000e+01
14	68	32	50	8.70150000000000e-03	1.00000000000000e-02	5.65486677646163e+01	4.92100000000000e+01
15	69	33	51	8.80250000000000e-03	1.00000000000000e-02	5.65486677646163e+01	4.97800000000000e+01
16	70	34	52	8.82930000000000e-03	1.00000000000000e-02	5.65486677646163e+01	4.99300000000000e+01
17	71	35	53	8.43930000000000e-03	1.00000000000000e-02	5.65486677646163e+01	4.77200000000000e+01
18	72	36	54	8.41430000000000e-03	1.00000000000000e-02	5.65486677646163e+01	4.75800000000000e+01
19	73	37	55	8.62360000000000e-03	1.00000000000000e-02	5.65486677646163e+01	4.87700000000000e+01
20	74	38	56	8.54160000000000e-03	1.00000000000000e-02	5.65486677646163e+01	4.83000000000000e+01
21	75	39	57	8.57190000000000e-03	1.00000000000000e-02	5.65486677646163e+01	4.84700000000000e+01
22	76	40	58	8.66590000000000e-03	1.00000000000000e-02	5.65486677646163e+01	4.90000000000000e+01
23	77	41	59	8.61770000000000e-03	1.00000000000000e-02	5.65486677646163e+01	4.87300000000000e+01
24	78	42	60	8.69510000000000e-03	1.00000000000000e-02	5.65486677646163e+01	4.91700000000000e+01
25	79	43	61	8.72380000000000e-03	1.00000000000000e-02	5.65486677646163e+01	4.93300000000000e+01
26	80	44	62	8.69130000000000e-03	1.00000000000000e-02	5.65486677646163e+01	4.91500000000000e+01
27	81	45	63	9.15820000000000e-03	1.00000000000000e-02	5.65486677646163e+01	5.17900000000000e+01
28	82	46	64	8.93280000000000e-03	1.00000000000000e-02	5.65486677646163e+01	5.05100000000000e+01
0
