100
# x y z
0	0	0
0.5	0	0
1	0	0
1.5	0	0
2	0	0
2.5	0	0
3	0	0
3.5	0	0
4	0	0
4.5	0	0
5	0	0
5.5	0	0
6	0	0
6.5	0	0
7	0	0
7.5	0	0
8	0	0
8.5	0	0
9	0	0
9.5	0	0
10	0	0
10.5	0	0
11	0	0
11.5	0	0
12	0	0
12.5	0	0
13	0	0
13.5	0	0
14	0	0
14.5	0	0
15	0	0
15.5	0	0
16	0	0
16.5	0	0
17	0	0
17.5	0	0
18	0	0
18.5	0	0
19	0	0
19.5	0	0
20	0	0
20.5	0	0
21	0	0
21.5	0	0
22	0	0
22.5	0	0
23	0	0
23.5	0	0
24	0	0
24.5	0	0
25	0	0
25.5	0	0
26	0	0
26.5	0	0
27	0	0
27.5	0	0
28	0	0
28.5	0	0
29	0	0
29.5	0	0
30	0	0
30.5	0	0
31	0	0
31.5	0	0
32	0	0
32.5	0	0
33	0	0
33.5	0	0
34	0	0
34.5	0	0
35	0	0
35.5	0	0
36	0	0
36.5	0	0
37	0	0
37.5	0	0
38	0	0
38.5	0	0
39	0	0
39.5	0	0
40	0	0
40.5	0	0
41	0	0
41.5	0	0
42	0	0
42.5	0	0
43	0	0
43.5	0	0
44	0	0
44.5	0	0
45	0	0
45.5	0	0
46	0	0
46.5	0	0
47	0	0
47.5	0	0
48	0	0
48.5	0	0
49	0	0
49.5	0	0
1487
# a b m n u i
1	4	2	3	6.74044000000000e-02	1.00000000000000e-02
2	5	3	4	6.61054000000000e-02	1.00000000000000e-02
3	6	4	5	7.79240000000000e-02	1.00000000000000e-02
4	7	5	6	7.08263000000000e-02	1.00000000000000e-02
5	8	6	7	7.92165000000000e-02	1.00000000000000e-02
6	9	7	8	7.05361000000000e-02	1.00000000000000e-02
7	10	8	9	7.19393000000000e-02	1.00000000000000e-02
8	11	9	10	7.15943000000000e-02	1.00000000000000e-02
9	12	10	11	7.47389000000000e-02	1.00000000000000e-02
10	13	11	12	7.18773000000000e-02	1.00000000000000e-02
11	14	12	13	7.14720000000000e-02	1.00000000000000e-02
12	15	13	14	6.60499000000000e-02	1.00000000000000e-02
13	16	14	15	6.60161000000000e-02	1.00000000000000e-02
14	17	15	16	6.58360000000000e-02	1.00000000000000e-02
15	18	16	17	6.28260000000000e-02	1.00000000000000e-02
16	19	17	18	6.94360000000000e-02	1.00000000000000e-02
17	20	18	19	6.66349000000000e-02	1.00000000000000e-02
18	21	19	20	6.97479000000000e-02	1.00000000000000e-02
19	22	20	21	7.22704000000000e-02	1.00000000000000e-02
20	23	21	22	6.78492000000000e-02	1.00000000000000e-02
21	24	22	23	6.82278000000000e-02	1.00000000000000e-02
22	25	23	24	6.82080000000000e-02	1.00000000000000e-02
23	26	24	25	6.27944000000000e-02	1.00000000000000e-02
24	27	25	26	7.03669000000000e-02	1.00000000000000e-02
26	29	27	28	6.56417000000000e-02	1.00000000000000e-02
27	30	28	29	6.91020000000000e-02	1.00000000000000e-02
29	32	30	31	6.03026000000000e-02	1.00000000000000e-02
30	33	31	32	7.61993000000000e-02	1.00000000000000e-02
31	34	32	33	6.95246000000000e-02	1.00000000000000e-02
34	37	35	36	7.14201000000000e-02	1.00000000000000e-02
35	38	36	37	7.78606000000000e-02	1.00000000000000e-02
36	39	37	38	7.65122000000000e-02	1.00000000000000e-02
37	40	38	39	8.03074000000000e-02	1.00000000000000e-02
38	41	39	40	7.54471000000000e-02	1.00000000000000e-02
39	42	40	41	7.83059000000000e-02	1.00000000000000e-02
40	43	41	42	7.11876000000000e-02	1.00000000000000e-02
41	44	42	43	7.53345000000000e-02	1.00000000000000e-02
42	45	43	44	7.32812000000000e-02	1.00000000000000e-02
43	46	44	45	7.37150000000000e-02	1.00000000000000e-02
44	47	45	46	8.02359000000000e-02	1.00000000000000e-02
45	48	46	47	7.01325000000000e-02	1.00000000000000e-02
46	49	47	48	7.95896000000000e-02	1.00000000000000e-02
47	50	48	49	7.41760000000000e-02	1.00000000000000e-02
48	51	49	50	7.57138000000000e-02	1.00000000000000e-02
49	52	50	51	6.98488000000000e-02	1.00000000000000e-02
50	53	51	52	7.60742000000000e-02	1.00000000000000e-02
51	54	52	53	6.76713000000000e-02	1.00000000000000e-02
52	55	53	54	7.54790000000000e-02	1.00000000000000e-02
54	57	55	56	6.68840000000000e-02	1.00000000000000e-02
55	58	56	57	7.15082000000000e-02	1.00000000000000e-02
56	59	57	58	6.83838000000000e-02	1.00000000000000e-02
57	60	58	59	6.89969000000000e-02	1.00000000000000e-02
58	61	59	60	6.85267000000000e-02	1.00000000000000e-02
59	62	60	61	6.56610000000000e-02	1.00000000000000e-02
60	63	61	62	6.78599000000000e-02	1.00000000000000e-02
61	64	62	63	5.73068000000000e-02	1.00000000000000e-02
62	65	63	64	6.43484000000000e-02	1.00000000000000e-02
63	66	64	65	6.01590000000000e-02	1.00000000000000e-02
64	67	65	66	6.13833000000000e-02	1.00000000000000e-02
65	68	66	67	6.04154000000000e-02	1.00000000000000e-02
66	69	67	68	6.51584000000000e-02	1.00000000000000e-02
67	70	68	69	6.86013000000000e-02	1.00000000000000e-02
68	71	69	70	6.88735000000000e-02	1.00000000000000e-02
69	72	70	71	7.36078000000000e-02	1.00000000000000e-02
70	73	71	72	7.31583000000000e-02	1.00000000000000e-02
71	74	72	73	8.12486000000000e-02	1.00000000000000e-02
72	75	73	74	8.31762000000000e-02	1.00000000000000e-02
73	76	74	75	8.72002000000000e-02	1.00000000000000e-02
75	78	76	77	9.97855000000000e-02	1.00000000000000e-02
76	79	77	78	8.59664000000000e-02	1.00000000000000e-02
77	80	78	79	1.07655200000000e-01	1.00000000000000e-02
78	81	79	80	9.31796000000000e-02	1.00000000000000e-02
79	82	80	81	1.03119400000000e-01	1.00000000000000e-02
80	83	81	82	8.60975000000000e-02	1.00000000000000e-02
81	84	82	83	9.88461000000000e-02	1.00000000000000e-02
82	85	83	84	8.83048000000000e-02	1.00000000000000e-02
84	87	85	86	9.36345000000000e-02	1.00000000000000e-02
85	88	86	87	8.26317000000000e-02	1.00000000000000e-02
86	89	87	88	9.41862000000000e-02	1.00000000000000e-02
87	90	88	89	8.86799000000000e-02	1.00000000000000e-02
88	91	89	90	8.98213000000000e-02	1.00000000000000e-02
89	92	90	91	9.20281000000000e-02	1.00000000000000e-02
90	93	91	92	1.05757500000000e-01	1.00000000000000e-02
91	94	92	93	9.08563000000000e-02	1.00000000000000e-02
92	95	93	94	7.92244000000000e-02	1.00000000000000e-02
93	96	94	95	9.71525000000000e-02	1.00000000000000e-02
94	97	95	96	1.10861900000000e-01	1.00000000000000e-02
96	99	97	98	1.00407900000000e-01	1.00000000000000e-02
97	100	98	99	1.01217000000000e-01	1.00000000000000e-02
1	7	3	5	3.95826000000000e-02	1.00000000000000e-02
2	8	4	6	4.17954000000000e-02	1.00000000000000e-02
3	9	5	7	4.27887000000000e-02	1.00000000000000e-02
4	10	6	8	4.24682000000000e-02	1.00000000000000e-02
5	11	7	9	3.97403000000000e-02	1.00000000000000e-02
6	12	8	10	4.03890000000000e-02	1.00000000000000e-02
7	13	9	11	4.27209000000000e-02	1.00000000000000e-02
8	14	10	12	4.28660000000000e-02	1.00000000000000e-02
9	15	11	13	4.05089000000000e-02	1.00000000000000e-02
10	16	12	14	4.00274000000000e-02	1.00000000000000e-02
11	17	13	15	4.07304000000000e-02	1.00000000000000e-02
12	18	14	16	4.17219000000000e-02	1.00000000000000e-02
13	19	15	17	4.11421000000000e-02	1.00000000000000e-02
14	20	16	18	4.04927000000000e-02	1.00000000000000e-02
15	21	17	19	4.04071000000000e-02	1.00000000000000e-02
16	22	18	20	4.21111000000000e-02	1.00000000000000e-02
17	23	19	21	4.43579000000000e-02	1.00000000000000e-02
18	24	20	22	4.27601000000000e-02	1.00000000000000e-02
19	25	21	23	4.14175000000000e-02	1.00000000000000e-02
20	26	22	24	4.17262000000000e-02	1.00000000000000e-02
21	27	23	25	4.21729000000000e-02	1.00000000000000e-02
22	28	24	26	4.15204000000000e-02	1.00000000000000e-02
24	30	26	28	2.07334300000000e-01	5.00000000000000e-02
25	31	27	29	1.80150500000000e-01	5.00000000000000e-02
27	33	29	31	2.07892200000000e-01	5.00000000000000e-02
28	34	30	32	1.83484000000000e-01	5.00000000000000e-02
29	35	31	33	2.07104200000000e-01	5.00000000000000e-02
32	38	34	36	1.84275200000000e-01	5.00000000000000e-02
33	39	35	37	2.13587600000000e-01	5.00000000000000e-02
34	40	36	38	2.22360800000000e-01	5.00000000000000e-02
35	41	37	39	2.18687900000000e-01	5.00000000000000e-02
36	42	38	40	2.16948500000000e-01	5.00000000000000e-02
37	43	39	41	2.18490100000000e-01	5.00000000000000e-02
38	44	40	42	2.23490300000000e-01	5.00000000000000e-02
39	45	41	43	2.23622300000000e-01	5.00000000000000e-02
40	46	42	44	2.23301500000000e-01	5.00000000000000e-02
41	47	43	45	2.23268600000000e-01	5.00000000000000e-02
42	48	44	46	2.21262800000000e-01	5.00000000000000e-02
43	49	45	47	2.11554500000000e-01	5.00000000000000e-02
44	50	46	48	2.09786900000000e-01	5.00000000000000e-02
45	51	47	49	2.19960600000000e-01	5.00000000000000e-02
46	52	48	50	2.15355800000000e-01	5.00000000000000e-02
47	53	49	51	2.03137300000000e-01	5.00000000000000e-02
48	54	50	52	2.05417400000000e-01	5.00000000000000e-02
49	55	51	53	2.09621300000000e-01	5.00000000000000e-02
50	56	52	54	2.03955900000000e-01	5.00000000000000e-02
52	58	54	56	2.13852500000000e-01	5.00000000000000e-02
53	59	55	57	2.15998000000000e-01	5.00000000000000e-02
54	60	56	58	2.06515400000000e-01	5.00000000000000e-02
55	61	57	59	1.96856500000000e-01	5.00000000000000e-02
56	62	58	60	2.00819600000000e-01	5.00000000000000e-02
57	63	59	61	2.06835200000000e-01	5.00000000000000e-02
58	64	60	62	1.97910500000000e-01	5.00000000000000e-02
59	65	61	63	1.82537300000000e-01	5.00000000000000e-02
60	66	62	64	1.85083000000000e-01	5.00000000000000e-02
61	67	63	65	1.92692400000000e-01	5.00000000000000e-02
62	68	64	66	1.87617000000000e-01	5.00000000000000e-02
63	69	65	67	1.66986700000000e-01	5.00000000000000e-02
64	70	66	68	1.60291200000000e-01	5.00000000000000e-02
65	71	67	69	2.03791200000000e-01	5.00000000000000e-02
66	72	68	70	2.16706500000000e-01	5.00000000000000e-02
67	73	69	71	2.21690000000000e-01	5.00000000000000e-02
68	74	70	72	2.30918100000000e-01	5.00000000000000e-02
69	75	71	73	2.45011200000000e-01	5.00000000000000e-02
70	76	72	74	2.49512200000000e-01	5.00000000000000e-02
71	77	73	75	2.45958300000000e-01	5.00000000000000e-02
73	79	75	77	2.76830300000000e-01	5.00000000000000e-02
74	80	76	78	2.69061000000000e-01	5.00000000000000e-02
75	81	77	79	2.62737800000000e-01	5.00000000000000e-02
76	82	78	80	2.45968700000000e-01	5.00000000000000e-02
77	83	79	81	2.70474000000000e-01	5.00000000000000e-02
78	84	80	82	2.55395300000000e-01	5.00000000000000e-02
79	85	81	83	2.66987100000000e-01	5.00000000000000e-02
80	86	82	84	2.75746900000000e-01	5.00000000000000e-02
82	88	84	86	2.52436400000000e-01	5.00000000000000e-02
83	89	85	87	2.54878100000000e-01	5.00000000000000e-02
84	90	86	88	2.70639100000000e-01	5.00000000000000e-02
85	91	87	89	2.83321500000000e-01	5.00000000000000e-02
86	92	88	90	2.68305700000000e-01	5.00000000000000e-02
87	93	89	91	2.72251400000000e-01	5.00000000000000e-02
88	94	90	92	2.90547800000000e-01	5.00000000000000e-02
89	95	91	93	2.80363200000000e-01	5.00000000000000e-02
91	97	93	95	6.02319000000000e-02	1.00000000000000e-02
92	98	94	96	5.74725000000000e-02	1.00000000000000e-02
93	99	95	97	5.75193000000000e-02	1.00000000000000e-02
94	100	96	98	6.17343000000000e-02	1.00000000000000e-02
1	10	4	7	3.54785000000000e-02	1.00000000000000e-02
2	11	5	8	3.42625000000000e-02	1.00000000000000e-02
3	12	6	9	3.37634000000000e-02	1.00000000000000e-02
4	13	7	10	3.24851000000000e-02	1.00000000000000e-02
5	14	8	11	3.33434000000000e-02	1.00000000000000e-02
6	15	9	12	3.45530000000000e-02	1.00000000000000e-02
7	16	10	13	3.49100000000000e-02	1.00000000000000e-02
8	17	11	14	3.24266000000000e-02	1.00000000000000e-02
9	18	12	15	3.41197000000000e-02	1.00000000000000e-02
10	19	13	16	3.49152000000000e-02	1.00000000000000e-02
11	20	14	17	3.44902000000000e-02	1.00000000000000e-02
12	21	15	18	3.40733000000000e-02	1.00000000000000e-02
13	22	16	19	3.39041000000000e-02	1.00000000000000e-02
14	23	17	20	3.49941000000000e-02	1.00000000000000e-02
15	24	18	21	3.59643000000000e-02	1.00000000000000e-02
16	25	19	22	3.65143000000000e-02	1.00000000000000e-02
17	26	20	23	3.57266000000000e-02	1.00000000000000e-02
18	27	21	24	3.53145000000000e-02	1.00000000000000e-02
19	28	22	25	3.42933000000000e-02	1.00000000000000e-02
20	29	23	26	3.47175000000000e-02	1.00000000000000e-02
22	31	25	28	3.49822000000000e-02	1.00000000000000e-02
23	32	26	29	3.42495000000000e-02	1.00000000000000e-02
25	34	28	31	3.45177000000000e-02	1.00000000000000e-02
26	35	29	32	3.50487000000000e-02	1.00000000000000e-02
27	36	30	33	3.39733000000000e-02	1.00000000000000e-02
30	39	33	36	3.41151000000000e-02	1.00000000000000e-02
31	40	34	37	3.26858000000000e-02	1.00000000000000e-02
32	41	35	38	3.52774000000000e-02	1.00000000000000e-02
33	42	36	39	3.54566000000000e-02	1.00000000000000e-02
34	43	37	40	3.53272000000000e-02	1.00000000000000e-02
35	44	38	41	3.54677000000000e-02	1.00000000000000e-02
36	45	39	42	3.49547000000000e-02	1.00000000000000e-02
37	46	40	43	3.59100000000000e-02	1.00000000000000e-02
38	47	41	44	3.65978000000000e-02	1.00000000000000e-02
39	48	42	45	3.64754000000000e-02	1.00000000000000e-02
40	49	43	46	3.61847000000000e-02	1.00000000000000e-02
41	50	44	47	3.46210000000000e-02	1.00000000000000e-02
42	51	45	48	3.46868000000000e-02	1.00000000000000e-02
43	52	46	49	3.48346000000000e-02	1.00000000000000e-02
44	53	47	50	3.57695000000000e-02	1.00000000000000e-02
45	54	48	51	3.44131000000000e-02	1.00000000000000e-02
46	55	49	52	3.47645000000000e-02	1.00000000000000e-02
47	56	50	53	3.27374000000000e-02	1.00000000000000e-02
48	57	51	54	3.31658000000000e-02	1.00000000000000e-02
50	59	53	56	3.46619000000000e-02	1.00000000000000e-02
51	60	54	57	3.45171000000000e-02	1.00000000000000e-02
52	61	55	58	3.48160000000000e-02	1.00000000000000e-02
53	62	56	59	3.26901000000000e-02	1.00000000000000e-02
54	63	57	60	3.35547000000000e-02	1.00000000000000e-02
55	64	58	61	3.40714000000000e-02	1.00000000000000e-02
56	65	59	62	3.38379000000000e-02	1.00000000000000e-02
57	66	60	63	3.33620000000000e-02	1.00000000000000e-02
58	67	61	64	3.28994000000000e-02	1.00000000000000e-02
59	68	62	65	3.21427000000000e-02	1.00000000000000e-02
60	69	63	66	3.28411000000000e-02	1.00000000000000e-02
61	70	64	67	3.22257000000000e-02	1.00000000000000e-02
62	71	65	68	3.27971000000000e-02	1.00000000000000e-02
63	72	66	69	3.43084000000000e-02	1.00000000000000e-02
64	73	67	70	3.66464000000000e-02	1.00000000000000e-02
65	74	68	71	3.86012000000000e-02	1.00000000000000e-02
66	75	69	72	3.97946000000000e-02	1.00000000000000e-02
67	76	70	73	4.05436000000000e-02	1.00000000000000e-02
68	77	71	74	4.04042000000000e-02	1.00000000000000e-02
69	78	72	75	4.18973000000000e-02	1.00000000000000e-02
71	80	74	77	4.46321000000000e-02	1.00000000000000e-02
72	81	75	78	4.40590000000000e-02	1.00000000000000e-02
73	82	76	79	4.60189000000000e-02	1.00000000000000e-02
74	83	77	80	4.35361000000000e-02	1.00000000000000e-02
75	84	78	81	4.55956000000000e-02	1.00000000000000e-02
76	85	79	82	4.37869000000000e-02	1.00000000000000e-02
77	86	80	83	4.53407000000000e-02	1.00000000000000e-02
78	87	81	84	4.42540000000000e-02	1.00000000000000e-02
80	89	83	86	4.32320000000000e-02	1.00000000000000e-02
81	90	84	87	4.33866000000000e-02	1.00000000000000e-02
82	91	85	88	4.47106000000000e-02	1.00000000000000e-02
83	92	86	89	4.59352000000000e-02	1.00000000000000e-02
84	93	87	90	4.64188000000000e-02	1.00000000000000e-02
85	94	88	91	4.64103000000000e-02	1.00000000000000e-02
86	95	89	92	4.73317000000000e-02	1.00000000000000e-02
87	96	90	93	4.54622000000000e-02	1.00000000000000e-02
89	98	92	95	2.32095900000000e-01	5.00000000000000e-02
90	99	93	96	2.45485200000000e-01	5.00000000000000e-02
91	100	94	97	2.41469000000000e-01	5.00000000000000e-02
1	13	5	9	1.50729800000000e-01	5.00000000000000e-02
2	14	6	10	8.32375000000000e-02	5.00000000000000e-02
3	15	7	11	1.52573700000000e-01	5.00000000000000e-02
4	16	8	12	1.54047800000000e-01	5.00000000000000e-02
5	17	9	13	1.56934200000000e-01	5.00000000000000e-02
6	18	10	14	1.56205000000000e-01	5.00000000000000e-02
7	19	11	15	1.56741900000000e-01	5.00000000000000e-02
8	20	12	16	1.56046700000000e-01	5.00000000000000e-02
9	21	13	17	1.52803400000000e-01	5.00000000000000e-02
10	22	14	18	1.53973000000000e-01	5.00000000000000e-02
11	23	15	19	1.54222900000000e-01	5.00000000000000e-02
12	24	16	20	1.55995800000000e-01	5.00000000000000e-02
13	25	17	21	1.61124500000000e-01	5.00000000000000e-02
14	26	18	22	1.61172200000000e-01	5.00000000000000e-02
15	27	19	23	1.62125600000000e-01	5.00000000000000e-02
16	28	20	24	1.60778400000000e-01	5.00000000000000e-02
17	29	21	25	1.54362400000000e-01	5.00000000000000e-02
18	30	22	26	1.55635400000000e-01	5.00000000000000e-02
20	32	24	28	1.53323700000000e-01	5.00000000000000e-02
21	33	25	29	1.56176400000000e-01	5.00000000000000e-02
23	35	27	31	1.37633500000000e-01	5.00000000000000e-02
24	36	28	32	1.55578400000000e-01	5.00000000000000e-02
25	37	29	33	1.50947800000000e-01	5.00000000000000e-02
28	40	32	36	1.48478900000000e-01	5.00000000000000e-02
29	41	33	37	1.52082600000000e-01	5.00000000000000e-02
30	42	34	38	1.57633100000000e-01	5.00000000000000e-02
31	43	35	39	1.57004600000000e-01	5.00000000000000e-02
32	44	36	40	1.51704800000000e-01	5.00000000000000e-02
33	45	37	41	1.56923300000000e-01	5.00000000000000e-02
34	46	38	42	1.55569100000000e-01	5.00000000000000e-02
35	47	39	43	1.58774900000000e-01	5.00000000000000e-02
36	48	40	44	1.58666900000000e-01	5.00000000000000e-02
37	49	41	45	1.59706500000000e-01	5.00000000000000e-02
38	50	42	46	1.60509200000000e-01	5.00000000000000e-02
39	51	43	47	1.56227100000000e-01	5.00000000000000e-02
40	52	44	48	1.56561100000000e-01	5.00000000000000e-02
41	53	45	49	1.55898700000000e-01	5.00000000000000e-02
42	54	46	50	1.55937600000000e-01	5.00000000000000e-02
43	55	47	51	1.57395800000000e-01	5.00000000000000e-02
44	56	48	52	1.54950400000000e-01	5.00000000000000e-02
45	57	49	53	1.49005200000000e-01	5.00000000000000e-02
46	58	50	54	1.47646700000000e-01	5.00000000000000e-02
48	60	52	56	1.46252100000000e-01	5.00000000000000e-02
49	61	53	57	1.54248200000000e-01	5.00000000000000e-02
50	62	54	58	1.53157000000000e-01	5.00000000000000e-02
51	63	55	59	1.53068500000000e-01	5.00000000000000e-02
52	64	56	60	1.51766500000000e-01	5.00000000000000e-02
53	65	57	61	1.52280400000000e-01	5.00000000000000e-02
54	66	58	62	1.54427400000000e-01	5.00000000000000e-02
55	67	59	63	1.53858000000000e-01	5.00000000000000e-02
56	68	60	64	1.54582600000000e-01	5.00000000000000e-02
57	69	61	65	1.50881700000000e-01	5.00000000000000e-02
58	70	62	66	1.47715100000000e-01	5.00000000000000e-02
59	71	63	67	1.23993600000000e-01	5.00000000000000e-02
60	72	64	68	1.50218400000000e-01	5.00000000000000e-02
61	73	65	69	1.56939100000000e-01	5.00000000000000e-02
62	74	66	70	1.64698500000000e-01	5.00000000000000e-02
63	75	67	71	1.70387400000000e-01	5.00000000000000e-02
64	76	68	72	1.77047700000000e-01	5.00000000000000e-02
65	77	69	73	1.78956800000000e-01	5.00000000000000e-02
66	78	70	74	1.83327900000000e-01	5.00000000000000e-02
67	79	71	75	1.83718100000000e-01	5.00000000000000e-02
69	81	73	77	1.92978500000000e-01	5.00000000000000e-02
70	82	74	78	1.95394200000000e-01	5.00000000000000e-02
71	83	75	79	2.00447000000000e-01	5.00000000000000e-02
72	84	76	80	1.99464200000000e-01	5.00000000000000e-02
73	85	77	81	2.00626300000000e-01	5.00000000000000e-02
74	86	78	82	1.98857500000000e-01	5.00000000000000e-02
75	87	79	83	2.01033100000000e-01	5.00000000000000e-02
76	88	80	84	1.99181500000000e-01	5.00000000000000e-02
78	90	82	86	1.98444400000000e-01	5.00000000000000e-02
79	91	83	87	1.92963500000000e-01	5.00000000000000e-02
80	92	84	88	1.97713600000000e-01	5.00000000000000e-02
81	93	85	89	1.94629500000000e-01	5.00000000000000e-02
82	94	86	90	4.09620000000000e-02	1.00000000000000e-02
83	95	87	91	2.11447600000000e-01	5.00000000000000e-02
84	96	88	92	2.10316600000000e-01	5.00000000000000e-02
85	97	89	93	2.05232600000000e-01	5.00000000000000e-02
86	98	90	94	2.06626900000000e-01	5.00000000000000e-02
87	99	91	95	2.08282900000000e-01	5.00000000000000e-02
88	100	92	96	2.11449800000000e-01	5.00000000000000e-02
1	16	6	11	1.43661300000000e-01	5.00000000000000e-02
2	17	7	12	1.44190900000000e-01	5.00000000000000e-02
3	18	8	13	1.46377000000000e-01	5.00000000000000e-02
4	19	9	14	1.41443300000000e-01	5.00000000000000e-02
5	20	10	15	1.45707600000000e-01	5.00000000000000e-02
6	21	11	16	1.42725800000000e-01	5.00000000000000e-02
7	22	12	17	1.43389800000000e-01	5.00000000000000e-02
8	23	13	18	1.42765900000000e-01	5.00000000000000e-02
9	24	14	19	1.43136100000000e-01	5.00000000000000e-02
10	25	15	20	1.44741500000000e-01	5.00000000000000e-02
11	26	16	21	1.47113200000000e-01	5.00000000000000e-02
12	27	17	22	1.48626400000000e-01	5.00000000000000e-02
13	28	18	23	1.47862900000000e-01	5.00000000000000e-02
14	29	19	24	1.48916800000000e-01	5.00000000000000e-02
15	30	20	25	1.45532800000000e-01	5.00000000000000e-02
16	31	21	26	1.44813000000000e-01	5.00000000000000e-02
18	33	23	28	1.38343200000000e-01	5.00000000000000e-02
19	34	24	29	1.43021000000000e-01	5.00000000000000e-02
21	36	26	31	1.43802200000000e-01	5.00000000000000e-02
22	37	27	32	1.31025400000000e-01	5.00000000000000e-02
23	38	28	33	1.41266000000000e-01	5.00000000000000e-02
26	41	31	36	1.39242400000000e-01	5.00000000000000e-02
27	42	32	37	1.40537600000000e-01	5.00000000000000e-02
28	43	33	38	1.42763300000000e-01	5.00000000000000e-02
29	44	34	39	1.43967700000000e-01	5.00000000000000e-02
30	45	35	40	1.45362000000000e-01	5.00000000000000e-02
31	46	36	41	1.44375400000000e-01	5.00000000000000e-02
32	47	37	42	1.46386600000000e-01	5.00000000000000e-02
33	48	38	43	1.45711200000000e-01	5.00000000000000e-02
34	49	39	44	1.46705100000000e-01	5.00000000000000e-02
35	50	40	45	1.46501000000000e-01	5.00000000000000e-02
36	51	41	46	1.46578600000000e-01	5.00000000000000e-02
37	52	42	47	1.44970900000000e-01	5.00000000000000e-02
38	53	43	48	1.45832300000000e-01	5.00000000000000e-02
39	54	44	49	1.45680300000000e-01	5.00000000000000e-02
40	55	45	50	1.46206400000000e-01	5.00000000000000e-02
41	56	46	51	1.41322400000000e-01	5.00000000000000e-02
42	57	47	52	1.42367700000000e-01	5.00000000000000e-02
43	58	48	53	1.39298400000000e-01	5.00000000000000e-02
44	59	49	54	1.38925100000000e-01	5.00000000000000e-02
46	61	51	56	1.40159400000000e-01	5.00000000000000e-02
47	62	52	57	1.39803600000000e-01	5.00000000000000e-02
48	63	53	58	1.42247900000000e-01	5.00000000000000e-02
49	64	54	59	1.42446800000000e-01	5.00000000000000e-02
50	65	55	60	1.44824700000000e-01	5.00000000000000e-02
51	66	56	61	1.45510000000000e-01	5.00000000000000e-02
52	67	57	62	1.46631400000000e-01	5.00000000000000e-02
53	68	58	63	1.43051300000000e-01	5.00000000000000e-02
54	69	59	64	1.45205900000000e-01	5.00000000000000e-02
55	70	60	65	1.43043300000000e-01	5.00000000000000e-02
56	71	61	66	1.40900400000000e-01	5.00000000000000e-02
57	72	62	67	1.40283000000000e-01	5.00000000000000e-02
58	73	63	68	1.41026300000000e-01	5.00000000000000e-02
59	74	64	69	1.45006600000000e-01	5.00000000000000e-02
60	75	65	70	1.49925000000000e-01	5.00000000000000e-02
61	76	66	71	1.55482800000000e-01	5.00000000000000e-02
62	77	67	72	1.59742700000000e-01	5.00000000000000e-02
63	78	68	73	1.65957200000000e-01	5.00000000000000e-02
64	79	69	74	1.67503500000000e-01	5.00000000000000e-02
65	80	70	75	1.69012600000000e-01	5.00000000000000e-02
67	82	72	77	1.77476000000000e-01	5.00000000000000e-02
68	83	73	78	1.74438600000000e-01	5.00000000000000e-02
69	84	74	79	1.79880600000000e-01	5.00000000000000e-02
70	85	75	80	1.65642400000000e-01	5.00000000000000e-02
71	86	76	81	1.80804100000000e-01	5.00000000000000e-02
72	87	77	82	1.79465400000000e-01	5.00000000000000e-02
73	88	78	83	1.84244100000000e-01	5.00000000000000e-02
74	89	79	84	1.80421500000000e-01	5.00000000000000e-02
76	91	81	86	1.76370500000000e-01	5.00000000000000e-02
77	92	82	87	1.77748100000000e-01	5.00000000000000e-02
78	93	83	88	1.80102400000000e-01	5.00000000000000e-02
79	94	84	89	1.82848500000000e-01	5.00000000000000e-02
80	95	85	90	1.85312200000000e-01	5.00000000000000e-02
81	96	86	91	1.87036900000000e-01	5.00000000000000e-02
82	97	87	92	1.93332000000000e-01	5.00000000000000e-02
83	98	88	93	1.87217000000000e-01	5.00000000000000e-02
85	100	90	95	1.89207100000000e-01	5.00000000000000e-02
1	19	7	13	1.35533800000000e-01	5.00000000000000e-02
2	20	8	14	1.36390800000000e-01	5.00000000000000e-02
3	21	9	15	1.36568600000000e-01	5.00000000000000e-02
4	22	10	16	1.36155900000000e-01	5.00000000000000e-02
5	23	11	17	1.35057000000000e-01	5.00000000000000e-02
6	24	12	18	1.34235100000000e-01	5.00000000000000e-02
7	25	13	19	1.34274900000000e-01	5.00000000000000e-02
8	26	14	20	1.35830300000000e-01	5.00000000000000e-02
9	27	15	21	1.37568000000000e-01	5.00000000000000e-02
10	28	16	22	1.37188700000000e-01	5.00000000000000e-02
11	29	17	23	1.37731500000000e-01	5.00000000000000e-02
12	30	18	24	1.38441800000000e-01	5.00000000000000e-02
13	31	19	25	1.37861700000000e-01	5.00000000000000e-02
14	32	20	26	1.36953300000000e-01	5.00000000000000e-02
16	34	22	28	1.35875400000000e-01	5.00000000000000e-02
17	35	23	29	1.34876200000000e-01	5.00000000000000e-02
19	37	25	31	1.33962200000000e-01	5.00000000000000e-02
20	38	26	32	1.34342200000000e-01	5.00000000000000e-02
21	39	27	33	1.31942500000000e-01	5.00000000000000e-02
24	42	30	36	1.15392900000000e-01	5.00000000000000e-02
25	43	31	37	1.31605000000000e-01	5.00000000000000e-02
26	44	32	38	1.32201000000000e-01	5.00000000000000e-02
27	45	33	39	1.34317100000000e-01	5.00000000000000e-02
28	46	34	40	1.34525700000000e-01	5.00000000000000e-02
29	47	35	41	1.35876000000000e-01	5.00000000000000e-02
30	48	36	42	1.37812100000000e-01	5.00000000000000e-02
31	49	37	43	1.38062100000000e-01	5.00000000000000e-02
32	50	38	44	1.37952700000000e-01	5.00000000000000e-02
33	51	39	45	1.37990300000000e-01	5.00000000000000e-02
34	52	40	46	1.38755500000000e-01	5.00000000000000e-02
35	53	41	47	1.36952300000000e-01	5.00000000000000e-02
36	54	42	48	1.37096200000000e-01	5.00000000000000e-02
37	55	43	49	1.37289600000000e-01	5.00000000000000e-02
38	56	44	50	1.35952600000000e-01	5.00000000000000e-02
39	57	45	51	1.33009000000000e-01	5.00000000000000e-02
40	58	46	52	1.31669100000000e-01	5.00000000000000e-02
41	59	47	53	1.32369800000000e-01	5.00000000000000e-02
42	60	48	54	1.30878100000000e-01	5.00000000000000e-02
44	62	50	56	1.30608200000000e-01	5.00000000000000e-02
45	63	51	57	1.33885500000000e-01	5.00000000000000e-02
46	64	52	58	1.33242000000000e-01	5.00000000000000e-02
47	65	53	59	1.33911700000000e-01	5.00000000000000e-02
48	66	54	60	1.37652500000000e-01	5.00000000000000e-02
49	67	55	61	1.41139000000000e-01	5.00000000000000e-02
50	68	56	62	1.40231600000000e-01	5.00000000000000e-02
51	69	57	63	1.36419700000000e-01	5.00000000000000e-02
52	70	58	64	1.37526300000000e-01	5.00000000000000e-02
53	71	59	65	1.36033200000000e-01	5.00000000000000e-02
54	72	60	66	1.34540900000000e-01	5.00000000000000e-02
55	73	61	67	1.31987900000000e-01	5.00000000000000e-02
56	74	62	68	1.31775200000000e-01	5.00000000000000e-02
57	75	63	69	1.36615000000000e-01	5.00000000000000e-02
58	76	64	70	1.37695300000000e-01	5.00000000000000e-02
59	77	65	71	1.40736700000000e-01	5.00000000000000e-02
60	78	66	72	1.46097700000000e-01	5.00000000000000e-02
61	79	67	73	1.52009000000000e-01	5.00000000000000e-02
62	80	68	74	1.55613100000000e-01	5.00000000000000e-02
63	81	69	75	1.57107500000000e-01	5.00000000000000e-02
65	83	71	77	1.63850500000000e-01	5.00000000000000e-02
66	84	72	78	1.63749900000000e-01	5.00000000000000e-02
67	85	73	79	1.66930100000000e-01	5.00000000000000e-02
68	86	74	80	1.67052100000000e-01	5.00000000000000e-02
69	87	75	81	1.69985900000000e-01	5.00000000000000e-02
70	88	76	82	1.66397800000000e-01	5.00000000000000e-02
71	89	77	83	1.65382800000000e-01	5.00000000000000e-02
72	90	78	84	1.68679900000000e-01	5.00000000000000e-02
74	92	80	86	1.53209000000000e-01	5.00000000000000e-02
75	93	81	87	1.61307600000000e-01	5.00000000000000e-02
76	94	82	88	1.67130900000000e-01	5.00000000000000e-02
77	95	83	89	1.67563100000000e-01	5.00000000000000e-02
78	96	84	90	1.36150200000000e-01	5.00000000000000e-02
79	97	85	91	1.51810800000000e-01	5.00000000000000e-02
80	98	86	92	1.72922600000000e-01	5.00000000000000e-02
81	99	87	93	1.75229400000000e-01	5.00000000000000e-02
82	100	88	94	1.30253100000000e-01	5.00000000000000e-02
1	22	8	15	1.19489300000000e-01	5.00000000000000e-02
2	23	9	16	1.29471500000000e-01	5.00000000000000e-02
3	24	10	17	1.28916700000000e-01	5.00000000000000e-02
4	25	11	18	1.27321300000000e-01	5.00000000000000e-02
5	26	12	19	1.26731600000000e-01	5.00000000000000e-02
6	27	13	20	1.27793900000000e-01	5.00000000000000e-02
7	28	14	21	1.29634100000000e-01	5.00000000000000e-02
8	29	15	22	1.29170700000000e-01	5.00000000000000e-02
9	30	16	23	1.28767100000000e-01	5.00000000000000e-02
10	31	17	24	1.30134100000000e-01	5.00000000000000e-02
11	32	18	25	1.28788300000000e-01	5.00000000000000e-02
12	33	19	26	1.30283800000000e-01	5.00000000000000e-02
14	35	21	28	1.28231100000000e-01	5.00000000000000e-02
15	36	22	29	1.27551200000000e-01	5.00000000000000e-02
17	38	24	31	1.26174500000000e-01	5.00000000000000e-02
18	39	25	32	1.26883700000000e-01	5.00000000000000e-02
19	40	26	33	1.25581400000000e-01	5.00000000000000e-02
22	43	29	36	1.23885000000000e-01	5.00000000000000e-02
23	44	30	37	1.21275000000000e-01	5.00000000000000e-02
24	45	31	38	1.25408600000000e-01	5.00000000000000e-02
25	46	32	39	1.24215000000000e-01	5.00000000000000e-02
26	47	33	40	1.26815900000000e-01	5.00000000000000e-02
27	48	34	41	1.27790800000000e-01	5.00000000000000e-02
28	49	35	42	1.28577700000000e-01	5.00000000000000e-02
29	50	36	43	1.27834900000000e-01	5.00000000000000e-02
30	51	37	44	1.32004500000000e-01	5.00000000000000e-02
31	52	38	45	1.31387500000000e-01	5.00000000000000e-02
32	53	39	46	1.32114300000000e-01	5.00000000000000e-02
33	54	40	47	1.30524300000000e-01	5.00000000000000e-02
34	55	41	48	1.31367200000000e-01	5.00000000000000e-02
35	56	42	49	1.30361200000000e-01	5.00000000000000e-02
36	57	43	50	1.28246100000000e-01	5.00000000000000e-02
37	58	44	51	1.25998100000000e-01	5.00000000000000e-02
38	59	45	52	1.25731400000000e-01	5.00000000000000e-02
39	60	46	53	1.23450500000000e-01	5.00000000000000e-02
40	61	47	54	1.24043000000000e-01	5.00000000000000e-02
42	63	49	56	1.25154300000000e-01	5.00000000000000e-02
43	64	50	57	1.26160100000000e-01	5.00000000000000e-02
44	65	51	58	1.27515500000000e-01	5.00000000000000e-02
45	66	52	59	1.28711800000000e-01	5.00000000000000e-02
46	67	53	60	1.32494700000000e-01	5.00000000000000e-02
47	68	54	61	1.33681400000000e-01	5.00000000000000e-02
48	69	55	62	1.35045400000000e-01	5.00000000000000e-02
49	70	56	63	1.31948200000000e-01	5.00000000000000e-02
50	71	57	64	1.31298300000000e-01	5.00000000000000e-02
51	72	58	65	1.29168600000000e-01	5.00000000000000e-02
52	73	59	66	1.29073400000000e-01	5.00000000000000e-02
53	74	60	67	1.27057100000000e-01	5.00000000000000e-02
54	75	61	68	1.24650400000000e-01	5.00000000000000e-02
55	76	62	69	1.26163400000000e-01	5.00000000000000e-02
56	77	63	70	1.28965200000000e-01	5.00000000000000e-02
57	78	64	71	1.31950700000000e-01	5.00000000000000e-02
58	79	65	72	1.34215600000000e-01	5.00000000000000e-02
59	80	66	73	1.39165100000000e-01	5.00000000000000e-02
60	81	67	74	1.43023000000000e-01	5.00000000000000e-02
61	82	68	75	1.48806200000000e-01	5.00000000000000e-02
63	84	70	77	1.53763900000000e-01	5.00000000000000e-02
64	85	71	78	1.54534400000000e-01	5.00000000000000e-02
65	86	72	79	1.57029700000000e-01	5.00000000000000e-02
66	87	73	80	1.58057100000000e-01	5.00000000000000e-02
67	88	74	81	1.58100300000000e-01	5.00000000000000e-02
68	89	75	82	1.54021400000000e-01	5.00000000000000e-02
69	90	76	83	1.57054400000000e-01	5.00000000000000e-02
70	91	77	84	1.54207500000000e-01	5.00000000000000e-02
72	93	79	86	1.51776300000000e-01	5.00000000000000e-02
73	94	80	87	1.49822500000000e-01	5.00000000000000e-02
74	95	81	88	1.52472300000000e-01	5.00000000000000e-02
75	96	82	89	1.55158300000000e-01	5.00000000000000e-02
76	97	83	90	1.54987300000000e-01	5.00000000000000e-02
77	98	84	91	1.55282500000000e-01	5.00000000000000e-02
78	99	85	92	1.59290600000000e-01	5.00000000000000e-02
79	100	86	93	1.59780500000000e-01	5.00000000000000e-02
1	25	9	17	1.21008100000000e-01	5.00000000000000e-02
2	26	10	18	1.22074600000000e-01	5.00000000000000e-02
3	27	11	19	1.21256100000000e-01	5.00000000000000e-02
4	28	12	20	1.20994700000000e-01	5.00000000000000e-02
5	29	13	21	1.21848300000000e-01	5.00000000000000e-02
6	30	14	22	1.22167800000000e-01	5.00000000000000e-02
7	31	15	23	1.22557300000000e-01	5.00000000000000e-02
8	32	16	24	1.22087600000000e-01	5.00000000000000e-02
9	33	17	25	1.21865600000000e-01	5.00000000000000e-02
10	34	18	26	1.23678900000000e-01	5.00000000000000e-02
12	36	20	28	1.22619000000000e-01	5.00000000000000e-02
13	37	21	29	1.21054100000000e-01	5.00000000000000e-02
15	39	23	31	1.20129700000000e-01	5.00000000000000e-02
16	40	24	32	1.20664600000000e-01	5.00000000000000e-02
17	41	25	33	1.19632200000000e-01	5.00000000000000e-02
20	44	28	36	1.16881000000000e-01	5.00000000000000e-02
21	45	29	37	1.17419800000000e-01	5.00000000000000e-02
22	46	30	38	1.17269500000000e-01	5.00000000000000e-02
23	47	31	39	1.19189900000000e-01	5.00000000000000e-02
24	48	32	40	1.18949900000000e-01	5.00000000000000e-02
25	49	33	41	1.20010200000000e-01	5.00000000000000e-02
26	50	34	42	1.21228900000000e-01	5.00000000000000e-02
27	51	35	43	1.23931200000000e-01	5.00000000000000e-02
28	52	36	44	1.25308900000000e-01	5.00000000000000e-02
29	53	37	45	1.25633600000000e-01	5.00000000000000e-02
30	54	38	46	1.26586600000000e-01	5.00000000000000e-02
31	55	39	47	1.25390700000000e-01	5.00000000000000e-02
32	56	40	48	1.24800700000000e-01	5.00000000000000e-02
33	57	41	49	1.23841800000000e-01	5.00000000000000e-02
34	58	42	50	1.23544100000000e-01	5.00000000000000e-02
35	59	43	51	1.22007500000000e-01	5.00000000000000e-02
36	60	44	52	1.19601500000000e-01	5.00000000000000e-02
37	61	45	53	1.17152100000000e-01	5.00000000000000e-02
38	62	46	54	1.17040500000000e-01	5.00000000000000e-02
40	64	48	56	1.19695400000000e-01	5.00000000000000e-02
41	65	49	57	1.20603300000000e-01	5.00000000000000e-02
42	66	50	58	1.21313700000000e-01	5.00000000000000e-02
43	67	51	59	1.23488100000000e-01	5.00000000000000e-02
44	68	52	60	1.25000900000000e-01	5.00000000000000e-02
45	69	53	61	1.28141100000000e-01	5.00000000000000e-02
46	70	54	62	1.29131300000000e-01	5.00000000000000e-02
47	71	55	63	1.27285600000000e-01	5.00000000000000e-02
48	72	56	64	1.26003700000000e-01	5.00000000000000e-02
49	73	57	65	1.24122000000000e-01	5.00000000000000e-02
50	74	58	66	1.22210000000000e-01	5.00000000000000e-02
51	75	59	67	1.21465000000000e-01	5.00000000000000e-02
52	76	60	68	1.20355500000000e-01	5.00000000000000e-02
53	77	61	69	1.18885000000000e-01	5.00000000000000e-02
54	78	62	70	1.20398000000000e-01	5.00000000000000e-02
55	79	63	71	1.23283200000000e-01	5.00000000000000e-02
56	80	64	72	1.25639300000000e-01	5.00000000000000e-02
57	81	65	73	1.29464400000000e-01	5.00000000000000e-02
58	82	66	74	1.33480500000000e-01	5.00000000000000e-02
59	83	67	75	1.37179800000000e-01	5.00000000000000e-02
61	85	69	77	1.45814900000000e-01	5.00000000000000e-02
62	86	70	78	1.46288500000000e-01	5.00000000000000e-02
63	87	71	79	1.48951900000000e-01	5.00000000000000e-02
64	88	72	80	1.48911400000000e-01	5.00000000000000e-02
65	89	73	81	1.47680000000000e-01	5.00000000000000e-02
66	90	74	82	1.47219900000000e-01	5.00000000000000e-02
67	91	75	83	1.47750800000000e-01	5.00000000000000e-02
68	92	76	84	1.44972400000000e-01	5.00000000000000e-02
70	94	78	86	1.42559000000000e-01	5.00000000000000e-02
71	95	79	87	1.40331100000000e-01	5.00000000000000e-02
72	96	80	88	1.41774800000000e-01	5.00000000000000e-02
73	97	81	89	1.42928400000000e-01	5.00000000000000e-02
74	98	82	90	2.88911000000000e-02	1.00000000000000e-02
75	99	83	91	1.44054100000000e-01	5.00000000000000e-02
76	100	84	92	1.46969900000000e-01	5.00000000000000e-02
1	28	10	19	1.15071500000000e-01	5.00000000000000e-02
2	29	11	20	1.15937200000000e-01	5.00000000000000e-02
3	30	12	21	1.16598800000000e-01	5.00000000000000e-02
4	31	13	22	1.15705800000000e-01	5.00000000000000e-02
5	32	14	23	1.15948200000000e-01	5.00000000000000e-02
6	33	15	24	1.16384300000000e-01	5.00000000000000e-02
7	34	16	25	1.16433800000000e-01	5.00000000000000e-02
8	35	17	26	1.17564200000000e-01	5.00000000000000e-02
10	37	19	28	1.17556900000000e-01	5.00000000000000e-02
11	38	20	29	1.16695300000000e-01	5.00000000000000e-02
13	40	22	31	1.15199900000000e-01	5.00000000000000e-02
14	41	23	32	1.14635100000000e-01	5.00000000000000e-02
15	42	24	33	1.13152600000000e-01	5.00000000000000e-02
18	45	27	36	9.61373000000000e-02	5.00000000000000e-02
19	46	28	37	1.10708400000000e-01	5.00000000000000e-02
20	47	29	38	1.12117200000000e-01	5.00000000000000e-02
21	48	30	39	1.11763500000000e-01	5.00000000000000e-02
22	49	31	40	1.13232500000000e-01	5.00000000000000e-02
23	50	32	41	1.13211600000000e-01	5.00000000000000e-02
24	51	33	42	1.15493700000000e-01	5.00000000000000e-02
25	52	34	43	1.17093800000000e-01	5.00000000000000e-02
26	53	35	44	1.18426400000000e-01	5.00000000000000e-02
27	54	36	45	1.20606600000000e-01	5.00000000000000e-02
28	55	37	46	1.20751500000000e-01	5.00000000000000e-02
29	56	38	47	1.18740800000000e-01	5.00000000000000e-02
30	57	39	48	1.19545300000000e-01	5.00000000000000e-02
31	58	40	49	1.19342800000000e-01	5.00000000000000e-02
32	59	41	50	1.19555700000000e-01	5.00000000000000e-02
33	60	42	51	1.17082600000000e-01	5.00000000000000e-02
34	61	43	52	1.15728200000000e-01	5.00000000000000e-02
35	62	44	53	1.13605500000000e-01	5.00000000000000e-02
36	63	45	54	1.12833200000000e-01	5.00000000000000e-02
38	65	47	56	1.15195200000000e-01	5.00000000000000e-02
39	66	48	57	1.16427300000000e-01	5.00000000000000e-02
40	67	49	58	1.17555200000000e-01	5.00000000000000e-02
41	68	50	59	1.16943900000000e-01	5.00000000000000e-02
42	69	51	60	1.19214300000000e-01	5.00000000000000e-02
43	70	52	61	1.21384400000000e-01	5.00000000000000e-02
44	71	53	62	1.22776100000000e-01	5.00000000000000e-02
45	72	54	63	1.21720700000000e-01	5.00000000000000e-02
46	73	55	64	1.21354300000000e-01	5.00000000000000e-02
47	74	56	65	1.19042800000000e-01	5.00000000000000e-02
48	75	57	66	1.17152600000000e-01	5.00000000000000e-02
49	76	58	67	1.98110000000000e-02	1.00000000000000e-02
50	77	59	68	1.14887700000000e-01	5.00000000000000e-02
51	78	60	69	1.15191900000000e-01	5.00000000000000e-02
52	79	61	70	1.14922400000000e-01	5.00000000000000e-02
53	80	62	71	1.15559100000000e-01	5.00000000000000e-02
54	81	63	72	1.18255900000000e-01	5.00000000000000e-02
55	82	64	73	1.21912600000000e-01	5.00000000000000e-02
56	83	65	74	1.24478300000000e-01	5.00000000000000e-02
57	84	66	75	1.27651700000000e-01	5.00000000000000e-02
59	86	68	77	1.36579500000000e-01	5.00000000000000e-02
60	87	69	78	1.38367900000000e-01	5.00000000000000e-02
61	88	70	79	1.40858600000000e-01	5.00000000000000e-02
62	89	71	80	1.41130400000000e-01	5.00000000000000e-02
63	90	72	81	1.41938300000000e-01	5.00000000000000e-02
64	91	73	82	1.39441300000000e-01	5.00000000000000e-02
65	92	74	83	1.39127100000000e-01	5.00000000000000e-02
66	93	75	84	1.39095900000000e-01	5.00000000000000e-02
68	95	77	86	1.33082400000000e-01	5.00000000000000e-02
69	96	78	87	1.32287800000000e-01	5.00000000000000e-02
70	97	79	88	1.33341800000000e-01	5.00000000000000e-02
71	98	80	89	1.33226300000000e-01	5.00000000000000e-02
72	99	81	90	2.64944000000000e-02	1.00000000000000e-02
73	100	82	91	1.36025700000000e-01	5.00000000000000e-02
1	31	11	21	1.10662700000000e-01	5.00000000000000e-02
2	32	12	22	1.10898800000000e-01	5.00000000000000e-02
3	33	13	23	1.10946200000000e-01	5.00000000000000e-02
4	34	14	24	1.11595300000000e-01	5.00000000000000e-02
5	35	15	25	1.11213500000000e-01	5.00000000000000e-02
6	36	16	26	1.10821100000000e-01	5.00000000000000e-02
8	38	18	28	1.11494800000000e-01	5.00000000000000e-02
9	39	19	29	1.11100900000000e-01	5.00000000000000e-02
11	41	21	31	1.09225900000000e-01	5.00000000000000e-02
12	42	22	32	1.09320800000000e-01	5.00000000000000e-02
13	43	23	33	1.08182400000000e-01	5.00000000000000e-02
16	46	26	36	1.05654500000000e-01	5.00000000000000e-02
17	47	27	37	1.01477200000000e-01	5.00000000000000e-02
18	48	28	38	1.06303600000000e-01	5.00000000000000e-02
19	49	29	39	1.06759600000000e-01	5.00000000000000e-02
20	50	30	40	1.06438900000000e-01	5.00000000000000e-02
21	51	31	41	1.08574800000000e-01	5.00000000000000e-02
22	52	32	42	1.08870400000000e-01	5.00000000000000e-02
23	53	33	43	1.11443700000000e-01	5.00000000000000e-02
24	54	34	44	1.09228100000000e-01	5.00000000000000e-02
25	55	35	45	1.14241100000000e-01	5.00000000000000e-02
26	56	36	46	1.14676200000000e-01	5.00000000000000e-02
27	57	37	47	1.14480400000000e-01	5.00000000000000e-02
28	58	38	48	1.13928400000000e-01	5.00000000000000e-02
29	59	39	49	1.14288700000000e-01	5.00000000000000e-02
30	60	40	50	1.14734100000000e-01	5.00000000000000e-02
31	61	41	51	1.12184300000000e-01	5.00000000000000e-02
32	62	42	52	1.11810600000000e-01	5.00000000000000e-02
33	63	43	53	1.09981300000000e-01	5.00000000000000e-02
34	64	44	54	1.09803800000000e-01	5.00000000000000e-02
36	66	46	56	1.10276600000000e-01	5.00000000000000e-02
37	67	47	57	1.12647100000000e-01	5.00000000000000e-02
38	68	48	58	1.12704100000000e-01	5.00000000000000e-02
39	69	49	59	1.12693900000000e-01	5.00000000000000e-02
40	70	50	60	1.13126700000000e-01	5.00000000000000e-02
41	71	51	61	1.15474000000000e-01	5.00000000000000e-02
42	72	52	62	1.15178100000000e-01	5.00000000000000e-02
43	73	53	63	1.15742000000000e-01	5.00000000000000e-02
44	74	54	64	1.15587600000000e-01	5.00000000000000e-02
45	75	55	65	1.15036800000000e-01	5.00000000000000e-02
46	76	56	66	1.12605800000000e-01	5.00000000000000e-02
47	77	57	67	1.09965200000000e-01	5.00000000000000e-02
48	78	58	68	1.09832600000000e-01	5.00000000000000e-02
49	79	59	69	1.09897500000000e-01	5.00000000000000e-02
50	80	60	70	1.11062600000000e-01	5.00000000000000e-02
51	81	61	71	1.10438600000000e-01	5.00000000000000e-02
52	82	62	72	1.12682200000000e-01	5.00000000000000e-02
53	83	63	73	1.14297600000000e-01	5.00000000000000e-02
54	84	64	74	1.16467400000000e-01	5.00000000000000e-02
55	85	65	75	1.20058800000000e-01	5.00000000000000e-02
57	87	67	77	1.28857400000000e-01	5.00000000000000e-02
58	88	68	78	1.29756200000000e-01	5.00000000000000e-02
59	89	69	79	1.31802800000000e-01	5.00000000000000e-02
60	90	70	80	1.33625600000000e-01	5.00000000000000e-02
61	91	71	81	1.34862400000000e-01	5.00000000000000e-02
62	92	72	82	1.32838700000000e-01	5.00000000000000e-02
63	93	73	83	1.33932300000000e-01	5.00000000000000e-02
64	94	74	84	1.32082700000000e-01	5.00000000000000e-02
66	96	76	86	1.21996600000000e-01	5.00000000000000e-02
67	97	77	87	1.26038400000000e-01	5.00000000000000e-02
68	98	78	88	1.26081600000000e-01	5.00000000000000e-02
69	99	79	89	1.25842900000000e-01	5.00000000000000e-02
70	100	80	90	1.26187200000000e-01	5.00000000000000e-02
1	34	12	23	1.05753800000000e-01	5.00000000000000e-02
2	35	13	24	1.06767600000000e-01	5.00000000000000e-02
3	36	14	25	1.04810000000000e-01	5.00000000000000e-02
4	37	15	26	1.06021400000000e-01	5.00000000000000e-02
6	39	17	28	1.06259200000000e-01	5.00000000000000e-02
7	40	18	29	1.06711700000000e-01	5.00000000000000e-02
9	42	20	31	1.05418400000000e-01	5.00000000000000e-02
10	43	21	32	1.04125500000000e-01	5.00000000000000e-02
11	44	22	33	1.02555900000000e-01	5.00000000000000e-02
14	47	25	36	1.01927500000000e-01	5.00000000000000e-02
15	48	26	37	1.01359900000000e-01	5.00000000000000e-02
16	49	27	38	1.01970200000000e-01	5.00000000000000e-02
17	50	28	39	1.01504800000000e-01	5.00000000000000e-02
18	51	29	40	1.02402400000000e-01	5.00000000000000e-02
19	52	30	41	1.02555500000000e-01	5.00000000000000e-02
20	53	31	42	1.04195900000000e-01	5.00000000000000e-02
21	54	32	43	1.05377400000000e-01	5.00000000000000e-02
22	55	33	44	1.07844900000000e-01	5.00000000000000e-02
23	56	34	45	1.08389300000000e-01	5.00000000000000e-02
24	57	35	46	1.09209000000000e-01	5.00000000000000e-02
25	58	36	47	1.08350000000000e-01	5.00000000000000e-02
26	59	37	48	1.09518800000000e-01	5.00000000000000e-02
27	60	38	49	1.09793300000000e-01	5.00000000000000e-02
28	61	39	50	1.09079300000000e-01	5.00000000000000e-02
29	62	40	51	1.08064100000000e-01	5.00000000000000e-02
30	63	41	52	1.08621100000000e-01	5.00000000000000e-02
31	64	42	53	1.07406600000000e-01	5.00000000000000e-02
32	65	43	54	1.06859500000000e-01	5.00000000000000e-02
34	67	45	56	1.07992400000000e-01	5.00000000000000e-02
35	68	46	57	1.07896200000000e-01	5.00000000000000e-02
36	69	47	58	1.08340800000000e-01	5.00000000000000e-02
37	70	48	59	1.07528400000000e-01	5.00000000000000e-02
38	71	49	60	1.08620600000000e-01	5.00000000000000e-02
39	72	50	61	1.08779100000000e-01	5.00000000000000e-02
40	73	51	62	1.10252200000000e-01	5.00000000000000e-02
41	74	52	63	1.08779400000000e-01	5.00000000000000e-02
42	75	53	64	1.09528200000000e-01	5.00000000000000e-02
43	76	54	65	1.09076500000000e-01	5.00000000000000e-02
44	77	55	66	1.07630500000000e-01	5.00000000000000e-02
45	78	56	67	1.06287500000000e-01	5.00000000000000e-02
46	79	57	68	1.04674600000000e-01	5.00000000000000e-02
47	80	58	69	1.05259800000000e-01	5.00000000000000e-02
48	81	59	70	1.05870800000000e-01	5.00000000000000e-02
49	82	60	71	1.07570400000000e-01	5.00000000000000e-02
50	83	61	72	1.07351000000000e-01	5.00000000000000e-02
51	84	62	73	1.08548500000000e-01	5.00000000000000e-02
52	85	63	74	1.12254900000000e-01	5.00000000000000e-02
53	86	64	75	1.13186100000000e-01	5.00000000000000e-02
55	88	66	77	1.18636800000000e-01	5.00000000000000e-02
56	89	67	78	1.21673500000000e-01	5.00000000000000e-02
57	90	68	79	1.25910800000000e-01	5.00000000000000e-02
58	91	69	80	1.26462400000000e-01	5.00000000000000e-02
59	92	70	81	1.26628700000000e-01	5.00000000000000e-02
60	93	71	82	1.26769900000000e-01	5.00000000000000e-02
61	94	72	83	1.27325300000000e-01	5.00000000000000e-02
62	95	73	84	1.27009900000000e-01	5.00000000000000e-02
64	97	75	86	1.24228300000000e-01	5.00000000000000e-02
65	98	76	87	1.21091400000000e-01	5.00000000000000e-02
66	99	77	88	1.20908800000000e-01	5.00000000000000e-02
67	100	78	89	1.20955600000000e-01	5.00000000000000e-02
1	37	13	25	1.00722300000000e-01	5.00000000000000e-02
2	38	14	26	1.01846600000000e-01	5.00000000000000e-02
4	40	16	28	1.01950600000000e-01	5.00000000000000e-02
5	41	17	29	1.01408400000000e-01	5.00000000000000e-02
7	43	19	31	1.01110000000000e-01	5.00000000000000e-02
8	44	20	32	1.00023900000000e-01	5.00000000000000e-02
9	45	21	33	9.80271000000000e-02	5.00000000000000e-02
12	48	24	36	9.62722000000000e-02	5.00000000000000e-02
13	49	25	37	9.72526000000000e-02	5.00000000000000e-02
14	50	26	38	9.73582000000000e-02	5.00000000000000e-02
15	51	27	39	9.69947000000000e-02	5.00000000000000e-02
16	52	28	40	9.86509000000000e-02	5.00000000000000e-02
17	53	29	41	9.86012000000000e-02	5.00000000000000e-02
18	54	30	42	9.93006000000000e-02	5.00000000000000e-02
19	55	31	43	1.01064700000000e-01	5.00000000000000e-02
20	56	32	44	1.01497600000000e-01	5.00000000000000e-02
21	57	33	45	1.03028400000000e-01	5.00000000000000e-02
22	58	34	46	1.03810400000000e-01	5.00000000000000e-02
23	59	35	47	1.04414700000000e-01	5.00000000000000e-02
24	60	36	48	1.04716200000000e-01	5.00000000000000e-02
25	61	37	49	1.04410700000000e-01	5.00000000000000e-02
26	62	38	50	1.04606600000000e-01	5.00000000000000e-02
27	63	39	51	1.04975300000000e-01	5.00000000000000e-02
28	64	40	52	1.04590200000000e-01	5.00000000000000e-02
29	65	41	53	1.03703700000000e-01	5.00000000000000e-02
30	66	42	54	1.04855100000000e-01	5.00000000000000e-02
32	68	44	56	1.04633400000000e-01	5.00000000000000e-02
33	69	45	57	1.04320600000000e-01	5.00000000000000e-02
34	70	46	58	1.04077200000000e-01	5.00000000000000e-02
35	71	47	59	1.04222400000000e-01	5.00000000000000e-02
36	72	48	60	1.03880500000000e-01	5.00000000000000e-02
37	73	49	61	1.03959500000000e-01	5.00000000000000e-02
38	74	50	62	1.04277300000000e-01	5.00000000000000e-02
39	75	51	63	1.03488800000000e-01	5.00000000000000e-02
40	76	52	64	1.03344300000000e-01	5.00000000000000e-02
41	77	53	65	1.02795900000000e-01	5.00000000000000e-02
42	78	54	66	1.02339400000000e-01	5.00000000000000e-02
43	79	55	67	1.01539800000000e-01	5.00000000000000e-02
44	80	56	68	1.00640800000000e-01	5.00000000000000e-02
45	81	57	69	1.00696800000000e-01	5.00000000000000e-02
46	82	58	70	1.02218600000000e-01	5.00000000000000e-02
47	83	59	71	1.02698100000000e-01	5.00000000000000e-02
48	84	60	72	1.03553400000000e-01	5.00000000000000e-02
49	85	61	73	1.05237500000000e-01	5.00000000000000e-02
50	86	62	74	1.06256100000000e-01	5.00000000000000e-02
51	87	63	75	1.08324800000000e-01	5.00000000000000e-02
53	89	65	77	1.12076000000000e-01	5.00000000000000e-02
54	90	66	78	1.14891700000000e-01	5.00000000000000e-02
55	91	67	79	1.17531400000000e-01	5.00000000000000e-02
56	92	68	80	1.18026700000000e-01	5.00000000000000e-02
57	93	69	81	1.20770500000000e-01	5.00000000000000e-02
58	94	70	82	1.19993900000000e-01	5.00000000000000e-02
59	95	71	83	1.21343500000000e-01	5.00000000000000e-02
60	96	72	84	1.20691700000000e-01	5.00000000000000e-02
62	98	74	86	1.18478800000000e-01	5.00000000000000e-02
63	99	75	87	1.17343000000000e-01	5.00000000000000e-02
64	100	76	88	1.16795900000000e-01	5.00000000000000e-02
2	41	15	28	9.75333000000000e-02	5.00000000000000e-02
3	42	16	29	9.71261000000000e-02	5.00000000000000e-02
5	44	18	31	9.58613000000000e-02	5.00000000000000e-02
6	45	19	32	9.58566000000000e-02	5.00000000000000e-02
7	46	20	33	9.44991000000000e-02	5.00000000000000e-02
10	49	23	36	8.71349000000000e-02	5.00000000000000e-02
11	50	24	37	9.22634000000000e-02	5.00000000000000e-02
12	51	25	38	9.33736000000000e-02	5.00000000000000e-02
13	52	26	39	9.37057000000000e-02	5.00000000000000e-02
14	53	27	40	9.43659000000000e-02	5.00000000000000e-02
15	54	28	41	9.50428000000000e-02	5.00000000000000e-02
16	55	29	42	9.64094000000000e-02	5.00000000000000e-02
17	56	30	43	9.61035000000000e-02	5.00000000000000e-02
18	57	31	44	9.69669000000000e-02	5.00000000000000e-02
19	58	32	45	9.74205000000000e-02	5.00000000000000e-02
20	59	33	46	9.88435000000000e-02	5.00000000000000e-02
21	60	34	47	9.92514000000000e-02	5.00000000000000e-02
22	61	35	48	9.95871000000000e-02	5.00000000000000e-02
23	62	36	49	9.92672000000000e-02	5.00000000000000e-02
24	63	37	50	1.01434100000000e-01	5.00000000000000e-02
25	64	38	51	1.00059700000000e-01	5.00000000000000e-02
26	65	39	52	1.00691700000000e-01	5.00000000000000e-02
27	66	40	53	1.00884900000000e-01	5.00000000000000e-02
28	67	41	54	1.01291900000000e-01	5.00000000000000e-02
30	69	43	56	1.01964700000000e-01	5.00000000000000e-02
31	70	44	57	1.01417000000000e-01	5.00000000000000e-02
32	71	45	58	1.00781500000000e-01	5.00000000000000e-02
33	72	46	59	9.98076000000000e-02	5.00000000000000e-02
34	73	47	60	1.00301300000000e-01	5.00000000000000e-02
35	74	48	61	1.00479600000000e-01	5.00000000000000e-02
36	75	49	62	9.92747000000000e-02	5.00000000000000e-02
37	76	50	63	9.78576000000000e-02	5.00000000000000e-02
38	77	51	64	9.76062000000000e-02	5.00000000000000e-02
39	78	52	65	9.72224000000000e-02	5.00000000000000e-02
40	79	53	66	9.55130000000000e-02	5.00000000000000e-02
41	80	54	67	9.67847000000000e-02	5.00000000000000e-02
42	81	55	68	8.85339000000000e-02	5.00000000000000e-02
43	82	56	69	9.73020000000000e-02	5.00000000000000e-02
44	83	57	70	9.73107000000000e-02	5.00000000000000e-02
45	84	58	71	9.82058000000000e-02	5.00000000000000e-02
46	85	59	72	1.00134100000000e-01	5.00000000000000e-02
47	86	60	73	1.00651200000000e-01	5.00000000000000e-02
48	87	61	74	1.02059700000000e-01	5.00000000000000e-02
49	88	62	75	1.02970600000000e-01	5.00000000000000e-02
51	90	64	77	1.07376600000000e-01	5.00000000000000e-02
52	91	65	78	1.08669600000000e-01	5.00000000000000e-02
53	92	66	79	1.10060500000000e-01	5.00000000000000e-02
54	93	67	80	1.12317300000000e-01	5.00000000000000e-02
55	94	68	81	1.14334000000000e-01	5.00000000000000e-02
56	95	69	82	1.14092300000000e-01	5.00000000000000e-02
57	96	70	83	1.15129000000000e-01	5.00000000000000e-02
58	97	71	84	1.15249200000000e-01	5.00000000000000e-02
60	99	73	86	1.13528500000000e-01	5.00000000000000e-02
61	100	74	87	1.13082400000000e-01	5.00000000000000e-02
1	43	15	29	9.20212000000000e-02	5.00000000000000e-02
3	45	17	31	9.21486000000000e-02	5.00000000000000e-02
4	46	18	32	9.13553000000000e-02	5.00000000000000e-02
5	47	19	33	9.12175000000000e-02	5.00000000000000e-02
8	50	22	36	8.88010000000000e-02	5.00000000000000e-02
9	51	23	37	8.88355000000000e-02	5.00000000000000e-02
10	52	24	38	9.00256000000000e-02	5.00000000000000e-02
11	53	25	39	9.01924000000000e-02	5.00000000000000e-02
12	54	26	40	9.07789000000000e-02	5.00000000000000e-02
13	55	27	41	9.12748000000000e-02	5.00000000000000e-02
14	56	28	42	9.15193000000000e-02	5.00000000000000e-02
15	57	29	43	9.20717000000000e-02	5.00000000000000e-02
16	58	30	44	9.12669000000000e-02	5.00000000000000e-02
17	59	31	45	9.39999000000000e-02	5.00000000000000e-02
18	60	32	46	9.40004000000000e-02	5.00000000000000e-02
19	61	33	47	9.42368000000000e-02	5.00000000000000e-02
20	62	34	48	9.50932000000000e-02	5.00000000000000e-02
21	63	35	49	9.64235000000000e-02	5.00000000000000e-02
22	64	36	50	9.71032000000000e-02	5.00000000000000e-02
23	65	37	51	9.71515000000000e-02	5.00000000000000e-02
24	66	38	52	9.76549000000000e-02	5.00000000000000e-02
25	67	39	53	9.71252000000000e-02	5.00000000000000e-02
26	68	40	54	9.77389000000000e-02	5.00000000000000e-02
28	70	42	56	9.83684000000000e-02	5.00000000000000e-02
29	71	43	57	9.77289000000000e-02	5.00000000000000e-02
30	72	44	58	9.77200000000000e-02	5.00000000000000e-02
31	73	45	59	9.65599000000000e-02	5.00000000000000e-02
32	74	46	60	9.62960000000000e-02	5.00000000000000e-02
33	75	47	61	9.65118000000000e-02	5.00000000000000e-02
34	76	48	62	9.57327000000000e-02	5.00000000000000e-02
35	77	49	63	9.38504000000000e-02	5.00000000000000e-02
36	78	50	64	9.25843000000000e-02	5.00000000000000e-02
37	79	51	65	9.22108000000000e-02	5.00000000000000e-02
38	80	52	66	9.18027000000000e-02	5.00000000000000e-02
39	81	53	67	9.17670000000000e-02	5.00000000000000e-02
40	82	54	68	9.23133000000000e-02	5.00000000000000e-02
41	83	55	69	9.29749000000000e-02	5.00000000000000e-02
42	84	56	70	9.31945000000000e-02	5.00000000000000e-02
43	85	57	71	9.44187000000000e-02	5.00000000000000e-02
44	86	58	72	9.53411000000000e-02	5.00000000000000e-02
45	87	59	73	9.74408000000000e-02	5.00000000000000e-02
46	88	60	74	9.83154000000000e-02	5.00000000000000e-02
47	89	61	75	9.79136000000000e-02	5.00000000000000e-02
49	91	63	77	1.02421900000000e-01	5.00000000000000e-02
50	92	64	78	1.02430800000000e-01	5.00000000000000e-02
51	93	65	79	1.05307700000000e-01	5.00000000000000e-02
52	94	66	80	1.06282500000000e-01	5.00000000000000e-02
53	95	67	81	1.07817900000000e-01	5.00000000000000e-02
54	96	68	82	1.07616500000000e-01	5.00000000000000e-02
55	97	69	83	1.09679200000000e-01	5.00000000000000e-02
56	98	70	84	1.09512000000000e-01	5.00000000000000e-02
58	100	72	86	1.09168500000000e-01	5.00000000000000e-02
1	46	16	31	8.76797000000000e-02	5.00000000000000e-02
2	47	17	32	8.82106000000000e-02	5.00000000000000e-02
3	48	18	33	8.71496000000000e-02	5.00000000000000e-02
6	51	21	36	8.52034000000000e-02	5.00000000000000e-02
7	52	22	37	8.61505000000000e-02	5.00000000000000e-02
8	53	23	38	8.66710000000000e-02	5.00000000000000e-02
9	54	24	39	8.65718000000000e-02	5.00000000000000e-02
10	55	25	40	8.78604000000000e-02	5.00000000000000e-02
11	56	26	41	8.72785000000000e-02	5.00000000000000e-02
12	57	27	42	8.78212000000000e-02	5.00000000000000e-02
13	58	28	43	8.82411000000000e-02	5.00000000000000e-02
14	59	29	44	8.97847000000000e-02	5.00000000000000e-02
15	60	30	45	8.93116000000000e-02	5.00000000000000e-02
16	61	31	46	9.04425000000000e-02	5.00000000000000e-02
17	62	32	47	9.00383000000000e-02	5.00000000000000e-02
18	63	33	48	9.12294000000000e-02	5.00000000000000e-02
19	64	34	49	9.20279000000000e-02	5.00000000000000e-02
20	65	35	50	9.29725000000000e-02	5.00000000000000e-02
21	66	36	51	9.38635000000000e-02	5.00000000000000e-02
22	67	37	52	9.44234000000000e-02	5.00000000000000e-02
23	68	38	53	9.38843000000000e-02	5.00000000000000e-02
24	69	39	54	9.43405000000000e-02	5.00000000000000e-02
26	71	41	56	9.45282000000000e-02	5.00000000000000e-02
27	72	42	57	9.49057000000000e-02	5.00000000000000e-02
28	73	43	58	9.38172000000000e-02	5.00000000000000e-02
29	74	44	59	9.31595000000000e-02	5.00000000000000e-02
30	75	45	60	9.29234000000000e-02	5.00000000000000e-02
31	76	46	61	9.23583000000000e-02	5.00000000000000e-02
32	77	47	62	9.16935000000000e-02	5.00000000000000e-02
33	78	48	63	9.03362000000000e-02	5.00000000000000e-02
34	79	49	64	8.92154000000000e-02	5.00000000000000e-02
35	80	50	65	8.81907000000000e-02	5.00000000000000e-02
36	81	51	66	8.76998000000000e-02	5.00000000000000e-02
37	82	52	67	8.71990000000000e-02	5.00000000000000e-02
38	83	53	68	8.80212000000000e-02	5.00000000000000e-02
39	84	54	69	8.83525000000000e-02	5.00000000000000e-02
40	85	55	70	9.00386000000000e-02	5.00000000000000e-02
41	86	56	71	9.05734000000000e-02	5.00000000000000e-02
42	87	57	72	9.13515000000000e-02	5.00000000000000e-02
43	88	58	73	9.30648000000000e-02	5.00000000000000e-02
44	89	59	74	9.36961000000000e-02	5.00000000000000e-02
45	90	60	75	9.54712000000000e-02	5.00000000000000e-02
47	92	62	77	9.69036000000000e-02	5.00000000000000e-02
48	93	63	78	9.83587000000000e-02	5.00000000000000e-02
49	94	64	79	9.98260000000000e-02	5.00000000000000e-02
50	95	65	80	1.02084800000000e-01	5.00000000000000e-02
51	96	66	81	1.01351600000000e-01	5.00000000000000e-02
52	97	67	82	1.03383700000000e-01	5.00000000000000e-02
53	98	68	83	1.03822200000000e-01	5.00000000000000e-02
54	99	69	84	1.04248400000000e-01	5.00000000000000e-02
1	49	17	33	8.36146000000000e-02	5.00000000000000e-02
4	52	20	36	8.29601000000000e-02	5.00000000000000e-02
5	53	21	37	8.26558000000000e-02	5.00000000000000e-02
6	54	22	38	8.31004000000000e-02	5.00000000000000e-02
7	55	23	39	8.38216000000000e-02	5.00000000000000e-02
8	56	24	40	8.35717000000000e-02	5.00000000000000e-02
9	57	25	41	8.40851000000000e-02	5.00000000000000e-02
10	58	26	42	8.41900000000000e-02	5.00000000000000e-02
11	59	27	43	8.48953000000000e-02	5.00000000000000e-02
12	60	28	44	8.57294000000000e-02	5.00000000000000e-02
13	61	29	45	8.63836000000000e-02	5.00000000000000e-02
14	62	30	46	8.68165000000000e-02	5.00000000000000e-02
15	63	31	47	8.71132000000000e-02	5.00000000000000e-02
16	64	32	48	8.75916000000000e-02	5.00000000000000e-02
17	65	33	49	8.84276000000000e-02	5.00000000000000e-02
18	66	34	50	8.96812000000000e-02	5.00000000000000e-02
19	67	35	51	8.99658000000000e-02	5.00000000000000e-02
20	68	36	52	8.70028000000000e-02	5.00000000000000e-02
21	69	37	53	9.03399000000000e-02	5.00000000000000e-02
22	70	38	54	9.04531000000000e-02	5.00000000000000e-02
24	72	40	56	9.11578000000000e-02	5.00000000000000e-02
25	73	41	57	9.06269000000000e-02	5.00000000000000e-02
26	74	42	58	9.07181000000000e-02	5.00000000000000e-02
27	75	43	59	8.98192000000000e-02	5.00000000000000e-02
28	76	44	60	8.91868000000000e-02	5.00000000000000e-02
29	77	45	61	8.83328000000000e-02	5.00000000000000e-02
30	78	46	62	8.82853000000000e-02	5.00000000000000e-02
31	79	47	63	8.68172000000000e-02	5.00000000000000e-02
32	80	48	64	8.59817000000000e-02	5.00000000000000e-02
33	81	49	65	8.47858000000000e-02	5.00000000000000e-02
34	82	50	66	8.43967000000000e-02	5.00000000000000e-02
35	83	51	67	8.40888000000000e-02	5.00000000000000e-02
36	84	52	68	8.30599000000000e-02	5.00000000000000e-02
37	85	53	69	8.48973000000000e-02	5.00000000000000e-02
38	86	54	70	8.60434000000000e-02	5.00000000000000e-02
39	87	55	71	8.71004000000000e-02	5.00000000000000e-02
40	88	56	72	8.78069000000000e-02	5.00000000000000e-02
41	89	57	73	8.80089000000000e-02	5.00000000000000e-02
42	90	58	74	9.01363000000000e-02	5.00000000000000e-02
43	91	59	75	9.05894000000000e-02	5.00000000000000e-02
45	93	61	77	9.31032000000000e-02	5.00000000000000e-02
46	94	62	78	9.33733000000000e-02	5.00000000000000e-02
47	95	63	79	9.50404000000000e-02	5.00000000000000e-02
48	96	64	80	9.59817000000000e-02	5.00000000000000e-02
49	97	65	81	9.80684000000000e-02	5.00000000000000e-02
50	98	66	82	9.74317000000000e-02	5.00000000000000e-02
51	99	67	83	9.93040000000000e-02	5.00000000000000e-02
52	100	68	84	1.00035400000000e-01	5.00000000000000e-02
2	53	19	36	8.05155000000000e-02	5.00000000000000e-02
3	54	20	37	8.05309000000000e-02	5.00000000000000e-02
4	55	21	38	8.03548000000000e-02	5.00000000000000e-02
5	56	22	39	8.02712000000000e-02	5.00000000000000e-02
6	57	23	40	8.06092000000000e-02	5.00000000000000e-02
7	58	24	41	8.09398000000000e-02	5.00000000000000e-02
8	59	25	42	8.20261000000000e-02	5.00000000000000e-02
9	60	26	43	8.17595000000000e-02	5.00000000000000e-02
10	61	27	44	8.06642000000000e-02	5.00000000000000e-02
11	62	28	45	8.24787000000000e-02	5.00000000000000e-02
12	63	29	46	8.37394000000000e-02	5.00000000000000e-02
13	64	30	47	8.32155000000000e-02	5.00000000000000e-02
14	65	31	48	8.48206000000000e-02	5.00000000000000e-02
15	66	32	49	8.54775000000000e-02	5.00000000000000e-02
16	67	33	50	8.68699000000000e-02	5.00000000000000e-02
17	68	34	51	8.62055000000000e-02	5.00000000000000e-02
18	69	35	52	8.67073000000000e-02	5.00000000000000e-02
19	70	36	53	8.67674000000000e-02	5.00000000000000e-02
20	71	37	54	8.69038000000000e-02	5.00000000000000e-02
22	73	39	56	8.70412000000000e-02	5.00000000000000e-02
23	74	40	57	8.78383000000000e-02	5.00000000000000e-02
24	75	41	58	8.71099000000000e-02	5.00000000000000e-02
25	76	42	59	8.63267000000000e-02	5.00000000000000e-02
26	77	43	60	8.51498000000000e-02	5.00000000000000e-02
27	78	44	61	8.55807000000000e-02	5.00000000000000e-02
28	79	45	62	8.43348000000000e-02	5.00000000000000e-02
29	80	46	63	8.31160000000000e-02	5.00000000000000e-02
30	81	47	64	8.33570000000000e-02	5.00000000000000e-02
31	82	48	65	8.24751000000000e-02	5.00000000000000e-02
32	83	49	66	8.14268000000000e-02	5.00000000000000e-02
33	84	50	67	8.00789000000000e-02	5.00000000000000e-02
34	85	51	68	8.06346000000000e-02	5.00000000000000e-02
35	86	52	69	8.15487000000000e-02	5.00000000000000e-02
36	87	53	70	8.26053000000000e-02	5.00000000000000e-02
37	88	54	71	8.27049000000000e-02	5.00000000000000e-02
38	89	55	72	8.38426000000000e-02	5.00000000000000e-02
39	90	56	73	8.51328000000000e-02	5.00000000000000e-02
40	91	57	74	8.59016000000000e-02	5.00000000000000e-02
41	92	58	75	8.59597000000000e-02	5.00000000000000e-02
43	94	60	77	8.86333000000000e-02	5.00000000000000e-02
44	95	61	78	8.98616000000000e-02	5.00000000000000e-02
45	96	62	79	9.04979000000000e-02	5.00000000000000e-02
46	97	63	80	9.21501000000000e-02	5.00000000000000e-02
47	98	64	81	9.25196000000000e-02	5.00000000000000e-02
48	99	65	82	9.28442000000000e-02	5.00000000000000e-02
49	100	66	83	9.43057000000000e-02	5.00000000000000e-02
1	55	19	37	7.83118000000000e-02	5.00000000000000e-02
2	56	20	38	7.80882000000000e-02	5.00000000000000e-02
3	57	21	39	7.77454000000000e-02	5.00000000000000e-02
4	58	22	40	7.71044000000000e-02	5.00000000000000e-02
5	59	23	41	7.77706000000000e-02	5.00000000000000e-02
6	60	24	42	7.80232000000000e-02	5.00000000000000e-02
7	61	25	43	7.88546000000000e-02	5.00000000000000e-02
8	62	26	44	7.98065000000000e-02	5.00000000000000e-02
9	63	27	45	8.09318000000000e-02	5.00000000000000e-02
10	64	28	46	8.01188000000000e-02	5.00000000000000e-02
11	65	29	47	8.05171000000000e-02	5.00000000000000e-02
12	66	30	48	8.16859000000000e-02	5.00000000000000e-02
13	67	31	49	8.26239000000000e-02	5.00000000000000e-02
14	68	32	50	8.31012000000000e-02	5.00000000000000e-02
15	69	33	51	8.30027000000000e-02	5.00000000000000e-02
16	70	34	52	8.34038000000000e-02	5.00000000000000e-02
17	71	35	53	8.29508000000000e-02	5.00000000000000e-02
18	72	36	54	8.32129000000000e-02	5.00000000000000e-02
20	74	38	56	8.35692000000000e-02	5.00000000000000e-02
21	75	39	57	8.35524000000000e-02	5.00000000000000e-02
22	76	40	58	8.33476000000000e-02	5.00000000000000e-02
23	77	41	59	8.25308000000000e-02	5.00000000000000e-02
24	78	42	60	8.26442000000000e-02	5.00000000000000e-02
25	79	43	61	8.16503000000000e-02	5.00000000000000e-02
26	80	44	62	8.13684000000000e-02	5.00000000000000e-02
27	81	45	63	8.05136000000000e-02	5.00000000000000e-02
28	82	46	64	7.96681000000000e-02	5.00000000000000e-02
29	83	47	65	7.92768000000000e-02	5.00000000000000e-02
30	84	48	66	7.88915000000000e-02	5.00000000000000e-02
31	85	49	67	7.81850000000000e-02	5.00000000000000e-02
32	86	50	68	7.77971000000000e-02	5.00000000000000e-02
33	87	51	69	7.81864000000000e-02	5.00000000000000e-02
34	88	52	70	7.90530000000000e-02	5.00000000000000e-02
35	89	53	71	7.96346000000000e-02	5.00000000000000e-02
36	90	54	72	8.06858000000000e-02	5.00000000000000e-02
37	91	55	73	8.13128000000000e-02	5.00000000000000e-02
38	92	56	74	8.18216000000000e-02	5.00000000000000e-02
39	93	57	75	8.25540000000000e-02	5.00000000000000e-02
41	95	59	77	8.52876000000000e-02	5.00000000000000e-02
42	96	60	78	8.56649000000000e-02	5.00000000000000e-02
43	97	61	79	8.70280000000000e-02	5.00000000000000e-02
44	98	62	80	8.70317000000000e-02	5.00000000000000e-02
45	99	63	81	8.88280000000000e-02	5.00000000000000e-02
46	100	64	82	8.89552000000000e-02	5.00000000000000e-02
1	58	20	39	7.47228000000000e-02	5.00000000000000e-02
2	59	21	40	7.54895000000000e-02	5.00000000000000e-02
3	60	22	41	7.54165000000000e-02	5.00000000000000e-02
4	61	23	42	7.57395000000000e-02	5.00000000000000e-02
5	62	24	43	7.58549000000000e-02	5.00000000000000e-02
6	63	25	44	7.70236000000000e-02	5.00000000000000e-02
7	64	26	45	7.75243000000000e-02	5.00000000000000e-02
8	65	27	46	7.82109000000000e-02	5.00000000000000e-02
9	66	28	47	7.84722000000000e-02	5.00000000000000e-02
10	67	29	48	7.97073000000000e-02	5.00000000000000e-02
11	68	30	49	7.92231000000000e-02	5.00000000000000e-02
12	69	31	50	7.97549000000000e-02	5.00000000000000e-02
13	70	32	51	7.95376000000000e-02	5.00000000000000e-02
14	71	33	52	7.99120000000000e-02	5.00000000000000e-02
15	72	34	53	7.67773000000000e-02	5.00000000000000e-02
16	73	35	54	7.98186000000000e-02	5.00000000000000e-02
18	75	37	56	8.01641000000000e-02	5.00000000000000e-02
19	76	38	57	7.96399000000000e-02	5.00000000000000e-02
20	77	39	58	7.92117000000000e-02	5.00000000000000e-02
21	78	40	59	7.94348000000000e-02	5.00000000000000e-02
22	79	41	60	7.90101000000000e-02	5.00000000000000e-02
23	80	42	61	7.95037000000000e-02	5.00000000000000e-02
24	81	43	62	7.84683000000000e-02	5.00000000000000e-02
25	82	44	63	7.75778000000000e-02	5.00000000000000e-02
26	83	45	64	7.66030000000000e-02	5.00000000000000e-02
27	84	46	65	7.62452000000000e-02	5.00000000000000e-02
28	85	47	66	7.63744000000000e-02	5.00000000000000e-02
29	86	48	67	7.56718000000000e-02	5.00000000000000e-02
30	87	49	68	7.51433000000000e-02	5.00000000000000e-02
31	88	50	69	7.50756000000000e-02	5.00000000000000e-02
32	89	51	70	7.57614000000000e-02	5.00000000000000e-02
33	90	52	71	7.64163000000000e-02	5.00000000000000e-02
34	91	53	72	7.73802000000000e-02	5.00000000000000e-02
35	92	54	73	7.78182000000000e-02	5.00000000000000e-02
36	93	55	74	7.88644000000000e-02	5.00000000000000e-02
37	94	56	75	7.94741000000000e-02	5.00000000000000e-02
39	96	58	77	8.11849000000000e-02	5.00000000000000e-02
40	97	59	78	8.24686000000000e-02	5.00000000000000e-02
41	98	60	79	8.25670000000000e-02	5.00000000000000e-02
42	99	61	80	8.31599000000000e-02	5.00000000000000e-02
43	100	62	81	8.42425000000000e-02	5.00000000000000e-02
1	61	21	41	7.27468000000000e-02	5.00000000000000e-02
2	62	22	42	7.31381000000000e-02	5.00000000000000e-02
3	63	23	43	7.40207000000000e-02	5.00000000000000e-02
4	64	24	44	7.42238000000000e-02	5.00000000000000e-02
5	65	25	45	7.50434000000000e-02	5.00000000000000e-02
6	66	26	46	7.56955000000000e-02	5.00000000000000e-02
7	67	27	47	7.59657000000000e-02	5.00000000000000e-02
8	68	28	48	7.63714000000000e-02	5.00000000000000e-02
9	69	29	49	7.65754000000000e-02	5.00000000000000e-02
10	70	30	50	7.69294000000000e-02	5.00000000000000e-02
11	71	31	51	7.67383000000000e-02	5.00000000000000e-02
12	72	32	52	7.63951000000000e-02	5.00000000000000e-02
13	73	33	53	7.68908000000000e-02	5.00000000000000e-02
14	74	34	54	7.69499000000000e-02	5.00000000000000e-02
16	76	36	56	7.69740000000000e-02	5.00000000000000e-02
17	77	37	57	7.64883000000000e-02	5.00000000000000e-02
18	78	38	58	7.62353000000000e-02	5.00000000000000e-02
19	79	39	59	7.52741000000000e-02	5.00000000000000e-02
20	80	40	60	7.57182000000000e-02	5.00000000000000e-02
21	81	41	61	7.57234000000000e-02	5.00000000000000e-02
22	82	42	62	7.57136000000000e-02	5.00000000000000e-02
23	83	43	63	7.50045000000000e-02	5.00000000000000e-02
24	84	44	64	7.44422000000000e-02	5.00000000000000e-02
25	85	45	65	7.37972000000000e-02	5.00000000000000e-02
26	86	46	66	7.34846000000000e-02	5.00000000000000e-02
27	87	47	67	7.34731000000000e-02	5.00000000000000e-02
28	88	48	68	7.26118000000000e-02	5.00000000000000e-02
29	89	49	69	7.24146000000000e-02	5.00000000000000e-02
30	90	50	70	7.33971000000000e-02	5.00000000000000e-02
31	91	51	71	7.36484000000000e-02	5.00000000000000e-02
32	92	52	72	7.37349000000000e-02	5.00000000000000e-02
33	93	53	73	7.49752000000000e-02	5.00000000000000e-02
34	94	54	74	7.55953000000000e-02	5.00000000000000e-02
35	95	55	75	7.56681000000000e-02	5.00000000000000e-02
37	97	57	77	7.74067000000000e-02	5.00000000000000e-02
38	98	58	78	7.79667000000000e-02	5.00000000000000e-02
39	99	59	79	7.91531000000000e-02	5.00000000000000e-02
40	100	60	80	8.03955000000000e-02	5.00000000000000e-02
1	64	22	43	7.10974000000000e-02	5.00000000000000e-02
2	65	23	44	7.20507000000000e-02	5.00000000000000e-02
3	66	24	45	7.30669000000000e-02	5.00000000000000e-02
4	67	25	46	7.37351000000000e-02	5.00000000000000e-02
5	68	26	47	7.37698000000000e-02	5.00000000000000e-02
6	69	27	48	7.37671000000000e-02	5.00000000000000e-02
7	70	28	49	7.41443000000000e-02	5.00000000000000e-02
8	71	29	50	7.41925000000000e-02	5.00000000000000e-02
9	72	30	51	7.33574000000000e-02	5.00000000000000e-02
10	73	31	52	7.36182000000000e-02	5.00000000000000e-02
11	74	32	53	7.28554000000000e-02	5.00000000000000e-02
12	75	33	54	7.31711000000000e-02	5.00000000000000e-02
14	77	35	56	7.35848000000000e-02	5.00000000000000e-02
15	78	36	57	7.37746000000000e-02	5.00000000000000e-02
16	79	37	58	7.35056000000000e-02	5.00000000000000e-02
17	80	38	59	7.29001000000000e-02	5.00000000000000e-02
18	81	39	60	7.23689000000000e-02	5.00000000000000e-02
19	82	40	61	7.29572000000000e-02	5.00000000000000e-02
20	83	41	62	7.27143000000000e-02	5.00000000000000e-02
21	84	42	63	7.19232000000000e-02	5.00000000000000e-02
22	85	43	64	7.18158000000000e-02	5.00000000000000e-02
23	86	44	65	7.11853000000000e-02	5.00000000000000e-02
24	87	45	66	7.12838000000000e-02	5.00000000000000e-02
25	88	46	67	7.04311000000000e-02	5.00000000000000e-02
26	89	47	68	6.96283000000000e-02	5.00000000000000e-02
27	90	48	69	7.03752000000000e-02	5.00000000000000e-02
28	91	49	70	7.06345000000000e-02	5.00000000000000e-02
29	92	50	71	7.07833000000000e-02	5.00000000000000e-02
30	93	51	72	7.11448000000000e-02	5.00000000000000e-02
31	94	52	73	7.15264000000000e-02	5.00000000000000e-02
32	95	53	74	7.32743000000000e-02	5.00000000000000e-02
33	96	54	75	7.31241000000000e-02	5.00000000000000e-02
35	98	56	77	7.47453000000000e-02	5.00000000000000e-02
36	99	57	78	7.49455000000000e-02	5.00000000000000e-02
37	100	58	79	7.60371000000000e-02	5.00000000000000e-02
1	67	23	45	7.09374000000000e-02	5.00000000000000e-02
2	68	24	46	7.09875000000000e-02	5.00000000000000e-02
3	69	25	47	7.10533000000000e-02	5.00000000000000e-02
4	70	26	48	7.12548000000000e-02	5.00000000000000e-02
5	71	27	49	7.13780000000000e-02	5.00000000000000e-02
6	72	28	50	7.13371000000000e-02	5.00000000000000e-02
7	73	29	51	7.11367000000000e-02	5.00000000000000e-02
8	74	30	52	7.10542000000000e-02	5.00000000000000e-02
9	75	31	53	7.01895000000000e-02	5.00000000000000e-02
10	76	32	54	7.01338000000000e-02	5.00000000000000e-02
12	78	34	56	6.77043000000000e-02	5.00000000000000e-02
13	79	35	57	7.01767000000000e-02	5.00000000000000e-02
14	80	36	58	7.00972000000000e-02	5.00000000000000e-02
15	81	37	59	6.96418000000000e-02	5.00000000000000e-02
16	82	38	60	7.02267000000000e-02	5.00000000000000e-02
17	83	39	61	7.01375000000000e-02	5.00000000000000e-02
18	84	40	62	7.00946000000000e-02	5.00000000000000e-02
19	85	41	63	6.98862000000000e-02	5.00000000000000e-02
20	86	42	64	6.92512000000000e-02	5.00000000000000e-02
21	87	43	65	6.90319000000000e-02	5.00000000000000e-02
22	88	44	66	6.90812000000000e-02	5.00000000000000e-02
23	89	45	67	6.79372000000000e-02	5.00000000000000e-02
24	90	46	68	6.83071000000000e-02	5.00000000000000e-02
25	91	47	69	6.74323000000000e-02	5.00000000000000e-02
26	92	48	70	6.77912000000000e-02	5.00000000000000e-02
27	93	49	71	6.86394000000000e-02	5.00000000000000e-02
28	94	50	72	6.86301000000000e-02	5.00000000000000e-02
29	95	51	73	6.93298000000000e-02	5.00000000000000e-02
30	96	52	74	6.99778000000000e-02	5.00000000000000e-02
31	97	53	75	7.07151000000000e-02	5.00000000000000e-02
33	99	55	77	7.14606000000000e-02	5.00000000000000e-02
34	100	56	78	7.23006000000000e-02	5.00000000000000e-02
1	70	24	47	6.85383000000000e-02	5.00000000000000e-02
2	71	25	48	6.87947000000000e-02	5.00000000000000e-02
3	72	26	49	6.89169000000000e-02	5.00000000000000e-02
4	73	27	50	6.87162000000000e-02	5.00000000000000e-02
5	74	28	51	6.82084000000000e-02	5.00000000000000e-02
6	75	29	52	6.82131000000000e-02	5.00000000000000e-02
7	76	30	53	6.68720000000000e-02	5.00000000000000e-02
8	77	31	54	6.73364000000000e-02	5.00000000000000e-02
10	79	33	56	6.74543000000000e-02	5.00000000000000e-02
11	80	34	57	6.74543000000000e-02	5.00000000000000e-02
12	81	35	58	6.73693000000000e-02	5.00000000000000e-02
13	82	36	59	6.05082000000000e-02	5.00000000000000e-02
14	83	37	60	6.77326000000000e-02	5.00000000000000e-02
15	84	38	61	6.75331000000000e-02	5.00000000000000e-02
16	85	39	62	6.79733000000000e-02	5.00000000000000e-02
17	86	40	63	6.73460000000000e-02	5.00000000000000e-02
18	87	41	64	6.72483000000000e-02	5.00000000000000e-02
19	88	42	65	6.68303000000000e-02	5.00000000000000e-02
20	89	43	66	6.57589000000000e-02	5.00000000000000e-02
21	90	44	67	6.58590000000000e-02	5.00000000000000e-02
22	91	45	68	6.53064000000000e-02	5.00000000000000e-02
23	92	46	69	6.53098000000000e-02	5.00000000000000e-02
24	93	47	70	6.59032000000000e-02	5.00000000000000e-02
25	94	48	71	6.56370000000000e-02	5.00000000000000e-02
26	95	49	72	6.62312000000000e-02	5.00000000000000e-02
27	96	50	73	6.67004000000000e-02	5.00000000000000e-02
28	97	51	74	6.75764000000000e-02	5.00000000000000e-02
29	98	52	75	6.75953000000000e-02	5.00000000000000e-02
31	100	54	77	6.92092000000000e-02	5.00000000000000e-02
1	73	25	49	6.60121000000000e-02	5.00000000000000e-02
2	74	26	50	6.65452000000000e-02	5.00000000000000e-02
3	75	27	51	6.42287000000000e-02	5.00000000000000e-02
4	76	28	52	6.49476000000000e-02	5.00000000000000e-02
5	77	29	53	6.45862000000000e-02	5.00000000000000e-02
6	78	30	54	6.42447000000000e-02	5.00000000000000e-02
8	80	32	56	6.47238000000000e-02	5.00000000000000e-02
9	81	33	57	6.46383000000000e-02	5.00000000000000e-02
10	82	34	58	6.50382000000000e-02	5.00000000000000e-02
11	83	35	59	6.46884000000000e-02	5.00000000000000e-02
12	84	36	60	6.51605000000000e-02	5.00000000000000e-02
13	85	37	61	6.54298000000000e-02	5.00000000000000e-02
14	86	38	62	6.57166000000000e-02	5.00000000000000e-02
15	87	39	63	6.50704000000000e-02	5.00000000000000e-02
16	88	40	64	6.51286000000000e-02	5.00000000000000e-02
17	89	41	65	6.42538000000000e-02	5.00000000000000e-02
18	90	42	66	6.40906000000000e-02	5.00000000000000e-02
19	91	43	67	6.37003000000000e-02	5.00000000000000e-02
20	92	44	68	6.25238000000000e-02	5.00000000000000e-02
21	93	45	69	6.32535000000000e-02	5.00000000000000e-02
22	94	46	70	6.34941000000000e-02	5.00000000000000e-02
23	95	47	71	6.41482000000000e-02	5.00000000000000e-02
24	96	48	72	6.42145000000000e-02	5.00000000000000e-02
25	97	49	73	6.42794000000000e-02	5.00000000000000e-02
26	98	50	74	6.45528000000000e-02	5.00000000000000e-02
27	99	51	75	6.52647000000000e-02	5.00000000000000e-02
1	76	26	51	6.32188000000000e-02	5.00000000000000e-02
2	77	27	52	6.30520000000000e-02	5.00000000000000e-02
3	78	28	53	6.27923000000000e-02	5.00000000000000e-02
4	79	29	54	6.22415000000000e-02	5.00000000000000e-02
6	81	31	56	6.21342000000000e-02	5.00000000000000e-02
7	82	32	57	6.24561000000000e-02	5.00000000000000e-02
8	83	33	58	6.23566000000000e-02	5.00000000000000e-02
9	84	34	59	6.23095000000000e-02	5.00000000000000e-02
10	85	35	60	6.29711000000000e-02	5.00000000000000e-02
11	86	36	61	6.29419000000000e-02	5.00000000000000e-02
12	87	37	62	6.30050000000000e-02	5.00000000000000e-02
13	88	38	63	6.28058000000000e-02	5.00000000000000e-02
14	89	39	64	6.25343000000000e-02	5.00000000000000e-02
15	90	40	65	6.25538000000000e-02	5.00000000000000e-02
16	91	41	66	6.19087000000000e-02	5.00000000000000e-02
17	92	42	67	6.11567000000000e-02	5.00000000000000e-02
18	93	43	68	6.09287000000000e-02	5.00000000000000e-02
19	94	44	69	6.08757000000000e-02	5.00000000000000e-02
20	95	45	70	6.12373000000000e-02	5.00000000000000e-02
21	96	46	71	6.11209000000000e-02	5.00000000000000e-02
22	97	47	72	6.20494000000000e-02	5.00000000000000e-02
23	98	48	73	6.18909000000000e-02	5.00000000000000e-02
24	99	49	74	6.25851000000000e-02	5.00000000000000e-02
25	100	50	75	6.27556000000000e-02	5.00000000000000e-02
1	79	27	53	5.99791000000000e-02	5.00000000000000e-02
2	80	28	54	6.00586000000000e-02	5.00000000000000e-02
4	82	30	56	5.66560000000000e-02	5.00000000000000e-02
5	83	31	57	6.01510000000000e-02	5.00000000000000e-02
6	84	32	58	6.00683000000000e-02	5.00000000000000e-02
7	85	33	59	6.04110000000000e-02	5.00000000000000e-02
8	86	34	60	6.00919000000000e-02	5.00000000000000e-02
9	87	35	61	6.05105000000000e-02	5.00000000000000e-02
10	88	36	62	6.09175000000000e-02	5.00000000000000e-02
11	89	37	63	6.00281000000000e-02	5.00000000000000e-02
12	90	38	64	6.04333000000000e-02	5.00000000000000e-02
13	91	39	65	6.01336000000000e-02	5.00000000000000e-02
14	92	40	66	5.98621000000000e-02	5.00000000000000e-02
15	93	41	67	5.97644000000000e-02	5.00000000000000e-02
16	94	42	68	5.91643000000000e-02	5.00000000000000e-02
17	95	43	69	5.90453000000000e-02	5.00000000000000e-02
18	96	44	70	5.90436000000000e-02	5.00000000000000e-02
19	97	45	71	5.92234000000000e-02	5.00000000000000e-02
20	98	46	72	5.90391000000000e-02	5.00000000000000e-02
21	99	47	73	6.01034000000000e-02	5.00000000000000e-02
22	100	48	74	6.06772000000000e-02	5.00000000000000e-02
2	83	29	56	5.79669000000000e-02	5.00000000000000e-02
3	84	30	57	5.80522000000000e-02	5.00000000000000e-02
4	85	31	58	5.82392000000000e-02	5.00000000000000e-02
5	86	32	59	5.79882000000000e-02	5.00000000000000e-02
6	87	33	60	5.83340000000000e-02	5.00000000000000e-02
7	88	34	61	5.88093000000000e-02	5.00000000000000e-02
8	89	35	62	5.84564000000000e-02	5.00000000000000e-02
9	90	36	63	5.85489000000000e-02	5.00000000000000e-02
10	91	37	64	5.82655000000000e-02	5.00000000000000e-02
11	92	38	65	5.77574000000000e-02	5.00000000000000e-02
12	93	39	66	5.79978000000000e-02	5.00000000000000e-02
13	94	40	67	5.74563000000000e-02	5.00000000000000e-02
14	95	41	68	5.74606000000000e-02	5.00000000000000e-02
15	96	42	69	5.74939000000000e-02	5.00000000000000e-02
16	97	43	70	5.74336000000000e-02	5.00000000000000e-02
17	98	44	71	5.69066000000000e-02	5.00000000000000e-02
18	99	45	72	5.71527000000000e-02	5.00000000000000e-02
19	100	46	73	5.78138000000000e-02	5.00000000000000e-02
1	85	29	57	5.65152000000000e-02	5.00000000000000e-02
2	86	30	58	5.60228000000000e-02	5.00000000000000e-02
3	87	31	59	5.65754000000000e-02	5.00000000000000e-02
4	88	32	60	5.64545000000000e-02	5.00000000000000e-02
5	89	33	61	5.65485000000000e-02	5.00000000000000e-02
6	90	34	62	5.64916000000000e-02	5.00000000000000e-02
7	91	35	63	5.65598000000000e-02	5.00000000000000e-02
8	92	36	64	5.69321000000000e-02	5.00000000000000e-02
9	93	37	65	5.59915000000000e-02	5.00000000000000e-02
10	94	38	66	5.67029000000000e-02	5.00000000000000e-02
11	95	39	67	5.47142000000000e-02	5.00000000000000e-02
12	96	40	68	5.47143000000000e-02	5.00000000000000e-02
13	97	41	69	5.61126000000000e-02	5.00000000000000e-02
14	98	42	70	5.59742000000000e-02	5.00000000000000e-02
15	99	43	71	5.50885000000000e-02	5.00000000000000e-02
16	100	44	72	5.56262000000000e-02	5.00000000000000e-02
1	88	30	59	5.48188000000000e-02	5.00000000000000e-02
2	89	31	60	5.42524000000000e-02	5.00000000000000e-02
3	90	32	61	5.54736000000000e-02	5.00000000000000e-02
4	91	33	62	5.50008000000000e-02	5.00000000000000e-02
5	92	34	63	5.48819000000000e-02	5.00000000000000e-02
6	93	35	64	5.33991000000000e-02	5.00000000000000e-02
7	94	36	65	5.38933000000000e-02	5.00000000000000e-02
8	95	37	66	5.44163000000000e-02	5.00000000000000e-02
9	96	38	67	5.41286000000000e-02	5.00000000000000e-02
10	97	39	68	5.33002000000000e-02	5.00000000000000e-02
11	98	40	69	5.38676000000000e-02	5.00000000000000e-02
12	99	41	70	5.37551000000000e-02	5.00000000000000e-02
13	100	42	71	5.33019000000000e-02	5.00000000000000e-02
1	91	31	61	5.27653000000000e-02	5.00000000000000e-02
2	92	32	62	5.30993000000000e-02	5.00000000000000e-02
3	93	33	63	5.28711000000000e-02	5.00000000000000e-02
4	94	34	64	5.27661000000000e-02	5.00000000000000e-02
5	95	35	65	5.28122000000000e-02	5.00000000000000e-02
6	96	36	66	5.04238000000000e-02	5.00000000000000e-02
7	97	37	67	5.20155000000000e-02	5.00000000000000e-02
8	98	38	68	5.14966000000000e-02	5.00000000000000e-02
9	99	39	69	5.22839000000000e-02	5.00000000000000e-02
10	100	40	70	5.26487000000000e-02	5.00000000000000e-02
1	94	32	63	4.98119000000000e-02	5.00000000000000e-02
2	95	33	64	5.05984000000000e-02	5.00000000000000e-02
3	96	34	65	5.11389000000000e-02	5.00000000000000e-02
4	97	35	66	5.16903000000000e-02	5.00000000000000e-02
5	98	36	67	5.01823000000000e-02	5.00000000000000e-02
6	99	37	68	5.01330000000000e-02	5.00000000000000e-02
7	100	38	69	5.00659000000000e-02	5.00000000000000e-02
1	97	33	65	4.86028000000000e-02	5.00000000000000e-02
2	98	34	66	4.94226000000000e-02	5.00000000000000e-02
3	99	35	67	4.96950000000000e-02	5.00000000000000e-02
4	100	36	68	4.90813000000000e-02	5.00000000000000e-02
1	100	34	67	4.69900000000000e-02	5.00000000000000e-02
0
