96
# x y z
0	0	0
0.5	0	0
1	0	0
1.5	0	0
2	0	0
2.5	0	0
3	0	0
3.5	0	0
4	0	0
4.5	0	0
5	0	0
5.5	0	0
6	0	0
6.5	0	0
7	0	0
7.5	0	0
8	0	0
8.5	0	0
9	0	0
9.5	0	0
10	0	0
10.5	0	0
11	0	0
11.5	0	0
14	0	0
14.5	0	0
15	0	0
15.5	0	0
16	0	0
16.5	0	0
17	0	0
17.5	0	0
18	0	0
18.5	0	0
19	0	0
19.5	0	0
20	0	0
20.5	0	0
21	0	0
21.5	0	0
22	0	0
22.5	0	0
23	0	0
23.5	0	0
24	0	0
24.5	0	0
25	0	0
25.5	0	0
26	0	0
26.5	0	0
27	0	0
27.5	0	0
28	0	0
28.5	0	0
29	0	0
29.5	0	0
30	0	0
30.5	0	0
31	0	0
31.5	0	0
32	0	0
32.5	0	0
33	0	0
33.5	0	0
34	0	0
34.5	0	0
35	0	0
35.5	0	0
36	0	0
36.5	0	0
37	0	0
37.5	0	0
38	0	0
38.5	0	0
39	0	0
39.5	0	0
40	0	0
40.5	0	0
41	0	0
41.5	0	0
42	0	0
42.5	0	0
43	0	0
43.5	0	0
44	0	0
44.5	0	0
45	0	0
45.5	0	0
46	0	0
46.5	0	0
47	0	0
47.5	0	0
48	0	0
48.5	0	0
49	0	0
49.5	0	0
1280
# a b m n u i
1	4	2	3	5.65910000000000e-03	1.00000000000000e-03
2	5	3	4	6.81900000000000e-03	1.00000000000000e-03
3	6	4	5	6.61610000000000e-03	1.00000000000000e-03
4	7	5	6	6.50970000000000e-03	1.00000000000000e-03
5	8	6	7	6.18790000000000e-03	1.00000000000000e-03
6	9	7	8	6.77980000000000e-03	1.00000000000000e-03
7	10	8	9	5.97640000000000e-03	1.00000000000000e-03
8	11	9	10	7.06290000000000e-03	1.00000000000000e-03
9	12	10	11	5.84740000000000e-03	1.00000000000000e-03
10	13	11	12	6.51470000000000e-03	1.00000000000000e-03
11	14	12	13	5.91850000000000e-03	1.00000000000000e-03
12	15	13	14	6.70990000000000e-03	1.00000000000000e-03
13	16	14	15	6.51850000000000e-03	1.00000000000000e-03
14	17	15	16	7.13600000000000e-03	1.00000000000000e-03
15	18	16	17	7.48820000000000e-03	1.00000000000000e-03
16	19	17	18	7.71300000000000e-03	1.00000000000000e-03
17	20	18	19	1.02742000000000e-02	1.00000000000000e-03
18	21	19	20	9.15040000000000e-03	1.00000000000000e-03
19	22	20	21	1.15852000000000e-02	1.00000000000000e-03
20	23	21	22	1.59181000000000e-02	1.00000000000000e-03
21	24	22	23	2.41961000000000e-02	1.00000000000000e-03
28	31	29	30	7.99063000000000e-02	1.00000000000000e-02
29	32	30	31	5.61855000000000e-02	1.00000000000000e-02
30	33	31	32	8.95566000000000e-02	1.00000000000000e-02
31	34	32	33	5.20204000000000e-02	1.00000000000000e-02
32	35	33	34	8.35133000000000e-02	1.00000000000000e-02
33	36	34	35	6.60750000000000e-02	1.00000000000000e-02
34	37	35	36	9.23113000000000e-02	1.00000000000000e-02
35	38	36	37	7.41493000000000e-02	1.00000000000000e-02
36	39	37	38	9.17911000000000e-02	1.00000000000000e-02
37	40	38	39	7.45024000000000e-02	1.00000000000000e-02
38	41	39	40	8.26168000000000e-02	1.00000000000000e-02
39	42	40	41	8.06163000000000e-02	1.00000000000000e-02
40	43	41	42	9.10085000000000e-02	1.00000000000000e-02
41	44	42	43	9.60478000000000e-02	1.00000000000000e-02
42	45	43	44	8.76858000000000e-02	1.00000000000000e-02
43	46	44	45	9.98284000000000e-02	1.00000000000000e-02
44	47	45	46	8.27413000000000e-02	1.00000000000000e-02
45	48	46	47	8.95342000000000e-02	1.00000000000000e-02
46	49	47	48	8.07486000000000e-02	1.00000000000000e-02
47	50	48	49	8.03159000000000e-02	1.00000000000000e-02
48	51	49	50	7.27845000000000e-02	1.00000000000000e-02
49	52	50	51	5.82452000000000e-02	1.00000000000000e-02
50	53	51	52	5.96198000000000e-02	1.00000000000000e-02
51	54	52	53	4.94404000000000e-02	1.00000000000000e-02
52	55	53	54	4.70414000000000e-02	1.00000000000000e-02
53	56	54	55	4.71899000000000e-02	1.00000000000000e-02
54	57	55	56	4.36598000000000e-02	1.00000000000000e-02
55	58	56	57	4.29834000000000e-02	1.00000000000000e-02
56	59	57	58	4.26817000000000e-02	1.00000000000000e-02
57	60	58	59	4.11107000000000e-02	1.00000000000000e-02
58	61	59	60	3.59976000000000e-02	1.00000000000000e-02
59	62	60	61	4.49188000000000e-02	1.00000000000000e-02
61	64	62	63	4.43184000000000e-02	1.00000000000000e-02
62	65	63	64	4.25973000000000e-02	1.00000000000000e-02
64	67	65	66	5.13162000000000e-02	1.00000000000000e-02
65	68	66	67	5.29590000000000e-02	1.00000000000000e-02
66	69	67	68	5.84411000000000e-02	1.00000000000000e-02
67	70	68	69	4.94818000000000e-02	1.00000000000000e-02
68	71	69	70	5.60426000000000e-02	1.00000000000000e-02
69	72	70	71	5.36067000000000e-02	1.00000000000000e-02
70	73	71	72	4.70569000000000e-02	1.00000000000000e-02
71	74	72	73	5.58883000000000e-02	1.00000000000000e-02
72	75	73	74	5.28253000000000e-02	1.00000000000000e-02
74	77	75	76	2.05556600000000e-01	5.00000000000000e-02
75	78	76	77	7.38721000000000e-02	1.00000000000000e-02
76	79	77	78	8.58411000000000e-02	1.00000000000000e-02
77	80	78	79	1.16360600000000e-01	1.00000000000000e-02
79	82	80	81	1.40753200000000e-01	1.00000000000000e-02
80	83	81	82	1.71375600000000e-01	1.00000000000000e-02
81	84	82	83	1.51180700000000e-01	1.00000000000000e-02
82	85	83	84	1.25817900000000e-01	1.00000000000000e-02
83	86	84	85	1.39028100000000e-01	1.00000000000000e-02
84	87	85	86	1.20389100000000e-01	1.00000000000000e-02
85	88	86	87	1.29394900000000e-01	1.00000000000000e-02
86	89	87	88	1.04234100000000e-01	1.00000000000000e-02
87	90	88	89	9.26326000000000e-02	1.00000000000000e-02
88	91	89	90	8.68568000000000e-02	1.00000000000000e-02
89	92	90	91	7.87258000000000e-02	1.00000000000000e-02
90	93	91	92	8.06426000000000e-02	1.00000000000000e-02
91	94	92	93	7.36951000000000e-02	1.00000000000000e-02
92	95	93	94	6.85641000000000e-02	1.00000000000000e-02
93	96	94	95	7.70710000000000e-02	1.00000000000000e-02
1	7	3	5	3.87315000000000e-02	1.00000000000000e-02
2	8	4	6	3.84773000000000e-02	1.00000000000000e-02
3	9	5	7	3.86602000000000e-02	1.00000000000000e-02
4	10	6	8	3.66660000000000e-02	1.00000000000000e-02
5	11	7	9	3.64837000000000e-02	1.00000000000000e-02
6	12	8	10	3.85618000000000e-02	1.00000000000000e-02
7	13	9	11	3.84615000000000e-02	1.00000000000000e-02
8	14	10	12	3.47069000000000e-02	1.00000000000000e-02
9	15	11	13	3.57910000000000e-02	1.00000000000000e-02
10	16	12	14	3.68749000000000e-02	1.00000000000000e-02
11	17	13	15	3.43593000000000e-02	1.00000000000000e-02
12	18	14	16	3.32967000000000e-02	1.00000000000000e-02
13	19	15	17	3.50759000000000e-02	1.00000000000000e-02
14	20	16	18	3.52234000000000e-02	1.00000000000000e-02
15	21	17	19	3.61689000000000e-02	1.00000000000000e-02
16	22	18	20	4.09966000000000e-02	1.00000000000000e-02
17	23	19	21	4.53272000000000e-02	1.00000000000000e-02
18	24	20	22	4.74320000000000e-02	1.00000000000000e-02
25	31	27	29	4.05375000000000e-02	1.00000000000000e-02
26	32	28	30	3.89032000000000e-02	1.00000000000000e-02
27	33	29	31	2.91486000000000e-02	1.00000000000000e-02
28	34	30	32	2.99322000000000e-02	1.00000000000000e-02
29	35	31	33	3.80411000000000e-02	1.00000000000000e-02
30	36	32	34	3.67925000000000e-02	1.00000000000000e-02
31	37	33	35	3.21960000000000e-02	1.00000000000000e-02
32	38	34	36	3.31764000000000e-02	1.00000000000000e-02
33	39	35	37	3.75712000000000e-02	1.00000000000000e-02
34	40	36	38	3.85395000000000e-02	1.00000000000000e-02
35	41	37	39	3.59281000000000e-02	1.00000000000000e-02
36	42	38	40	3.35163000000000e-02	1.00000000000000e-02
37	43	39	41	3.55717000000000e-02	1.00000000000000e-02
38	44	40	42	3.97938000000000e-02	1.00000000000000e-02
39	45	41	43	3.92093000000000e-02	1.00000000000000e-02
40	46	42	44	3.55783000000000e-02	1.00000000000000e-02
41	47	43	45	3.55102000000000e-02	1.00000000000000e-02
42	48	44	46	3.73065000000000e-02	1.00000000000000e-02
43	49	45	47	3.57151000000000e-02	1.00000000000000e-02
44	50	46	48	3.46138000000000e-02	1.00000000000000e-02
45	51	47	49	3.50682000000000e-02	1.00000000000000e-02
46	52	48	50	3.33990000000000e-02	1.00000000000000e-02
47	53	49	51	2.90914000000000e-02	1.00000000000000e-02
48	54	50	52	2.80592000000000e-02	1.00000000000000e-02
49	55	51	53	2.84108000000000e-02	1.00000000000000e-02
50	56	52	54	2.75517000000000e-02	1.00000000000000e-02
51	57	53	55	2.52471000000000e-02	1.00000000000000e-02
52	58	54	56	2.28475000000000e-02	1.00000000000000e-02
53	59	55	57	2.19883000000000e-02	1.00000000000000e-02
54	60	56	58	2.38411000000000e-02	1.00000000000000e-02
55	61	57	59	2.36516000000000e-02	1.00000000000000e-02
56	62	58	60	2.23663000000000e-02	1.00000000000000e-02
57	63	59	61	2.18270000000000e-02	1.00000000000000e-02
58	64	60	62	2.12810000000000e-02	1.00000000000000e-02
59	65	61	63	2.07708000000000e-02	1.00000000000000e-02
60	66	62	64	2.29824000000000e-02	1.00000000000000e-02
62	68	64	66	2.38345000000000e-02	1.00000000000000e-02
63	69	65	67	2.51228000000000e-02	1.00000000000000e-02
64	70	66	68	2.63317000000000e-02	1.00000000000000e-02
65	71	67	69	2.60884000000000e-02	1.00000000000000e-02
66	72	68	70	2.66832000000000e-02	1.00000000000000e-02
67	73	69	71	2.81146000000000e-02	1.00000000000000e-02
68	74	70	72	2.62000000000000e-02	1.00000000000000e-02
69	75	71	73	2.69953000000000e-02	1.00000000000000e-02
70	76	72	74	3.01369000000000e-02	1.00000000000000e-02
72	78	74	76	1.71417200000000e-01	5.00000000000000e-02
74	80	76	78	1.54942200000000e-01	5.00000000000000e-02
75	81	77	79	2.41917300000000e-01	5.00000000000000e-02
77	83	79	81	2.53795100000000e-01	5.00000000000000e-02
78	84	80	82	2.12269300000000e-01	5.00000000000000e-02
79	85	81	83	2.86430700000000e-01	5.00000000000000e-02
80	86	82	84	2.95092800000000e-01	5.00000000000000e-02
81	87	83	85	2.79721500000000e-01	5.00000000000000e-02
82	88	84	86	2.70068000000000e-01	5.00000000000000e-02
83	89	85	87	2.68342400000000e-01	5.00000000000000e-02
84	90	86	88	2.66976600000000e-01	5.00000000000000e-02
85	91	87	89	2.50850000000000e-01	5.00000000000000e-02
86	92	88	90	2.25056400000000e-01	5.00000000000000e-02
87	93	89	91	2.23860400000000e-01	5.00000000000000e-02
88	94	90	92	2.24803600000000e-01	5.00000000000000e-02
89	95	91	93	2.17027000000000e-01	5.00000000000000e-02
90	96	92	94	2.03844300000000e-01	5.00000000000000e-02
1	10	4	7	1.53710200000000e-01	5.00000000000000e-02
2	11	5	8	1.52099400000000e-01	5.00000000000000e-02
3	12	6	9	1.48068700000000e-01	5.00000000000000e-02
4	13	7	10	1.54800400000000e-01	5.00000000000000e-02
5	14	8	11	1.51700600000000e-01	5.00000000000000e-02
6	15	9	12	1.52906200000000e-01	5.00000000000000e-02
7	16	10	13	1.44272400000000e-01	5.00000000000000e-02
8	17	11	14	1.44584700000000e-01	5.00000000000000e-02
9	18	12	15	1.39308100000000e-01	5.00000000000000e-02
10	19	13	16	1.36955500000000e-01	5.00000000000000e-02
11	20	14	17	1.32622400000000e-01	5.00000000000000e-02
12	21	15	18	1.33033700000000e-01	5.00000000000000e-02
13	22	16	19	1.40375200000000e-01	5.00000000000000e-02
14	23	17	20	1.46475600000000e-01	5.00000000000000e-02
25	34	28	31	1.21003000000000e-01	5.00000000000000e-02
26	35	29	32	1.26626200000000e-01	5.00000000000000e-02
27	36	30	33	1.20266800000000e-01	5.00000000000000e-02
28	37	31	34	1.34035100000000e-01	5.00000000000000e-02
29	38	32	35	1.24966000000000e-01	5.00000000000000e-02
30	39	33	36	1.31018600000000e-01	5.00000000000000e-02
31	40	34	37	1.25393400000000e-01	5.00000000000000e-02
32	41	35	38	1.40536000000000e-01	5.00000000000000e-02
33	42	36	39	1.28549500000000e-01	5.00000000000000e-02
34	43	37	40	1.26918600000000e-01	5.00000000000000e-02
35	44	38	41	1.20364000000000e-01	5.00000000000000e-02
36	45	39	42	1.30149400000000e-01	5.00000000000000e-02
37	46	40	43	1.35479500000000e-01	5.00000000000000e-02
38	47	41	44	1.34935500000000e-01	5.00000000000000e-02
39	48	42	45	1.27615100000000e-01	5.00000000000000e-02
40	49	43	46	1.20603600000000e-01	5.00000000000000e-02
41	50	44	47	1.21970900000000e-01	5.00000000000000e-02
42	51	45	48	1.24370800000000e-01	5.00000000000000e-02
43	52	46	49	1.26002100000000e-01	5.00000000000000e-02
44	53	47	50	1.20918600000000e-01	5.00000000000000e-02
45	54	48	51	1.13955900000000e-01	5.00000000000000e-02
46	55	49	52	1.07684000000000e-01	5.00000000000000e-02
47	56	50	53	1.06789700000000e-01	5.00000000000000e-02
48	57	51	54	1.08478600000000e-01	5.00000000000000e-02
49	58	52	55	1.03223000000000e-01	5.00000000000000e-02
50	59	53	56	9.64552000000000e-02	5.00000000000000e-02
51	60	54	57	9.10573000000000e-02	5.00000000000000e-02
52	61	55	58	9.16615000000000e-02	5.00000000000000e-02
53	62	56	59	9.67708000000000e-02	5.00000000000000e-02
54	63	57	60	9.64929000000000e-02	5.00000000000000e-02
55	64	58	61	9.49600000000000e-02	5.00000000000000e-02
56	65	59	62	8.63098000000000e-02	5.00000000000000e-02
57	66	60	63	8.49001000000000e-02	5.00000000000000e-02
58	67	61	64	8.36036000000000e-02	5.00000000000000e-02
60	69	63	66	9.01490000000000e-02	5.00000000000000e-02
61	70	64	67	9.16995000000000e-02	5.00000000000000e-02
62	71	65	68	9.06723000000000e-02	5.00000000000000e-02
63	72	66	69	9.04151000000000e-02	5.00000000000000e-02
64	73	67	70	9.49267000000000e-02	5.00000000000000e-02
65	74	68	71	9.64145000000000e-02	5.00000000000000e-02
66	75	69	72	9.84339000000000e-02	5.00000000000000e-02
67	76	70	73	1.03144700000000e-01	5.00000000000000e-02
68	77	71	74	1.08700600000000e-01	5.00000000000000e-02
70	79	73	76	1.22940900000000e-01	5.00000000000000e-02
71	80	74	77	1.16258800000000e-01	5.00000000000000e-02
72	81	75	78	1.12104700000000e-01	5.00000000000000e-02
73	82	76	79	1.54162000000000e-01	5.00000000000000e-02
75	84	78	81	1.81446300000000e-01	5.00000000000000e-02
76	85	79	82	1.74066700000000e-01	5.00000000000000e-02
77	86	80	83	1.57210400000000e-01	5.00000000000000e-02
78	87	81	84	1.66401700000000e-01	5.00000000000000e-02
79	88	82	85	1.84717000000000e-01	5.00000000000000e-02
80	89	83	86	1.88677300000000e-01	5.00000000000000e-02
81	90	84	87	1.89073400000000e-01	5.00000000000000e-02
82	91	85	88	1.85456400000000e-01	5.00000000000000e-02
83	92	86	89	1.81330300000000e-01	5.00000000000000e-02
84	93	87	90	1.74151000000000e-01	5.00000000000000e-02
85	94	88	91	1.73699600000000e-01	5.00000000000000e-02
86	95	89	92	1.75278000000000e-01	5.00000000000000e-02
87	96	90	93	1.77052000000000e-01	5.00000000000000e-02
1	13	5	9	1.34580200000000e-01	5.00000000000000e-02
2	14	6	10	1.37030000000000e-01	5.00000000000000e-02
3	15	7	11	1.34861600000000e-01	5.00000000000000e-02
4	16	8	12	1.35491800000000e-01	5.00000000000000e-02
5	17	9	13	1.33968800000000e-01	5.00000000000000e-02
6	18	10	14	1.29331500000000e-01	5.00000000000000e-02
7	19	11	15	1.25141300000000e-01	5.00000000000000e-02
8	20	12	16	1.22040800000000e-01	5.00000000000000e-02
9	21	13	17	1.20691000000000e-01	5.00000000000000e-02
10	22	14	18	1.19487500000000e-01	5.00000000000000e-02
11	23	15	19	1.22706700000000e-01	5.00000000000000e-02
12	24	16	20	6.73948000000000e-02	5.00000000000000e-02
25	37	29	33	1.08890300000000e-01	5.00000000000000e-02
26	38	30	34	1.10448600000000e-01	5.00000000000000e-02
27	39	31	35	1.13140000000000e-01	5.00000000000000e-02
28	40	32	36	1.14935200000000e-01	5.00000000000000e-02
29	41	33	37	1.14477000000000e-01	5.00000000000000e-02
30	42	34	38	1.15843300000000e-01	5.00000000000000e-02
31	43	35	39	1.11693700000000e-01	5.00000000000000e-02
32	44	36	40	1.08915400000000e-01	5.00000000000000e-02
33	45	37	41	1.08592600000000e-01	5.00000000000000e-02
34	46	38	42	1.08687800000000e-01	5.00000000000000e-02
35	47	39	43	1.11353900000000e-01	5.00000000000000e-02
36	48	40	44	1.10983400000000e-01	5.00000000000000e-02
37	49	41	45	1.10335000000000e-01	5.00000000000000e-02
38	50	42	46	1.08419400000000e-01	5.00000000000000e-02
39	51	43	47	1.04835700000000e-01	5.00000000000000e-02
40	52	44	48	1.06980500000000e-01	5.00000000000000e-02
41	53	45	49	1.06536300000000e-01	5.00000000000000e-02
42	54	46	50	1.06517500000000e-01	5.00000000000000e-02
43	55	47	51	1.03371300000000e-01	5.00000000000000e-02
44	56	48	52	1.00248200000000e-01	5.00000000000000e-02
45	57	49	53	9.64781000000000e-02	5.00000000000000e-02
46	58	50	54	9.38148000000000e-02	5.00000000000000e-02
47	59	51	55	9.22735000000000e-02	5.00000000000000e-02
48	60	52	56	8.93768000000000e-02	5.00000000000000e-02
49	61	53	57	8.59515000000000e-02	5.00000000000000e-02
50	62	54	58	8.69206000000000e-02	5.00000000000000e-02
51	63	55	59	8.66140000000000e-02	5.00000000000000e-02
52	64	56	60	8.79593000000000e-02	5.00000000000000e-02
53	65	57	61	8.97150000000000e-02	5.00000000000000e-02
54	66	58	62	8.33444000000000e-02	5.00000000000000e-02
55	67	59	63	7.99829000000000e-02	5.00000000000000e-02
56	68	60	64	7.80821000000000e-02	5.00000000000000e-02
58	70	62	66	7.92733000000000e-02	5.00000000000000e-02
59	71	63	67	7.94166000000000e-02	5.00000000000000e-02
60	72	64	68	8.27951000000000e-02	5.00000000000000e-02
61	73	65	69	8.09250000000000e-02	5.00000000000000e-02
62	74	66	70	8.19275000000000e-02	5.00000000000000e-02
63	75	67	71	8.45145000000000e-02	5.00000000000000e-02
64	76	68	72	8.37765000000000e-02	5.00000000000000e-02
65	77	69	73	9.13726000000000e-02	5.00000000000000e-02
66	78	70	74	9.62444000000000e-02	5.00000000000000e-02
68	80	72	76	9.53316000000000e-02	5.00000000000000e-02
69	81	73	77	1.01954500000000e-01	5.00000000000000e-02
70	82	74	78	1.02666300000000e-01	5.00000000000000e-02
71	83	75	79	1.22534800000000e-01	5.00000000000000e-02
73	85	77	81	1.36635400000000e-01	5.00000000000000e-02
74	86	78	82	1.50561800000000e-01	5.00000000000000e-02
75	87	79	83	1.41361100000000e-01	5.00000000000000e-02
76	88	80	84	1.30962200000000e-01	5.00000000000000e-02
77	89	81	85	1.46576200000000e-01	5.00000000000000e-02
78	90	82	86	1.45359500000000e-01	5.00000000000000e-02
79	91	83	87	1.57321500000000e-01	5.00000000000000e-02
80	92	84	88	1.61730400000000e-01	5.00000000000000e-02
81	93	85	89	1.52886000000000e-01	5.00000000000000e-02
82	94	86	90	1.54814000000000e-01	5.00000000000000e-02
83	95	87	91	1.49012100000000e-01	5.00000000000000e-02
84	96	88	92	1.51419900000000e-01	5.00000000000000e-02
1	16	6	11	1.25400600000000e-01	5.00000000000000e-02
2	17	7	12	1.24426400000000e-01	5.00000000000000e-02
3	18	8	13	1.23580200000000e-01	5.00000000000000e-02
4	19	9	14	1.23401000000000e-01	5.00000000000000e-02
5	20	10	15	1.16284100000000e-01	5.00000000000000e-02
6	21	11	16	1.15057400000000e-01	5.00000000000000e-02
7	22	12	17	1.14245900000000e-01	5.00000000000000e-02
8	23	13	18	1.11767900000000e-01	5.00000000000000e-02
9	24	14	19	8.45765000000000e-02	5.00000000000000e-02
14	25	19	24	1.03793700000000e-01	5.00000000000000e-02
19	30	24	25	1.12384100000000e-01	5.00000000000000e-02
24	35	25	30	9.61378000000000e-02	5.00000000000000e-02
25	40	30	35	1.00618800000000e-01	5.00000000000000e-02
26	41	31	36	1.10879800000000e-01	5.00000000000000e-02
27	42	32	37	1.05658100000000e-01	5.00000000000000e-02
28	43	33	38	1.06042500000000e-01	5.00000000000000e-02
29	44	34	39	1.03074500000000e-01	5.00000000000000e-02
30	45	35	40	1.04460600000000e-01	5.00000000000000e-02
31	46	36	41	9.91200000000000e-02	5.00000000000000e-02
32	47	37	42	1.01483500000000e-01	5.00000000000000e-02
33	48	38	43	9.99145000000000e-02	5.00000000000000e-02
34	49	39	44	9.94363000000000e-02	5.00000000000000e-02
35	50	40	45	9.93126000000000e-02	5.00000000000000e-02
36	51	41	46	1.00829600000000e-01	5.00000000000000e-02
37	52	42	47	9.84719000000000e-02	5.00000000000000e-02
38	53	43	48	9.92450000000000e-02	5.00000000000000e-02
39	54	44	49	9.99749000000000e-02	5.00000000000000e-02
40	55	45	50	9.81792000000000e-02	5.00000000000000e-02
41	56	46	51	9.64650000000000e-02	5.00000000000000e-02
42	57	47	52	9.61960000000000e-02	5.00000000000000e-02
43	58	48	53	9.31796000000000e-02	5.00000000000000e-02
44	59	49	54	8.88994000000000e-02	5.00000000000000e-02
45	60	50	55	8.64233000000000e-02	5.00000000000000e-02
46	61	51	56	8.43664000000000e-02	5.00000000000000e-02
47	62	52	57	8.32134000000000e-02	5.00000000000000e-02
48	63	53	58	8.34051000000000e-02	5.00000000000000e-02
49	64	54	59	8.40065000000000e-02	5.00000000000000e-02
50	65	55	60	8.35261000000000e-02	5.00000000000000e-02
51	66	56	61	8.46507000000000e-02	5.00000000000000e-02
52	67	57	62	8.20388000000000e-02	5.00000000000000e-02
53	68	58	63	7.89073000000000e-02	5.00000000000000e-02
54	69	59	64	7.69855000000000e-02	5.00000000000000e-02
56	71	61	66	7.33504000000000e-02	5.00000000000000e-02
57	72	62	67	7.57892000000000e-02	5.00000000000000e-02
58	73	63	68	7.73183000000000e-02	5.00000000000000e-02
59	74	64	69	7.73529000000000e-02	5.00000000000000e-02
60	75	65	70	7.90468000000000e-02	5.00000000000000e-02
61	76	66	71	8.14970000000000e-02	5.00000000000000e-02
62	77	67	72	8.00969000000000e-02	5.00000000000000e-02
63	78	68	73	8.36061000000000e-02	5.00000000000000e-02
64	79	69	74	8.34427000000000e-02	5.00000000000000e-02
66	81	71	76	8.60618000000000e-02	5.00000000000000e-02
67	82	72	77	9.16286000000000e-02	5.00000000000000e-02
68	83	73	78	9.24064000000000e-02	5.00000000000000e-02
69	84	74	79	1.08820700000000e-01	5.00000000000000e-02
71	86	76	81	1.20132200000000e-01	5.00000000000000e-02
72	87	77	82	1.23250100000000e-01	5.00000000000000e-02
73	88	78	83	1.31309200000000e-01	5.00000000000000e-02
74	89	79	84	1.26539800000000e-01	5.00000000000000e-02
75	90	80	85	1.24396000000000e-01	5.00000000000000e-02
76	91	81	86	1.32382300000000e-01	5.00000000000000e-02
77	92	82	87	1.35752000000000e-01	5.00000000000000e-02
78	93	83	88	1.35746300000000e-01	5.00000000000000e-02
79	94	84	89	1.41838400000000e-01	5.00000000000000e-02
80	95	85	90	1.41381600000000e-01	5.00000000000000e-02
81	96	86	91	1.39190400000000e-01	5.00000000000000e-02
1	19	7	13	1.15923600000000e-01	5.00000000000000e-02
2	20	8	14	1.15925900000000e-01	5.00000000000000e-02
3	21	9	15	1.13237300000000e-01	5.00000000000000e-02
4	22	10	16	1.09388500000000e-01	5.00000000000000e-02
5	23	11	17	1.08256200000000e-01	5.00000000000000e-02
6	24	12	18	7.55983000000000e-02	5.00000000000000e-02
11	25	17	23	9.65300000000000e-02	5.00000000000000e-02
12	26	18	24	9.83306000000000e-02	5.00000000000000e-02
17	31	23	25	1.09735300000000e-01	5.00000000000000e-02
18	32	24	26	1.08407500000000e-01	5.00000000000000e-02
23	37	25	31	8.57735000000000e-02	5.00000000000000e-02
24	38	26	32	8.51137000000000e-02	5.00000000000000e-02
25	43	31	37	1.01372300000000e-01	5.00000000000000e-02
26	44	32	38	1.03457700000000e-01	5.00000000000000e-02
27	45	33	39	9.83088000000000e-02	5.00000000000000e-02
28	46	34	40	9.66593000000000e-02	5.00000000000000e-02
29	47	35	41	9.78451000000000e-02	5.00000000000000e-02
30	48	36	42	9.65497000000000e-02	5.00000000000000e-02
31	49	37	43	9.44219000000000e-02	5.00000000000000e-02
32	50	38	44	9.15205000000000e-02	5.00000000000000e-02
33	51	39	45	9.38112000000000e-02	5.00000000000000e-02
34	52	40	46	9.47462000000000e-02	5.00000000000000e-02
35	53	41	47	9.37310000000000e-02	5.00000000000000e-02
36	54	42	48	9.38832000000000e-02	5.00000000000000e-02
37	55	43	49	9.33872000000000e-02	5.00000000000000e-02
38	56	44	50	9.56982000000000e-02	5.00000000000000e-02
39	57	45	51	9.23117000000000e-02	5.00000000000000e-02
40	58	46	52	9.10470000000000e-02	5.00000000000000e-02
41	59	47	53	8.95210000000000e-02	5.00000000000000e-02
42	60	48	54	8.80882000000000e-02	5.00000000000000e-02
43	61	49	55	8.40569000000000e-02	5.00000000000000e-02
44	62	50	56	8.15777000000000e-02	5.00000000000000e-02
45	63	51	57	8.12716000000000e-02	5.00000000000000e-02
46	64	52	58	8.13460000000000e-02	5.00000000000000e-02
47	65	53	59	8.14103000000000e-02	5.00000000000000e-02
48	66	54	60	8.01065000000000e-02	5.00000000000000e-02
49	67	55	61	8.13918000000000e-02	5.00000000000000e-02
50	68	56	62	7.96298000000000e-02	5.00000000000000e-02
51	69	57	63	7.90559000000000e-02	5.00000000000000e-02
52	70	58	64	7.64232000000000e-02	5.00000000000000e-02
54	72	60	66	7.54668000000000e-02	5.00000000000000e-02
55	73	61	67	7.35797000000000e-02	5.00000000000000e-02
56	74	62	68	7.56122000000000e-02	5.00000000000000e-02
57	75	63	69	7.48411000000000e-02	5.00000000000000e-02
58	76	64	70	7.74562000000000e-02	5.00000000000000e-02
59	77	65	71	7.83953000000000e-02	5.00000000000000e-02
60	78	66	72	7.86079000000000e-02	5.00000000000000e-02
61	79	67	73	7.82789000000000e-02	5.00000000000000e-02
62	80	68	74	7.44708000000000e-02	5.00000000000000e-02
64	82	70	76	7.98606000000000e-02	5.00000000000000e-02
65	83	71	77	8.40436000000000e-02	5.00000000000000e-02
66	84	72	78	8.60596000000000e-02	5.00000000000000e-02
67	85	73	79	9.80772000000000e-02	5.00000000000000e-02
69	87	75	81	9.80211000000000e-02	5.00000000000000e-02
70	88	76	82	1.12630600000000e-01	5.00000000000000e-02
71	89	77	83	1.16789800000000e-01	5.00000000000000e-02
72	90	78	84	1.22352800000000e-01	5.00000000000000e-02
73	91	79	85	1.21470400000000e-01	5.00000000000000e-02
74	92	80	86	1.17273800000000e-01	5.00000000000000e-02
75	93	81	87	1.25920900000000e-01	5.00000000000000e-02
76	94	82	88	1.26976600000000e-01	5.00000000000000e-02
77	95	83	89	1.26907700000000e-01	5.00000000000000e-02
78	96	84	90	1.27241200000000e-01	5.00000000000000e-02
1	22	8	15	1.09099500000000e-01	5.00000000000000e-02
2	23	9	16	1.06977900000000e-01	5.00000000000000e-02
3	24	10	17	1.01334200000000e-01	5.00000000000000e-02
8	25	15	22	9.35467000000000e-02	5.00000000000000e-02
9	26	16	23	9.19941000000000e-02	5.00000000000000e-02
10	27	17	24	9.56667000000000e-02	5.00000000000000e-02
15	32	22	25	1.02938000000000e-01	5.00000000000000e-02
16	33	23	26	1.04980700000000e-01	5.00000000000000e-02
17	34	24	27	9.82194000000000e-02	5.00000000000000e-02
22	39	25	32	8.58685000000000e-02	5.00000000000000e-02
23	40	26	33	8.36989000000000e-02	5.00000000000000e-02
24	41	27	34	8.85060000000000e-02	5.00000000000000e-02
25	46	32	39	9.51522000000000e-02	5.00000000000000e-02
26	47	33	40	9.46897000000000e-02	5.00000000000000e-02
27	48	34	41	9.15773000000000e-02	5.00000000000000e-02
28	49	35	42	9.35719000000000e-02	5.00000000000000e-02
29	50	36	43	9.18371000000000e-02	5.00000000000000e-02
30	51	37	44	9.09791000000000e-02	5.00000000000000e-02
31	52	38	45	8.79066000000000e-02	5.00000000000000e-02
32	53	39	46	8.90325000000000e-02	5.00000000000000e-02
33	54	40	47	8.99224000000000e-02	5.00000000000000e-02
34	55	41	48	9.12670000000000e-02	5.00000000000000e-02
35	56	42	49	9.01817000000000e-02	5.00000000000000e-02
36	57	43	50	8.98182000000000e-02	5.00000000000000e-02
37	58	44	51	8.83962000000000e-02	5.00000000000000e-02
38	59	45	52	8.82736000000000e-02	5.00000000000000e-02
39	60	46	53	8.69315000000000e-02	5.00000000000000e-02
40	61	47	54	8.50368000000000e-02	5.00000000000000e-02
41	62	48	55	8.36803000000000e-02	5.00000000000000e-02
42	63	49	56	8.02434000000000e-02	5.00000000000000e-02
43	64	50	57	7.90628000000000e-02	5.00000000000000e-02
44	65	51	58	7.98682000000000e-02	5.00000000000000e-02
45	66	52	59	7.97918000000000e-02	5.00000000000000e-02
46	67	53	60	7.85344000000000e-02	5.00000000000000e-02
47	68	54	61	7.85067000000000e-02	5.00000000000000e-02
48	69	55	62	7.70335000000000e-02	5.00000000000000e-02
49	70	56	63	7.76032000000000e-02	5.00000000000000e-02
50	71	57	64	7.69174000000000e-02	5.00000000000000e-02
52	73	59	66	7.46666000000000e-02	5.00000000000000e-02
53	74	60	67	7.46195000000000e-02	5.00000000000000e-02
54	75	61	68	7.44108000000000e-02	5.00000000000000e-02
55	76	62	69	7.49052000000000e-02	5.00000000000000e-02
56	77	63	70	7.55724000000000e-02	5.00000000000000e-02
57	78	64	71	7.70836000000000e-02	5.00000000000000e-02
58	79	65	72	7.39913000000000e-02	5.00000000000000e-02
59	80	66	73	7.25432000000000e-02	5.00000000000000e-02
60	81	67	74	7.44385000000000e-02	5.00000000000000e-02
62	83	69	76	7.72291000000000e-02	5.00000000000000e-02
63	84	70	77	7.91465000000000e-02	5.00000000000000e-02
64	85	71	78	7.93987000000000e-02	5.00000000000000e-02
65	86	72	79	9.13594000000000e-02	5.00000000000000e-02
67	88	74	81	9.90456000000000e-02	5.00000000000000e-02
68	89	75	82	9.42097000000000e-02	5.00000000000000e-02
69	90	76	83	1.07900200000000e-01	5.00000000000000e-02
70	91	77	84	1.11886600000000e-01	5.00000000000000e-02
71	92	78	85	1.19256400000000e-01	5.00000000000000e-02
72	93	79	86	1.15997100000000e-01	5.00000000000000e-02
73	94	80	87	1.15028400000000e-01	5.00000000000000e-02
74	95	81	88	1.18863600000000e-01	5.00000000000000e-02
75	96	82	89	1.18960800000000e-01	5.00000000000000e-02
5	25	13	21	9.14758000000000e-02	5.00000000000000e-02
6	26	14	22	8.89867000000000e-02	5.00000000000000e-02
7	27	15	23	9.03071000000000e-02	5.00000000000000e-02
8	28	16	24	9.19179000000000e-02	5.00000000000000e-02
13	33	21	25	9.71748000000000e-02	5.00000000000000e-02
14	34	22	26	9.99829000000000e-02	5.00000000000000e-02
15	35	23	27	9.64996000000000e-02	5.00000000000000e-02
16	36	24	28	9.32514000000000e-02	5.00000000000000e-02
21	41	25	33	8.45425000000000e-02	5.00000000000000e-02
22	42	26	34	8.26886000000000e-02	5.00000000000000e-02
23	43	27	35	8.34425000000000e-02	5.00000000000000e-02
24	44	28	36	8.69295000000000e-02	5.00000000000000e-02
25	49	33	41	8.87464000000000e-02	5.00000000000000e-02
26	50	34	42	8.98598000000000e-02	5.00000000000000e-02
27	51	35	43	9.04843000000000e-02	5.00000000000000e-02
28	52	36	44	8.78472000000000e-02	5.00000000000000e-02
29	53	37	45	8.72753000000000e-02	5.00000000000000e-02
30	54	38	46	8.55648000000000e-02	5.00000000000000e-02
31	55	39	47	8.51719000000000e-02	5.00000000000000e-02
32	56	40	48	8.70926000000000e-02	5.00000000000000e-02
33	57	41	49	8.79947000000000e-02	5.00000000000000e-02
34	58	42	50	8.66951000000000e-02	5.00000000000000e-02
35	59	43	51	8.33049000000000e-02	5.00000000000000e-02
36	60	44	52	8.45974000000000e-02	5.00000000000000e-02
37	61	45	53	8.28927000000000e-02	5.00000000000000e-02
38	62	46	54	8.41814000000000e-02	5.00000000000000e-02
39	63	47	55	8.23644000000000e-02	5.00000000000000e-02
40	64	48	56	7.97256000000000e-02	5.00000000000000e-02
41	65	49	57	7.76999000000000e-02	5.00000000000000e-02
42	66	50	58	7.76532000000000e-02	5.00000000000000e-02
43	67	51	59	7.85911000000000e-02	5.00000000000000e-02
44	68	52	60	7.73920000000000e-02	5.00000000000000e-02
45	69	53	61	7.78780000000000e-02	5.00000000000000e-02
46	70	54	62	7.59790000000000e-02	5.00000000000000e-02
47	71	55	63	7.52241000000000e-02	5.00000000000000e-02
48	72	56	64	7.58449000000000e-02	5.00000000000000e-02
50	74	58	66	7.52249000000000e-02	5.00000000000000e-02
51	75	59	67	7.41722000000000e-02	5.00000000000000e-02
52	76	60	68	7.45923000000000e-02	5.00000000000000e-02
53	77	61	69	7.30264000000000e-02	5.00000000000000e-02
54	78	62	70	7.53700000000000e-02	5.00000000000000e-02
55	79	63	71	7.32071000000000e-02	5.00000000000000e-02
56	80	64	72	7.03714000000000e-02	5.00000000000000e-02
57	81	65	73	7.12808000000000e-02	5.00000000000000e-02
58	82	66	74	7.16483000000000e-02	5.00000000000000e-02
60	84	68	76	7.34268000000000e-02	5.00000000000000e-02
61	85	69	77	7.61417000000000e-02	5.00000000000000e-02
62	86	70	78	7.58292000000000e-02	5.00000000000000e-02
63	87	71	79	8.40991000000000e-02	5.00000000000000e-02
65	89	73	81	9.30316000000000e-02	5.00000000000000e-02
66	90	74	82	9.76685000000000e-02	5.00000000000000e-02
67	91	75	83	1.01715600000000e-01	5.00000000000000e-02
68	92	76	84	1.05146900000000e-01	5.00000000000000e-02
69	93	77	85	1.10270600000000e-01	5.00000000000000e-02
70	94	78	86	1.14817900000000e-01	5.00000000000000e-02
71	95	79	87	1.13183100000000e-01	5.00000000000000e-02
72	96	80	88	1.10147100000000e-01	5.00000000000000e-02
2	25	11	20	8.68926000000000e-02	5.00000000000000e-02
3	26	12	21	8.79418000000000e-02	5.00000000000000e-02
4	27	13	22	8.76423000000000e-02	5.00000000000000e-02
5	28	14	23	8.67821000000000e-02	5.00000000000000e-02
6	29	15	24	8.80444000000000e-02	5.00000000000000e-02
11	34	20	25	9.27127000000000e-02	5.00000000000000e-02
12	35	21	26	9.43322000000000e-02	5.00000000000000e-02
13	36	22	27	9.26755000000000e-02	5.00000000000000e-02
14	37	23	28	9.18404000000000e-02	5.00000000000000e-02
15	38	24	29	8.94384000000000e-02	5.00000000000000e-02
20	43	25	34	8.20761000000000e-02	5.00000000000000e-02
21	44	26	35	7.99354000000000e-02	5.00000000000000e-02
22	45	27	36	8.26867000000000e-02	5.00000000000000e-02
23	46	28	37	8.36590000000000e-02	5.00000000000000e-02
24	47	29	38	8.52348000000000e-02	5.00000000000000e-02
25	52	34	43	8.63749000000000e-02	5.00000000000000e-02
26	53	35	44	8.71806000000000e-02	5.00000000000000e-02
27	54	36	45	8.48217000000000e-02	5.00000000000000e-02
28	55	37	46	8.40674000000000e-02	5.00000000000000e-02
29	56	38	47	8.29185000000000e-02	5.00000000000000e-02
30	57	39	48	8.44547000000000e-02	5.00000000000000e-02
31	58	40	49	8.38443000000000e-02	5.00000000000000e-02
32	59	41	50	8.32934000000000e-02	5.00000000000000e-02
33	60	42	51	8.18030000000000e-02	5.00000000000000e-02
34	61	43	52	8.03734000000000e-02	5.00000000000000e-02
35	62	44	53	8.06885000000000e-02	5.00000000000000e-02
36	63	45	54	8.06204000000000e-02	5.00000000000000e-02
37	64	46	55	8.01041000000000e-02	5.00000000000000e-02
38	65	47	56	7.95604000000000e-02	5.00000000000000e-02
39	66	48	57	7.72764000000000e-02	5.00000000000000e-02
40	67	49	58	7.60336000000000e-02	5.00000000000000e-02
41	68	50	59	7.59882000000000e-02	5.00000000000000e-02
42	69	51	60	7.68188000000000e-02	5.00000000000000e-02
43	70	52	61	7.69014000000000e-02	5.00000000000000e-02
44	71	53	62	7.48269000000000e-02	5.00000000000000e-02
45	72	54	63	7.42671000000000e-02	5.00000000000000e-02
46	73	55	64	7.39746000000000e-02	5.00000000000000e-02
48	75	57	66	7.49919000000000e-02	5.00000000000000e-02
49	76	58	67	7.47043000000000e-02	5.00000000000000e-02
50	77	59	68	7.40745000000000e-02	5.00000000000000e-02
51	78	60	69	7.29710000000000e-02	5.00000000000000e-02
52	79	61	70	7.07124000000000e-02	5.00000000000000e-02
53	80	62	71	7.02210000000000e-02	5.00000000000000e-02
54	81	63	72	6.97855000000000e-02	5.00000000000000e-02
55	82	64	73	6.96277000000000e-02	5.00000000000000e-02
56	83	65	74	6.91805000000000e-02	5.00000000000000e-02
58	85	67	76	7.09353000000000e-02	5.00000000000000e-02
59	86	68	77	7.21087000000000e-02	5.00000000000000e-02
60	87	69	78	7.29289000000000e-02	5.00000000000000e-02
61	88	70	79	8.05853000000000e-02	5.00000000000000e-02
63	90	72	81	8.79504000000000e-02	5.00000000000000e-02
64	91	73	82	9.15382000000000e-02	5.00000000000000e-02
65	92	74	83	9.57384000000000e-02	5.00000000000000e-02
66	93	75	84	9.48764000000000e-02	5.00000000000000e-02
67	94	76	85	1.04697500000000e-01	5.00000000000000e-02
68	95	77	86	1.07460000000000e-01	5.00000000000000e-02
69	96	78	87	1.12288000000000e-01	5.00000000000000e-02
1	27	11	21	8.68491000000000e-02	5.00000000000000e-02
2	28	12	22	8.55004000000000e-02	5.00000000000000e-02
3	29	13	23	8.38021000000000e-02	5.00000000000000e-02
4	30	14	24	8.44702000000000e-02	5.00000000000000e-02
9	35	19	25	8.93019000000000e-02	5.00000000000000e-02
10	36	20	26	9.00782000000000e-02	5.00000000000000e-02
11	37	21	27	8.73313000000000e-02	5.00000000000000e-02
12	38	22	28	8.70763000000000e-02	5.00000000000000e-02
13	39	23	29	8.79600000000000e-02	5.00000000000000e-02
14	40	24	30	8.67869000000000e-02	5.00000000000000e-02
19	45	25	35	7.87732000000000e-02	5.00000000000000e-02
20	46	26	36	7.86445000000000e-02	5.00000000000000e-02
21	47	27	37	8.08181000000000e-02	5.00000000000000e-02
22	48	28	38	8.14817000000000e-02	5.00000000000000e-02
23	49	29	39	8.00306000000000e-02	5.00000000000000e-02
24	50	30	40	7.97999000000000e-02	5.00000000000000e-02
25	55	35	45	8.33137000000000e-02	5.00000000000000e-02
26	56	36	46	8.28057000000000e-02	5.00000000000000e-02
27	57	37	47	8.16981000000000e-02	5.00000000000000e-02
28	58	38	48	8.06863000000000e-02	5.00000000000000e-02
29	59	39	49	8.12852000000000e-02	5.00000000000000e-02
30	60	40	50	8.16926000000000e-02	5.00000000000000e-02
31	61	41	51	7.91688000000000e-02	5.00000000000000e-02
32	62	42	52	7.84718000000000e-02	5.00000000000000e-02
33	63	43	53	7.82844000000000e-02	5.00000000000000e-02
34	64	44	54	7.86043000000000e-02	5.00000000000000e-02
35	65	45	55	7.74863000000000e-02	5.00000000000000e-02
36	66	46	56	7.71193000000000e-02	5.00000000000000e-02
37	67	47	57	7.59762000000000e-02	5.00000000000000e-02
38	68	48	58	7.63121000000000e-02	5.00000000000000e-02
39	69	49	59	7.53001000000000e-02	5.00000000000000e-02
40	70	50	60	7.45846000000000e-02	5.00000000000000e-02
41	71	51	61	7.50790000000000e-02	5.00000000000000e-02
42	72	52	62	7.45415000000000e-02	5.00000000000000e-02
43	73	53	63	7.39963000000000e-02	5.00000000000000e-02
44	74	54	64	7.30315000000000e-02	5.00000000000000e-02
46	76	56	66	7.40384000000000e-02	5.00000000000000e-02
47	77	57	67	7.39593000000000e-02	5.00000000000000e-02
48	78	58	68	7.33348000000000e-02	5.00000000000000e-02
49	79	59	69	7.05678000000000e-02	5.00000000000000e-02
50	80	60	70	6.86377000000000e-02	5.00000000000000e-02
51	81	61	71	6.85091000000000e-02	5.00000000000000e-02
52	82	62	72	6.77217000000000e-02	5.00000000000000e-02
53	83	63	73	6.81249000000000e-02	5.00000000000000e-02
54	84	64	74	6.75424000000000e-02	5.00000000000000e-02
55	85	65	75	6.74716000000000e-02	5.00000000000000e-02
56	86	66	76	6.25197000000000e-02	5.00000000000000e-02
57	87	67	77	6.90926000000000e-02	5.00000000000000e-02
58	88	68	78	6.96530000000000e-02	5.00000000000000e-02
59	89	69	79	7.72817000000000e-02	5.00000000000000e-02
61	91	71	81	8.39797000000000e-02	5.00000000000000e-02
62	92	72	82	8.73236000000000e-02	5.00000000000000e-02
63	93	73	83	8.98827000000000e-02	5.00000000000000e-02
64	94	74	84	9.42016000000000e-02	5.00000000000000e-02
65	95	75	85	8.61679000000000e-02	5.00000000000000e-02
66	96	76	86	1.02237900000000e-01	5.00000000000000e-02
1	30	12	23	8.16244000000000e-02	5.00000000000000e-02
2	31	13	24	8.26803000000000e-02	5.00000000000000e-02
7	36	18	25	8.50769000000000e-02	5.00000000000000e-02
8	37	19	26	8.55270000000000e-02	5.00000000000000e-02
9	38	20	27	8.30513000000000e-02	5.00000000000000e-02
10	39	21	28	8.28429000000000e-02	5.00000000000000e-02
11	40	22	29	8.41434000000000e-02	5.00000000000000e-02
12	41	23	30	8.42180000000000e-02	5.00000000000000e-02
13	42	24	31	8.12498000000000e-02	5.00000000000000e-02
18	47	25	36	7.71958000000000e-02	5.00000000000000e-02
19	48	26	37	7.60748000000000e-02	5.00000000000000e-02
20	49	27	38	7.89628000000000e-02	5.00000000000000e-02
21	50	28	39	7.84491000000000e-02	5.00000000000000e-02
22	51	29	40	7.79819000000000e-02	5.00000000000000e-02
23	52	30	41	7.69027000000000e-02	5.00000000000000e-02
24	53	31	42	8.05143000000000e-02	5.00000000000000e-02
25	58	36	47	7.91530000000000e-02	5.00000000000000e-02
26	59	37	48	7.99282000000000e-02	5.00000000000000e-02
27	60	38	49	7.82195000000000e-02	5.00000000000000e-02
28	61	39	50	7.86961000000000e-02	5.00000000000000e-02
29	62	40	51	7.79476000000000e-02	5.00000000000000e-02
30	63	41	52	7.84372000000000e-02	5.00000000000000e-02
31	64	42	53	7.59055000000000e-02	5.00000000000000e-02
32	65	43	54	7.59785000000000e-02	5.00000000000000e-02
33	66	44	55	7.58164000000000e-02	5.00000000000000e-02
34	67	45	56	7.53062000000000e-02	5.00000000000000e-02
35	68	46	57	7.40982000000000e-02	5.00000000000000e-02
36	69	47	58	7.52752000000000e-02	5.00000000000000e-02
37	70	48	59	7.45524000000000e-02	5.00000000000000e-02
38	71	49	60	7.39758000000000e-02	5.00000000000000e-02
39	72	50	61	7.42654000000000e-02	5.00000000000000e-02
40	73	51	62	7.34342000000000e-02	5.00000000000000e-02
41	74	52	63	7.27120000000000e-02	5.00000000000000e-02
42	75	53	64	7.25952000000000e-02	5.00000000000000e-02
44	77	55	66	7.19988000000000e-02	5.00000000000000e-02
45	78	56	67	7.22909000000000e-02	5.00000000000000e-02
46	79	57	68	7.10236000000000e-02	5.00000000000000e-02
47	80	58	69	6.80293000000000e-02	5.00000000000000e-02
48	81	59	70	6.79229000000000e-02	5.00000000000000e-02
49	82	60	71	6.72630000000000e-02	5.00000000000000e-02
50	83	61	72	6.56477000000000e-02	5.00000000000000e-02
51	84	62	73	6.56743000000000e-02	5.00000000000000e-02
52	85	63	74	6.51752000000000e-02	5.00000000000000e-02
54	87	65	76	6.35394000000000e-02	5.00000000000000e-02
55	88	66	77	6.72427000000000e-02	5.00000000000000e-02
56	89	67	78	6.77456000000000e-02	5.00000000000000e-02
57	90	68	79	7.33874000000000e-02	5.00000000000000e-02
59	92	70	81	7.97299000000000e-02	5.00000000000000e-02
60	93	71	82	8.32060000000000e-02	5.00000000000000e-02
61	94	72	83	8.68164000000000e-02	5.00000000000000e-02
62	95	73	84	8.93310000000000e-02	5.00000000000000e-02
63	96	74	85	9.38472000000000e-02	5.00000000000000e-02
5	37	17	25	8.11892000000000e-02	5.00000000000000e-02
6	38	18	26	8.18998000000000e-02	5.00000000000000e-02
7	39	19	27	8.01874000000000e-02	5.00000000000000e-02
8	40	20	28	7.92144000000000e-02	5.00000000000000e-02
9	41	21	29	7.96759000000000e-02	5.00000000000000e-02
10	42	22	30	8.04456000000000e-02	5.00000000000000e-02
11	43	23	31	7.86991000000000e-02	5.00000000000000e-02
12	44	24	32	7.86707000000000e-02	5.00000000000000e-02
17	49	25	37	7.47102000000000e-02	5.00000000000000e-02
18	50	26	38	7.40789000000000e-02	5.00000000000000e-02
19	51	27	39	7.56467000000000e-02	5.00000000000000e-02
20	52	28	40	7.59897000000000e-02	5.00000000000000e-02
21	53	29	41	7.57895000000000e-02	5.00000000000000e-02
22	54	30	42	7.59777000000000e-02	5.00000000000000e-02
23	55	31	43	7.79027000000000e-02	5.00000000000000e-02
24	56	32	44	6.86450000000000e-02	5.00000000000000e-02
25	61	37	49	7.69601000000000e-02	5.00000000000000e-02
26	62	38	50	7.66657000000000e-02	5.00000000000000e-02
27	63	39	51	7.61211000000000e-02	5.00000000000000e-02
28	64	40	52	7.60464000000000e-02	5.00000000000000e-02
29	65	41	53	7.64788000000000e-02	5.00000000000000e-02
30	66	42	54	7.54899000000000e-02	5.00000000000000e-02
31	67	43	55	7.33306000000000e-02	5.00000000000000e-02
32	68	44	56	7.33314000000000e-02	5.00000000000000e-02
33	69	45	57	7.32242000000000e-02	5.00000000000000e-02
34	70	46	58	7.36796000000000e-02	5.00000000000000e-02
35	71	47	59	7.35645000000000e-02	5.00000000000000e-02
36	72	48	60	7.33125000000000e-02	5.00000000000000e-02
37	73	49	61	7.31811000000000e-02	5.00000000000000e-02
38	74	50	62	7.21856000000000e-02	5.00000000000000e-02
39	75	51	63	7.24514000000000e-02	5.00000000000000e-02
40	76	52	64	7.14950000000000e-02	5.00000000000000e-02
42	78	54	66	7.06170000000000e-02	5.00000000000000e-02
43	79	55	67	6.92402000000000e-02	5.00000000000000e-02
44	80	56	68	6.81144000000000e-02	5.00000000000000e-02
45	81	57	69	6.78625000000000e-02	5.00000000000000e-02
46	82	58	70	6.63485000000000e-02	5.00000000000000e-02
47	83	59	71	6.53817000000000e-02	5.00000000000000e-02
48	84	60	72	6.40214000000000e-02	5.00000000000000e-02
49	85	61	73	6.29333000000000e-02	5.00000000000000e-02
50	86	62	74	6.32551000000000e-02	5.00000000000000e-02
52	88	64	76	4.18097000000000e-02	5.00000000000000e-02
53	89	65	77	5.85407000000000e-02	5.00000000000000e-02
54	90	66	78	6.58696000000000e-02	5.00000000000000e-02
55	91	67	79	7.14005000000000e-02	5.00000000000000e-02
57	93	69	81	7.63387000000000e-02	5.00000000000000e-02
58	94	70	82	7.96301000000000e-02	5.00000000000000e-02
59	95	71	83	8.19654000000000e-02	5.00000000000000e-02
60	96	72	84	8.57177000000000e-02	5.00000000000000e-02
3	38	16	25	7.75589000000000e-02	5.00000000000000e-02
4	39	17	26	7.85620000000000e-02	5.00000000000000e-02
5	40	18	27	7.73077000000000e-02	5.00000000000000e-02
6	41	19	28	7.64312000000000e-02	5.00000000000000e-02
7	42	20	29	7.61207000000000e-02	5.00000000000000e-02
8	43	21	30	7.60758000000000e-02	5.00000000000000e-02
9	44	22	31	7.56073000000000e-02	5.00000000000000e-02
10	45	23	32	7.65815000000000e-02	5.00000000000000e-02
11	46	24	33	7.59864000000000e-02	5.00000000000000e-02
16	51	25	38	7.35301000000000e-02	5.00000000000000e-02
17	52	26	39	7.16031000000000e-02	5.00000000000000e-02
18	53	27	40	7.29262000000000e-02	5.00000000000000e-02
19	54	28	41	7.32948000000000e-02	5.00000000000000e-02
20	55	29	42	7.46689000000000e-02	5.00000000000000e-02
21	56	30	43	7.60623000000000e-02	5.00000000000000e-02
22	57	31	44	7.58601000000000e-02	5.00000000000000e-02
23	58	32	45	7.51133000000000e-02	5.00000000000000e-02
24	59	33	46	6.96848000000000e-02	5.00000000000000e-02
25	64	38	51	7.42651000000000e-02	5.00000000000000e-02
26	65	39	52	7.60439000000000e-02	5.00000000000000e-02
27	66	40	53	7.57592000000000e-02	5.00000000000000e-02
28	67	41	54	7.53725000000000e-02	5.00000000000000e-02
29	68	42	55	7.42465000000000e-02	5.00000000000000e-02
30	69	43	56	7.23206000000000e-02	5.00000000000000e-02
31	70	44	57	7.15386000000000e-02	5.00000000000000e-02
32	71	45	58	7.21805000000000e-02	5.00000000000000e-02
33	72	46	59	7.33427000000000e-02	5.00000000000000e-02
34	73	47	60	7.25943000000000e-02	5.00000000000000e-02
35	74	48	61	7.16398000000000e-02	5.00000000000000e-02
36	75	49	62	7.09929000000000e-02	5.00000000000000e-02
37	76	50	63	7.08024000000000e-02	5.00000000000000e-02
38	77	51	64	7.05477000000000e-02	5.00000000000000e-02
40	79	53	66	6.79556000000000e-02	5.00000000000000e-02
41	80	54	67	6.58647000000000e-02	5.00000000000000e-02
42	81	55	68	6.72276000000000e-02	5.00000000000000e-02
43	82	56	69	6.62688000000000e-02	5.00000000000000e-02
44	83	57	70	6.52169000000000e-02	5.00000000000000e-02
45	84	58	71	6.37133000000000e-02	5.00000000000000e-02
46	85	59	72	6.19434000000000e-02	5.00000000000000e-02
47	86	60	73	6.11636000000000e-02	5.00000000000000e-02
48	87	61	74	6.03074000000000e-02	5.00000000000000e-02
50	89	63	76	6.08343000000000e-02	5.00000000000000e-02
51	90	64	77	6.32951000000000e-02	5.00000000000000e-02
52	91	65	78	6.33307000000000e-02	5.00000000000000e-02
53	92	66	79	6.88222000000000e-02	5.00000000000000e-02
55	94	68	81	7.35007000000000e-02	5.00000000000000e-02
56	95	69	82	7.76523000000000e-02	5.00000000000000e-02
57	96	70	83	7.86628000000000e-02	5.00000000000000e-02
1	39	15	25	7.50538000000000e-02	5.00000000000000e-02
2	40	16	26	7.62964000000000e-02	5.00000000000000e-02
3	41	17	27	7.40698000000000e-02	5.00000000000000e-02
4	42	18	28	7.37631000000000e-02	5.00000000000000e-02
5	43	19	29	7.33246000000000e-02	5.00000000000000e-02
6	44	20	30	7.34077000000000e-02	5.00000000000000e-02
7	45	21	31	7.23564000000000e-02	5.00000000000000e-02
8	46	22	32	7.37491000000000e-02	5.00000000000000e-02
9	47	23	33	7.41191000000000e-02	5.00000000000000e-02
10	48	24	34	7.35762000000000e-02	5.00000000000000e-02
15	53	25	39	7.09343000000000e-02	5.00000000000000e-02
16	54	26	40	7.02879000000000e-02	5.00000000000000e-02
17	55	27	41	7.13693000000000e-02	5.00000000000000e-02
18	56	28	42	7.20324000000000e-02	5.00000000000000e-02
19	57	29	43	7.29182000000000e-02	5.00000000000000e-02
20	58	30	44	7.17312000000000e-02	5.00000000000000e-02
21	59	31	45	7.32337000000000e-02	5.00000000000000e-02
22	60	32	46	7.23916000000000e-02	5.00000000000000e-02
23	61	33	47	7.09574000000000e-02	5.00000000000000e-02
24	62	34	48	8.28584000000000e-02	5.00000000000000e-02
25	67	39	53	7.22373000000000e-02	5.00000000000000e-02
26	68	40	54	7.32529000000000e-02	5.00000000000000e-02
27	69	41	55	7.29579000000000e-02	5.00000000000000e-02
28	70	42	56	7.13654000000000e-02	5.00000000000000e-02
29	71	43	57	7.06642000000000e-02	5.00000000000000e-02
30	72	44	58	7.18998000000000e-02	5.00000000000000e-02
31	73	45	59	7.09354000000000e-02	5.00000000000000e-02
32	74	46	60	7.08709000000000e-02	5.00000000000000e-02
33	75	47	61	7.16688000000000e-02	5.00000000000000e-02
34	76	48	62	7.09144000000000e-02	5.00000000000000e-02
35	77	49	63	6.95055000000000e-02	5.00000000000000e-02
36	78	50	64	6.92685000000000e-02	5.00000000000000e-02
38	80	52	66	6.65373000000000e-02	5.00000000000000e-02
39	81	53	67	6.63685000000000e-02	5.00000000000000e-02
40	82	54	68	6.49200000000000e-02	5.00000000000000e-02
41	83	55	69	6.43436000000000e-02	5.00000000000000e-02
42	84	56	70	6.39129000000000e-02	5.00000000000000e-02
43	85	57	71	6.33931000000000e-02	5.00000000000000e-02
44	86	58	72	6.12705000000000e-02	5.00000000000000e-02
45	87	59	73	5.99635000000000e-02	5.00000000000000e-02
46	88	60	74	5.88025000000000e-02	5.00000000000000e-02
48	90	62	76	5.97537000000000e-02	5.00000000000000e-02
49	91	63	77	6.18070000000000e-02	5.00000000000000e-02
50	92	64	78	6.23367000000000e-02	5.00000000000000e-02
51	93	65	79	6.67854000000000e-02	5.00000000000000e-02
53	95	67	81	7.14249000000000e-02	5.00000000000000e-02
54	96	68	82	7.36927000000000e-02	5.00000000000000e-02
1	42	16	27	7.18564000000000e-02	5.00000000000000e-02
2	43	17	28	7.09191000000000e-02	5.00000000000000e-02
3	44	18	29	7.09737000000000e-02	5.00000000000000e-02
4	45	19	30	6.96674000000000e-02	5.00000000000000e-02
5	46	20	31	6.87849000000000e-02	5.00000000000000e-02
6	47	21	32	6.95955000000000e-02	5.00000000000000e-02
7	48	22	33	6.98695000000000e-02	5.00000000000000e-02
8	49	23	34	7.05105000000000e-02	5.00000000000000e-02
9	50	24	35	6.94294000000000e-02	5.00000000000000e-02
14	55	25	40	6.86600000000000e-02	5.00000000000000e-02
15	56	26	41	6.81020000000000e-02	5.00000000000000e-02
16	57	27	42	6.95594000000000e-02	5.00000000000000e-02
17	58	28	43	7.03800000000000e-02	5.00000000000000e-02
18	59	29	44	6.95741000000000e-02	5.00000000000000e-02
19	60	30	45	7.00314000000000e-02	5.00000000000000e-02
20	61	31	46	7.10167000000000e-02	5.00000000000000e-02
21	62	32	47	7.10526000000000e-02	5.00000000000000e-02
22	63	33	48	7.09298000000000e-02	5.00000000000000e-02
23	64	34	49	7.05409000000000e-02	5.00000000000000e-02
24	65	35	50	9.64554000000000e-02	5.00000000000000e-02
25	70	40	55	7.12770000000000e-02	5.00000000000000e-02
26	71	41	56	7.12442000000000e-02	5.00000000000000e-02
27	72	42	57	7.05168000000000e-02	5.00000000000000e-02
28	73	43	58	7.02222000000000e-02	5.00000000000000e-02
29	74	44	59	7.08775000000000e-02	5.00000000000000e-02
30	75	45	60	7.07231000000000e-02	5.00000000000000e-02
31	76	46	61	7.00023000000000e-02	5.00000000000000e-02
32	77	47	62	6.91458000000000e-02	5.00000000000000e-02
33	78	48	63	6.83179000000000e-02	5.00000000000000e-02
34	79	49	64	6.61559000000000e-02	5.00000000000000e-02
36	81	51	66	6.48390000000000e-02	5.00000000000000e-02
37	82	52	67	6.35575000000000e-02	5.00000000000000e-02
38	83	53	68	6.33743000000000e-02	5.00000000000000e-02
39	84	54	69	6.15309000000000e-02	5.00000000000000e-02
40	85	55	70	6.07652000000000e-02	5.00000000000000e-02
41	86	56	71	6.02260000000000e-02	5.00000000000000e-02
42	87	57	72	5.91342000000000e-02	5.00000000000000e-02
43	88	58	73	5.87097000000000e-02	5.00000000000000e-02
44	89	59	74	5.75721000000000e-02	5.00000000000000e-02
47	92	62	77	5.87408000000000e-02	5.00000000000000e-02
48	93	63	78	5.94235000000000e-02	5.00000000000000e-02
49	94	64	79	6.39901000000000e-02	5.00000000000000e-02
51	96	66	81	6.80159000000000e-02	5.00000000000000e-02
1	45	17	29	6.73161000000000e-02	5.00000000000000e-02
2	46	18	30	6.71641000000000e-02	5.00000000000000e-02
3	47	19	31	6.64909000000000e-02	5.00000000000000e-02
4	48	20	32	6.64670000000000e-02	5.00000000000000e-02
5	49	21	33	6.64886000000000e-02	5.00000000000000e-02
6	50	22	34	6.76098000000000e-02	5.00000000000000e-02
7	51	23	35	6.82179000000000e-02	5.00000000000000e-02
8	52	24	36	6.79091000000000e-02	5.00000000000000e-02
13	57	25	41	6.68802000000000e-02	5.00000000000000e-02
14	58	26	42	6.69355000000000e-02	5.00000000000000e-02
15	59	27	43	6.80008000000000e-02	5.00000000000000e-02
16	60	28	44	6.78256000000000e-02	5.00000000000000e-02
17	61	29	45	6.77052000000000e-02	5.00000000000000e-02
18	62	30	46	6.83865000000000e-02	5.00000000000000e-02
19	63	31	47	6.95900000000000e-02	5.00000000000000e-02
20	64	32	48	6.95526000000000e-02	5.00000000000000e-02
21	65	33	49	7.00928000000000e-02	5.00000000000000e-02
22	66	34	50	6.95898000000000e-02	5.00000000000000e-02
23	67	35	51	6.93062000000000e-02	5.00000000000000e-02
24	68	36	52	7.21741000000000e-02	5.00000000000000e-02
25	73	41	57	7.00943000000000e-02	5.00000000000000e-02
26	74	42	58	7.03015000000000e-02	5.00000000000000e-02
27	75	43	59	6.93379000000000e-02	5.00000000000000e-02
28	76	44	60	6.99728000000000e-02	5.00000000000000e-02
29	77	45	61	6.94803000000000e-02	5.00000000000000e-02
30	78	46	62	6.82732000000000e-02	5.00000000000000e-02
31	79	47	63	6.59447000000000e-02	5.00000000000000e-02
32	80	48	64	6.41375000000000e-02	5.00000000000000e-02
34	82	50	66	6.27457000000000e-02	5.00000000000000e-02
35	83	51	67	6.19859000000000e-02	5.00000000000000e-02
36	84	52	68	6.10366000000000e-02	5.00000000000000e-02
37	85	53	69	5.97504000000000e-02	5.00000000000000e-02
38	86	54	70	5.88816000000000e-02	5.00000000000000e-02
39	87	55	71	5.83947000000000e-02	5.00000000000000e-02
40	88	56	72	5.71671000000000e-02	5.00000000000000e-02
41	89	57	73	5.68025000000000e-02	5.00000000000000e-02
42	90	58	74	5.67192000000000e-02	5.00000000000000e-02
44	92	60	76	5.64541000000000e-02	5.00000000000000e-02
45	93	61	77	5.63974000000000e-02	5.00000000000000e-02
46	94	62	78	5.76947000000000e-02	5.00000000000000e-02
47	95	63	79	6.11424000000000e-02	5.00000000000000e-02
1	48	18	31	6.42850000000000e-02	5.00000000000000e-02
2	49	19	32	6.41809000000000e-02	5.00000000000000e-02
3	50	20	33	6.39812000000000e-02	5.00000000000000e-02
4	51	21	34	6.48491000000000e-02	5.00000000000000e-02
5	52	22	35	6.50140000000000e-02	5.00000000000000e-02
6	53	23	36	6.59950000000000e-02	5.00000000000000e-02
7	54	24	37	6.61689000000000e-02	5.00000000000000e-02
12	59	25	42	6.50246000000000e-02	5.00000000000000e-02
13	60	26	43	6.52186000000000e-02	5.00000000000000e-02
14	61	27	44	6.57087000000000e-02	5.00000000000000e-02
15	62	28	45	6.63319000000000e-02	5.00000000000000e-02
16	63	29	46	6.65282000000000e-02	5.00000000000000e-02
17	64	30	47	6.68188000000000e-02	5.00000000000000e-02
18	65	31	48	6.85174000000000e-02	5.00000000000000e-02
19	66	32	49	6.85436000000000e-02	5.00000000000000e-02
20	67	33	50	6.86535000000000e-02	5.00000000000000e-02
21	68	34	51	6.83739000000000e-02	5.00000000000000e-02
22	69	35	52	6.89744000000000e-02	5.00000000000000e-02
23	70	36	53	6.79216000000000e-02	5.00000000000000e-02
24	71	37	54	7.47681000000000e-02	5.00000000000000e-02
25	76	42	59	6.86686000000000e-02	5.00000000000000e-02
26	77	43	60	6.84236000000000e-02	5.00000000000000e-02
27	78	44	61	6.84732000000000e-02	5.00000000000000e-02
28	79	45	62	6.58062000000000e-02	5.00000000000000e-02
29	80	46	63	6.42583000000000e-02	5.00000000000000e-02
30	81	47	64	6.37303000000000e-02	5.00000000000000e-02
32	83	49	66	6.08394000000000e-02	5.00000000000000e-02
33	84	50	67	5.97946000000000e-02	5.00000000000000e-02
34	85	51	68	5.90333000000000e-02	5.00000000000000e-02
35	86	52	69	5.77854000000000e-02	5.00000000000000e-02
36	87	53	70	5.71535000000000e-02	5.00000000000000e-02
37	88	54	71	5.65361000000000e-02	5.00000000000000e-02
38	89	55	72	5.59041000000000e-02	5.00000000000000e-02
39	90	56	73	5.57636000000000e-02	5.00000000000000e-02
40	91	57	74	5.52901000000000e-02	5.00000000000000e-02
42	93	59	76	5.38403000000000e-02	5.00000000000000e-02
43	94	60	77	5.57742000000000e-02	5.00000000000000e-02
44	95	61	78	5.53588000000000e-02	5.00000000000000e-02
45	96	62	79	5.93190000000000e-02	5.00000000000000e-02
1	51	19	33	6.27408000000000e-02	5.00000000000000e-02
2	52	20	34	6.23577000000000e-02	5.00000000000000e-02
3	53	21	35	6.23183000000000e-02	5.00000000000000e-02
4	54	22	36	6.38709000000000e-02	5.00000000000000e-02
5	55	23	37	6.44468000000000e-02	5.00000000000000e-02
6	56	24	38	6.43856000000000e-02	5.00000000000000e-02
11	61	25	43	6.31474000000000e-02	5.00000000000000e-02
12	62	26	44	6.32184000000000e-02	5.00000000000000e-02
13	63	27	45	6.40886000000000e-02	5.00000000000000e-02
14	64	28	46	6.57082000000000e-02	5.00000000000000e-02
15	65	29	47	6.53646000000000e-02	5.00000000000000e-02
16	66	30	48	6.59181000000000e-02	5.00000000000000e-02
17	67	31	49	6.75097000000000e-02	5.00000000000000e-02
18	68	32	50	6.68746000000000e-02	5.00000000000000e-02
19	69	33	51	6.71872000000000e-02	5.00000000000000e-02
20	70	34	52	6.71609000000000e-02	5.00000000000000e-02
21	71	35	53	6.81810000000000e-02	5.00000000000000e-02
22	72	36	54	6.78800000000000e-02	5.00000000000000e-02
23	73	37	55	6.66147000000000e-02	5.00000000000000e-02
24	74	38	56	7.38217000000000e-02	5.00000000000000e-02
25	79	43	61	6.50458000000000e-02	5.00000000000000e-02
26	80	44	62	6.45548000000000e-02	5.00000000000000e-02
27	81	45	63	6.29687000000000e-02	5.00000000000000e-02
28	82	46	64	6.23016000000000e-02	5.00000000000000e-02
30	84	48	66	6.01737000000000e-02	5.00000000000000e-02
31	85	49	67	5.76342000000000e-02	5.00000000000000e-02
32	86	50	68	5.70703000000000e-02	5.00000000000000e-02
33	87	51	69	5.66089000000000e-02	5.00000000000000e-02
34	88	52	70	5.56786000000000e-02	5.00000000000000e-02
35	89	53	71	5.52402000000000e-02	5.00000000000000e-02
36	90	54	72	5.41394000000000e-02	5.00000000000000e-02
37	91	55	73	5.44831000000000e-02	5.00000000000000e-02
38	92	56	74	5.44851000000000e-02	5.00000000000000e-02
40	94	58	76	5.36011000000000e-02	5.00000000000000e-02
41	95	59	77	5.41347000000000e-02	5.00000000000000e-02
42	96	60	78	5.40154000000000e-02	5.00000000000000e-02
1	54	20	35	6.01200000000000e-02	5.00000000000000e-02
2	55	21	36	6.09027000000000e-02	5.00000000000000e-02
3	56	22	37	6.16126000000000e-02	5.00000000000000e-02
4	57	23	38	6.21647000000000e-02	5.00000000000000e-02
5	58	24	39	6.21034000000000e-02	5.00000000000000e-02
10	63	25	44	6.20797000000000e-02	5.00000000000000e-02
11	64	26	45	6.16467000000000e-02	5.00000000000000e-02
12	65	27	46	6.36664000000000e-02	5.00000000000000e-02
13	66	28	47	6.38841000000000e-02	5.00000000000000e-02
14	67	29	48	6.49940000000000e-02	5.00000000000000e-02
15	68	30	49	6.52194000000000e-02	5.00000000000000e-02
16	69	31	50	6.68455000000000e-02	5.00000000000000e-02
17	70	32	51	6.63332000000000e-02	5.00000000000000e-02
18	71	33	52	6.59862000000000e-02	5.00000000000000e-02
19	72	34	53	6.65287000000000e-02	5.00000000000000e-02
20	73	35	54	6.71763000000000e-02	5.00000000000000e-02
21	74	36	55	6.67429000000000e-02	5.00000000000000e-02
22	75	37	56	6.59141000000000e-02	5.00000000000000e-02
23	76	38	57	6.50334000000000e-02	5.00000000000000e-02
25	82	44	63	6.18766000000000e-02	5.00000000000000e-02
26	83	45	64	6.13193000000000e-02	5.00000000000000e-02
28	85	47	66	5.86496000000000e-02	5.00000000000000e-02
29	86	48	67	5.73949000000000e-02	5.00000000000000e-02
30	87	49	68	5.59461000000000e-02	5.00000000000000e-02
31	88	50	69	5.46128000000000e-02	5.00000000000000e-02
32	89	51	70	5.41011000000000e-02	5.00000000000000e-02
33	90	52	71	5.39638000000000e-02	5.00000000000000e-02
34	91	53	72	5.28467000000000e-02	5.00000000000000e-02
35	92	54	73	5.25900000000000e-02	5.00000000000000e-02
36	93	55	74	5.20193000000000e-02	5.00000000000000e-02
38	95	57	76	5.26055000000000e-02	5.00000000000000e-02
39	96	58	77	5.33829000000000e-02	5.00000000000000e-02
1	57	21	37	5.91318000000000e-02	5.00000000000000e-02
2	58	22	38	6.03276000000000e-02	5.00000000000000e-02
3	59	23	39	6.00916000000000e-02	5.00000000000000e-02
4	60	24	40	6.01258000000000e-02	5.00000000000000e-02
9	65	25	45	6.09144000000000e-02	5.00000000000000e-02
10	66	26	46	6.08535000000000e-02	5.00000000000000e-02
11	67	27	47	6.21684000000000e-02	5.00000000000000e-02
12	68	28	48	6.29499000000000e-02	5.00000000000000e-02
13	69	29	49	6.39113000000000e-02	5.00000000000000e-02
14	70	30	50	6.43253000000000e-02	5.00000000000000e-02
15	71	31	51	6.52260000000000e-02	5.00000000000000e-02
16	72	32	52	6.54710000000000e-02	5.00000000000000e-02
17	73	33	53	6.54928000000000e-02	5.00000000000000e-02
18	74	34	54	6.54189000000000e-02	5.00000000000000e-02
19	75	35	55	6.57092000000000e-02	5.00000000000000e-02
20	76	36	56	6.51285000000000e-02	5.00000000000000e-02
21	77	37	57	6.49189000000000e-02	5.00000000000000e-02
22	78	38	58	6.41338000000000e-02	5.00000000000000e-02
23	79	39	59	6.31870000000000e-02	5.00000000000000e-02
24	80	40	60	6.22449000000000e-02	5.00000000000000e-02
26	86	46	66	5.78298000000000e-02	5.00000000000000e-02
27	87	47	67	5.61217000000000e-02	5.00000000000000e-02
28	88	48	68	5.50078000000000e-02	5.00000000000000e-02
29	89	49	69	5.36274000000000e-02	5.00000000000000e-02
30	90	50	70	5.33396000000000e-02	5.00000000000000e-02
31	91	51	71	5.22181000000000e-02	5.00000000000000e-02
32	92	52	72	5.13865000000000e-02	5.00000000000000e-02
33	93	53	73	5.12808000000000e-02	5.00000000000000e-02
34	94	54	74	5.07337000000000e-02	5.00000000000000e-02
36	96	56	76	5.09697000000000e-02	5.00000000000000e-02
1	60	22	39	5.82508000000000e-02	5.00000000000000e-02
2	61	23	40	5.83992000000000e-02	5.00000000000000e-02
3	62	24	41	5.85445000000000e-02	5.00000000000000e-02
8	67	25	46	5.93212000000000e-02	5.00000000000000e-02
9	68	26	47	5.95350000000000e-02	5.00000000000000e-02
10	69	27	48	6.14744000000000e-02	5.00000000000000e-02
11	70	28	49	6.26381000000000e-02	5.00000000000000e-02
12	71	29	50	6.26562000000000e-02	5.00000000000000e-02
13	72	30	51	6.30885000000000e-02	5.00000000000000e-02
14	73	31	52	6.42982000000000e-02	5.00000000000000e-02
15	74	32	53	6.44999000000000e-02	5.00000000000000e-02
16	75	33	54	6.46264000000000e-02	5.00000000000000e-02
17	76	34	55	6.47456000000000e-02	5.00000000000000e-02
18	77	35	56	6.44089000000000e-02	5.00000000000000e-02
19	78	36	57	6.35653000000000e-02	5.00000000000000e-02
20	79	37	58	6.26415000000000e-02	5.00000000000000e-02
21	80	38	59	6.09749000000000e-02	5.00000000000000e-02
22	81	39	60	6.11209000000000e-02	5.00000000000000e-02
23	82	40	61	6.04597000000000e-02	5.00000000000000e-02
24	83	41	62	5.91897000000000e-02	5.00000000000000e-02
25	88	46	67	5.50639000000000e-02	5.00000000000000e-02
26	89	47	68	5.42879000000000e-02	5.00000000000000e-02
27	90	48	69	5.33884000000000e-02	5.00000000000000e-02
28	91	49	70	5.20750000000000e-02	5.00000000000000e-02
29	92	50	71	5.15307000000000e-02	5.00000000000000e-02
30	93	51	72	5.10706000000000e-02	5.00000000000000e-02
31	94	52	73	4.95622000000000e-02	5.00000000000000e-02
32	95	53	74	4.93989000000000e-02	5.00000000000000e-02
1	63	23	41	5.68977000000000e-02	5.00000000000000e-02
2	64	24	42	5.76152000000000e-02	5.00000000000000e-02
7	69	25	47	5.80579000000000e-02	5.00000000000000e-02
8	70	26	48	5.90712000000000e-02	5.00000000000000e-02
9	71	27	49	6.07146000000000e-02	5.00000000000000e-02
10	72	28	50	6.15128000000000e-02	5.00000000000000e-02
11	73	29	51	6.15014000000000e-02	5.00000000000000e-02
12	74	30	52	6.21552000000000e-02	5.00000000000000e-02
13	75	31	53	6.34583000000000e-02	5.00000000000000e-02
14	76	32	54	6.37905000000000e-02	5.00000000000000e-02
15	77	33	55	6.32021000000000e-02	5.00000000000000e-02
16	78	34	56	6.29477000000000e-02	5.00000000000000e-02
17	79	35	57	6.14559000000000e-02	5.00000000000000e-02
18	80	36	58	6.05655000000000e-02	5.00000000000000e-02
19	81	37	59	6.07804000000000e-02	5.00000000000000e-02
20	82	38	60	5.96963000000000e-02	5.00000000000000e-02
21	83	39	61	5.93457000000000e-02	5.00000000000000e-02
22	84	40	62	5.83750000000000e-02	5.00000000000000e-02
23	85	41	63	5.67376000000000e-02	5.00000000000000e-02
24	86	42	64	5.46978000000000e-02	5.00000000000000e-02
25	91	47	69	5.21331000000000e-02	5.00000000000000e-02
26	92	48	70	5.14775000000000e-02	5.00000000000000e-02
27	93	49	71	5.05759000000000e-02	5.00000000000000e-02
28	94	50	72	4.97626000000000e-02	5.00000000000000e-02
29	95	51	73	4.91216000000000e-02	5.00000000000000e-02
30	96	52	74	4.90815000000000e-02	5.00000000000000e-02
1	66	24	43	5.67609000000000e-02	5.00000000000000e-02
6	71	25	48	5.77408000000000e-02	5.00000000000000e-02
7	72	26	49	5.81495000000000e-02	5.00000000000000e-02
8	73	27	50	5.93325000000000e-02	5.00000000000000e-02
9	74	28	51	6.02062000000000e-02	5.00000000000000e-02
10	75	29	52	6.09270000000000e-02	5.00000000000000e-02
11	76	30	53	6.15329000000000e-02	5.00000000000000e-02
12	77	31	54	6.15946000000000e-02	5.00000000000000e-02
13	78	32	55	6.21415000000000e-02	5.00000000000000e-02
14	79	33	56	6.03425000000000e-02	5.00000000000000e-02
15	80	34	57	5.92860000000000e-02	5.00000000000000e-02
16	81	35	58	6.01055000000000e-02	5.00000000000000e-02
17	82	36	59	5.91324000000000e-02	5.00000000000000e-02
18	83	37	60	5.80028000000000e-02	5.00000000000000e-02
19	84	38	61	5.74662000000000e-02	5.00000000000000e-02
20	85	39	62	5.63380000000000e-02	5.00000000000000e-02
21	86	40	63	5.58655000000000e-02	5.00000000000000e-02
22	87	41	64	5.45173000000000e-02	5.00000000000000e-02
24	89	43	66	3.36466000000000e-02	5.00000000000000e-02
25	94	48	71	4.97373000000000e-02	5.00000000000000e-02
26	95	49	72	4.88501000000000e-02	5.00000000000000e-02
27	96	50	73	4.84900000000000e-02	5.00000000000000e-02
5	73	25	49	5.69449000000000e-02	5.00000000000000e-02
6	74	26	50	5.72992000000000e-02	5.00000000000000e-02
7	75	27	51	5.80227000000000e-02	5.00000000000000e-02
8	76	28	52	5.91981000000000e-02	5.00000000000000e-02
9	77	29	53	5.95098000000000e-02	5.00000000000000e-02
10	78	30	54	5.99985000000000e-02	5.00000000000000e-02
11	79	31	55	5.93540000000000e-02	5.00000000000000e-02
12	80	32	56	5.87403000000000e-02	5.00000000000000e-02
13	81	33	57	5.81600000000000e-02	5.00000000000000e-02
14	82	34	58	5.80835000000000e-02	5.00000000000000e-02
15	83	35	59	5.76762000000000e-02	5.00000000000000e-02
16	84	36	60	5.69723000000000e-02	5.00000000000000e-02
17	85	37	61	5.60845000000000e-02	5.00000000000000e-02
18	86	38	62	5.45004000000000e-02	5.00000000000000e-02
19	87	39	63	5.40185000000000e-02	5.00000000000000e-02
20	88	40	64	5.34699000000000e-02	5.00000000000000e-02
22	90	42	66	5.18955000000000e-02	5.00000000000000e-02
23	91	43	67	5.09166000000000e-02	5.00000000000000e-02
24	92	44	68	5.55363000000000e-02	5.00000000000000e-02
4	75	25	50	5.66106000000000e-02	5.00000000000000e-02
5	76	26	51	5.59300000000000e-02	5.00000000000000e-02
6	77	27	52	5.70963000000000e-02	5.00000000000000e-02
7	78	28	53	5.76505000000000e-02	5.00000000000000e-02
8	79	29	54	5.68367000000000e-02	5.00000000000000e-02
9	80	30	55	5.65209000000000e-02	5.00000000000000e-02
10	81	31	56	5.77010000000000e-02	5.00000000000000e-02
11	82	32	57	5.60257000000000e-02	5.00000000000000e-02
12	83	33	58	5.63545000000000e-02	5.00000000000000e-02
13	84	34	59	5.60357000000000e-02	5.00000000000000e-02
14	85	35	60	5.52532000000000e-02	5.00000000000000e-02
15	86	36	61	5.48498000000000e-02	5.00000000000000e-02
16	87	37	62	5.35129000000000e-02	5.00000000000000e-02
17	88	38	63	5.29400000000000e-02	5.00000000000000e-02
18	89	39	64	5.18332000000000e-02	5.00000000000000e-02
20	91	41	66	5.06989000000000e-02	5.00000000000000e-02
21	92	42	67	4.99735000000000e-02	5.00000000000000e-02
22	93	43	68	4.94542000000000e-02	5.00000000000000e-02
23	94	44	69	4.85341000000000e-02	5.00000000000000e-02
24	95	45	70	4.85094000000000e-02	5.00000000000000e-02
3	77	25	51	5.44906000000000e-02	5.00000000000000e-02
4	78	26	52	5.47445000000000e-02	5.00000000000000e-02
5	79	27	53	5.46826000000000e-02	5.00000000000000e-02
6	80	28	54	5.46553000000000e-02	5.00000000000000e-02
7	81	29	55	5.52572000000000e-02	5.00000000000000e-02
8	82	30	56	5.44954000000000e-02	5.00000000000000e-02
9	83	31	57	5.50982000000000e-02	5.00000000000000e-02
10	84	32	58	5.50683000000000e-02	5.00000000000000e-02
11	85	33	59	5.38294000000000e-02	5.00000000000000e-02
12	86	34	60	5.36173000000000e-02	5.00000000000000e-02
13	87	35	61	5.29400000000000e-02	5.00000000000000e-02
14	88	36	62	5.19346000000000e-02	5.00000000000000e-02
15	89	37	63	5.12414000000000e-02	5.00000000000000e-02
16	90	38	64	5.10356000000000e-02	5.00000000000000e-02
18	92	40	66	4.93001000000000e-02	5.00000000000000e-02
19	93	41	67	4.88122000000000e-02	5.00000000000000e-02
20	94	42	68	4.87275000000000e-02	5.00000000000000e-02
21	95	43	69	4.75863000000000e-02	5.00000000000000e-02
22	96	44	70	4.74476000000000e-02	5.00000000000000e-02
2	79	25	52	5.27309000000000e-02	5.00000000000000e-02
3	80	26	53	5.20841000000000e-02	5.00000000000000e-02
4	81	27	54	5.32420000000000e-02	5.00000000000000e-02
5	82	28	55	5.33238000000000e-02	5.00000000000000e-02
6	83	29	56	5.31676000000000e-02	5.00000000000000e-02
7	84	30	57	5.21864000000000e-02	5.00000000000000e-02
8	85	31	58	5.24127000000000e-02	5.00000000000000e-02
9	86	32	59	5.16352000000000e-02	5.00000000000000e-02
10	87	33	60	5.20712000000000e-02	5.00000000000000e-02
11	88	34	61	5.09503000000000e-02	5.00000000000000e-02
12	89	35	62	5.12129000000000e-02	5.00000000000000e-02
13	90	36	63	5.00638000000000e-02	5.00000000000000e-02
14	91	37	64	4.93836000000000e-02	5.00000000000000e-02
16	93	39	66	4.84772000000000e-02	5.00000000000000e-02
17	94	40	67	4.78675000000000e-02	5.00000000000000e-02
18	95	41	68	4.72675000000000e-02	5.00000000000000e-02
19	96	42	69	4.69421000000000e-02	5.00000000000000e-02
1	81	25	53	5.09694000000000e-02	5.00000000000000e-02
2	82	26	54	5.03189000000000e-02	5.00000000000000e-02
3	83	27	55	5.10107000000000e-02	5.00000000000000e-02
4	84	28	56	5.04865000000000e-02	5.00000000000000e-02
5	85	29	57	4.97301000000000e-02	5.00000000000000e-02
6	86	30	58	5.01463000000000e-02	5.00000000000000e-02
7	87	31	59	5.05374000000000e-02	5.00000000000000e-02
8	88	32	60	4.98990000000000e-02	5.00000000000000e-02
9	89	33	61	4.97507000000000e-02	5.00000000000000e-02
10	90	34	62	4.90389000000000e-02	5.00000000000000e-02
11	91	35	63	4.89821000000000e-02	5.00000000000000e-02
12	92	36	64	4.79324000000000e-02	5.00000000000000e-02
14	94	38	66	4.75044000000000e-02	5.00000000000000e-02
15	95	39	67	4.65694000000000e-02	5.00000000000000e-02
16	96	40	68	4.66976000000000e-02	5.00000000000000e-02
1	84	26	55	4.86593000000000e-02	5.00000000000000e-02
2	85	27	56	4.87154000000000e-02	5.00000000000000e-02
3	86	28	57	4.80312000000000e-02	5.00000000000000e-02
4	87	29	58	4.84043000000000e-02	5.00000000000000e-02
5	88	30	59	4.83191000000000e-02	5.00000000000000e-02
6	89	31	60	4.84700000000000e-02	5.00000000000000e-02
7	90	32	61	4.78682000000000e-02	5.00000000000000e-02
8	91	33	62	4.81248000000000e-02	5.00000000000000e-02
9	92	34	63	4.70937000000000e-02	5.00000000000000e-02
10	93	35	64	4.82013000000000e-02	5.00000000000000e-02
12	95	37	66	4.62191000000000e-02	5.00000000000000e-02
13	96	38	67	4.62656000000000e-02	5.00000000000000e-02
1	87	27	57	4.67076000000000e-02	5.00000000000000e-02
2	88	28	58	4.69832000000000e-02	5.00000000000000e-02
3	89	29	59	4.69731000000000e-02	5.00000000000000e-02
4	90	30	60	4.68901000000000e-02	5.00000000000000e-02
5	91	31	61	4.67117000000000e-02	5.00000000000000e-02
6	92	32	62	4.62932000000000e-02	5.00000000000000e-02
7	93	33	63	4.65290000000000e-02	5.00000000000000e-02
8	94	34	64	4.58926000000000e-02	5.00000000000000e-02
10	96	36	66	4.53030000000000e-02	5.00000000000000e-02
1	90	28	59	4.59648000000000e-02	5.00000000000000e-02
2	91	29	60	4.53718000000000e-02	5.00000000000000e-02
3	92	30	61	4.48050000000000e-02	5.00000000000000e-02
4	93	31	62	4.46278000000000e-02	5.00000000000000e-02
5	94	32	63	4.46444000000000e-02	5.00000000000000e-02
6	95	33	64	4.47592000000000e-02	5.00000000000000e-02
1	93	29	61	4.34032000000000e-02	5.00000000000000e-02
2	94	30	62	4.37060000000000e-02	5.00000000000000e-02
3	95	31	63	4.37557000000000e-02	5.00000000000000e-02
4	96	32	64	4.35897000000000e-02	5.00000000000000e-02
1	96	30	63	4.23026000000000e-02	5.00000000000000e-02
0
