100
# x y z
125	0	0
125.5	0	0
126	0	0
126.5	0	0
127	0	0
127.5	0	0
128	0	0
128.5	0	0
129	0	0
129.5	0	0
130	0	0
130.5	0	0
131	0	0
131.5	0	0
132	0	0
132.5	0	0
133	0	0
133.5	0	0
134	0	0
134.5	0	0
135	0	0
135.5	0	0
136	0	0
136.5	0	0
137	0	0
137.5	0	0
138	0	0
138.5	0	0
139	0	0
139.5	0	0
140	0	0
140.5	0	0
141	0	0
141.5	0	0
142	0	0
142.5	0	0
143	0	0
143.5	0	0
144	0	0
144.5	0	0
145	0	0
145.5	0	0
146	0	0
146.5	0	0
147	0	0
147.5	0	0
148	0	0
148.5	0	0
149	0	0
149.5	0	0
150	0	0
150.5	0	0
151	0	0
151.5	0	0
152	0	0
152.5	0	0
153	0	0
153.5	0	0
154	0	0
154.5	0	0
155	0	0
155.5	0	0
156	0	0
156.5	0	0
157	0	0
157.5	0	0
158	0	0
158.5	0	0
159	0	0
159.5	0	0
160	0	0
160.5	0	0
161	0	0
161.5	0	0
162	0	0
162.5	0	0
163	0	0
163.5	0	0
164	0	0
164.5	0	0
165	0	0
165.5	0	0
166	0	0
166.5	0	0
167	0	0
167.5	0	0
168	0	0
168.5	0	0
169	0	0
169.5	0	0
170	0	0
170.5	0	0
171	0	0
171.5	0	0
172	0	0
172.5	0	0
173	0	0
173.5	0	0
174	0	0
174.5	0	0
1374
# a b m n u i
1	4	2	3	1.31867700000000e-01	1.00000000000000e-02
2	5	3	4	1.50596100000000e-01	1.00000000000000e-02
3	6	4	5	1.27396400000000e-01	1.00000000000000e-02
4	7	5	6	1.53464900000000e-01	1.00000000000000e-02
5	8	6	7	1.28067800000000e-01	1.00000000000000e-02
6	9	7	8	1.20453800000000e-01	1.00000000000000e-02
7	10	8	9	1.45658300000000e-01	1.00000000000000e-02
8	11	9	10	1.19257300000000e-01	1.00000000000000e-02
9	12	10	11	1.45573600000000e-01	1.00000000000000e-02
10	13	11	12	1.29952800000000e-01	1.00000000000000e-02
11	14	12	13	1.33394400000000e-01	1.00000000000000e-02
12	15	13	14	1.30498300000000e-01	1.00000000000000e-02
13	16	14	15	1.20690200000000e-01	1.00000000000000e-02
14	17	15	16	1.29335600000000e-01	1.00000000000000e-02
16	19	17	18	1.20813400000000e-01	1.00000000000000e-02
17	20	18	19	1.14789600000000e-01	1.00000000000000e-02
18	21	19	20	1.18416100000000e-01	1.00000000000000e-02
19	22	20	21	1.07949700000000e-01	1.00000000000000e-02
20	23	21	22	1.10586300000000e-01	1.00000000000000e-02
21	24	22	23	1.05934100000000e-01	1.00000000000000e-02
22	25	23	24	1.09435100000000e-01	1.00000000000000e-02
23	26	24	25	1.08583900000000e-01	1.00000000000000e-02
24	27	25	26	1.08900700000000e-01	1.00000000000000e-02
25	28	26	27	1.15113200000000e-01	1.00000000000000e-02
27	30	28	29	1.10685500000000e-01	1.00000000000000e-02
28	31	29	30	1.04994400000000e-01	1.00000000000000e-02
29	32	30	31	1.05996700000000e-01	1.00000000000000e-02
30	33	31	32	1.07166500000000e-01	1.00000000000000e-02
32	35	33	34	1.03206200000000e-01	1.00000000000000e-02
33	36	34	35	1.22426200000000e-01	1.00000000000000e-02
34	37	35	36	1.13052600000000e-01	1.00000000000000e-02
35	38	36	37	1.16595000000000e-01	1.00000000000000e-02
36	39	37	38	1.12118800000000e-01	1.00000000000000e-02
38	41	39	40	1.12821300000000e-01	1.00000000000000e-02
40	43	41	42	1.14004800000000e-01	1.00000000000000e-02
41	44	42	43	1.16465700000000e-01	1.00000000000000e-02
42	45	43	44	1.14367600000000e-01	1.00000000000000e-02
43	46	44	45	1.15754000000000e-01	1.00000000000000e-02
44	47	45	46	1.13897500000000e-01	1.00000000000000e-02
45	48	46	47	1.12942400000000e-01	1.00000000000000e-02
46	49	47	48	1.28697700000000e-01	1.00000000000000e-02
47	50	48	49	1.14553600000000e-01	1.00000000000000e-02
48	51	49	50	1.43174500000000e-01	1.00000000000000e-02
49	52	50	51	1.30106400000000e-01	1.00000000000000e-02
50	53	51	52	1.37065600000000e-01	1.00000000000000e-02
52	55	53	54	1.43203400000000e-01	1.00000000000000e-02
54	57	55	56	1.24061000000000e-01	1.00000000000000e-02
55	58	56	57	1.55838500000000e-01	1.00000000000000e-02
56	59	57	58	1.38689200000000e-01	1.00000000000000e-02
57	60	58	59	1.55509800000000e-01	1.00000000000000e-02
58	61	59	60	1.32861400000000e-01	1.00000000000000e-02
60	63	61	62	1.34858100000000e-01	1.00000000000000e-02
62	65	63	64	1.32164200000000e-01	1.00000000000000e-02
63	66	64	65	1.31084400000000e-01	1.00000000000000e-02
64	67	65	66	1.39494300000000e-01	1.00000000000000e-02
65	68	66	67	1.31216900000000e-01	1.00000000000000e-02
67	70	68	69	1.41989900000000e-01	1.00000000000000e-02
68	71	69	70	1.47669500000000e-01	1.00000000000000e-02
69	72	70	71	1.50049400000000e-01	1.00000000000000e-02
70	73	71	72	1.40903100000000e-01	1.00000000000000e-02
71	74	72	73	1.56075000000000e-01	1.00000000000000e-02
72	75	73	74	1.32791100000000e-01	1.00000000000000e-02
73	76	74	75	1.39502700000000e-01	1.00000000000000e-02
74	77	75	76	1.42594500000000e-01	1.00000000000000e-02
75	78	76	77	1.48281600000000e-01	1.00000000000000e-02
76	79	77	78	1.63862800000000e-01	1.00000000000000e-02
77	80	78	79	1.65289000000000e-01	1.00000000000000e-02
78	81	79	80	1.84404400000000e-01	1.00000000000000e-02
79	82	80	81	1.85399700000000e-01	1.00000000000000e-02
80	83	81	82	1.88041000000000e-01	1.00000000000000e-02
81	84	82	83	1.93711200000000e-01	1.00000000000000e-02
82	85	83	84	1.87949400000000e-01	1.00000000000000e-02
84	87	85	86	1.76415200000000e-01	1.00000000000000e-02
85	88	86	87	1.93452100000000e-01	1.00000000000000e-02
86	89	87	88	1.57925100000000e-01	1.00000000000000e-02
87	90	88	89	1.87412900000000e-01	1.00000000000000e-02
88	91	89	90	1.51124200000000e-01	1.00000000000000e-02
89	92	90	91	1.57676500000000e-01	1.00000000000000e-02
90	93	91	92	1.37809100000000e-01	1.00000000000000e-02
91	94	92	93	1.56710200000000e-01	1.00000000000000e-02
92	95	93	94	1.45900300000000e-01	1.00000000000000e-02
93	96	94	95	1.46873800000000e-01	1.00000000000000e-02
94	97	95	96	1.60226100000000e-01	1.00000000000000e-02
96	99	97	98	1.55067000000000e-01	1.00000000000000e-02
97	100	98	99	1.39101000000000e-01	1.00000000000000e-02
1	7	3	5	6.23381000000000e-02	1.00000000000000e-02
2	8	4	6	6.31258000000000e-02	1.00000000000000e-02
3	9	5	7	6.14741000000000e-02	1.00000000000000e-02
4	10	6	8	6.19663000000000e-02	1.00000000000000e-02
6	12	8	10	2.33548100000000e-01	5.00000000000000e-02
7	13	9	11	6.13814000000000e-02	1.00000000000000e-02
8	14	10	12	6.01599000000000e-02	1.00000000000000e-02
9	15	11	13	6.11370000000000e-02	1.00000000000000e-02
10	16	12	14	6.27659000000000e-02	1.00000000000000e-02
11	17	13	15	6.00508000000000e-02	1.00000000000000e-02
12	18	14	16	5.88979000000000e-02	1.00000000000000e-02
14	20	16	18	5.96633000000000e-02	1.00000000000000e-02
15	21	17	19	5.68701000000000e-02	1.00000000000000e-02
16	22	18	20	5.83823000000000e-02	1.00000000000000e-02
17	23	19	21	5.84602000000000e-02	1.00000000000000e-02
18	24	20	22	5.62639000000000e-02	1.00000000000000e-02
19	25	21	23	5.41852000000000e-02	1.00000000000000e-02
20	26	22	24	5.33387000000000e-02	1.00000000000000e-02
21	27	23	25	5.26062000000000e-02	1.00000000000000e-02
22	28	24	26	5.51978000000000e-02	1.00000000000000e-02
23	29	25	27	5.37098000000000e-02	1.00000000000000e-02
25	31	27	29	5.17443000000000e-02	1.00000000000000e-02
26	32	28	30	5.21127000000000e-02	1.00000000000000e-02
27	33	29	31	5.15867000000000e-02	1.00000000000000e-02
28	34	30	32	5.37794000000000e-02	1.00000000000000e-02
30	36	32	34	5.14915000000000e-02	1.00000000000000e-02
31	37	33	35	5.22996000000000e-02	1.00000000000000e-02
32	38	34	36	5.64244000000000e-02	1.00000000000000e-02
33	39	35	37	5.69100000000000e-02	1.00000000000000e-02
34	40	36	38	5.43349000000000e-02	1.00000000000000e-02
36	42	38	40	5.59927000000000e-02	1.00000000000000e-02
38	44	40	42	5.85728000000000e-02	1.00000000000000e-02
39	45	41	43	5.82566000000000e-02	1.00000000000000e-02
40	46	42	44	5.55807000000000e-02	1.00000000000000e-02
41	47	43	45	5.51392000000000e-02	1.00000000000000e-02
42	48	44	46	5.80325000000000e-02	1.00000000000000e-02
43	49	45	47	6.05492000000000e-02	1.00000000000000e-02
44	50	46	48	6.20658000000000e-02	1.00000000000000e-02
45	51	47	49	6.02227000000000e-02	1.00000000000000e-02
46	52	48	50	6.27378000000000e-02	1.00000000000000e-02
47	53	49	51	6.51645000000000e-02	1.00000000000000e-02
48	54	50	52	6.78445000000000e-02	1.00000000000000e-02
50	56	52	54	7.19160000000000e-02	1.00000000000000e-02
52	58	54	56	7.46854000000000e-02	1.00000000000000e-02
53	59	55	57	7.28430000000000e-02	1.00000000000000e-02
54	60	56	58	7.48556000000000e-02	1.00000000000000e-02
55	61	57	59	7.58460000000000e-02	1.00000000000000e-02
56	62	58	60	7.74398000000000e-02	1.00000000000000e-02
58	64	60	62	7.30876000000000e-02	1.00000000000000e-02
60	66	62	64	7.12373000000000e-02	1.00000000000000e-02
61	67	63	65	7.14857000000000e-02	1.00000000000000e-02
62	68	64	66	7.02625000000000e-02	1.00000000000000e-02
63	69	65	67	6.89097000000000e-02	1.00000000000000e-02
65	71	67	69	7.08602000000000e-02	1.00000000000000e-02
66	72	68	70	7.42093000000000e-02	1.00000000000000e-02
67	73	69	71	7.34374000000000e-02	1.00000000000000e-02
68	74	70	72	7.33018000000000e-02	1.00000000000000e-02
69	75	71	73	6.70873000000000e-02	1.00000000000000e-02
70	76	72	74	7.20890000000000e-02	1.00000000000000e-02
71	77	73	75	7.30508000000000e-02	1.00000000000000e-02
72	78	74	76	7.33670000000000e-02	1.00000000000000e-02
73	79	75	77	7.41515000000000e-02	1.00000000000000e-02
74	80	76	78	7.49743000000000e-02	1.00000000000000e-02
75	81	77	79	7.71654000000000e-02	1.00000000000000e-02
76	82	78	80	7.86972000000000e-02	1.00000000000000e-02
77	83	79	81	7.72830000000000e-02	1.00000000000000e-02
78	84	80	82	7.65379000000000e-02	1.00000000000000e-02
79	85	81	83	7.93744000000000e-02	1.00000000000000e-02
80	86	82	84	7.96292000000000e-02	1.00000000000000e-02
82	88	84	86	7.76140000000000e-02	1.00000000000000e-02
83	89	85	87	7.54868000000000e-02	1.00000000000000e-02
84	90	86	88	6.96100000000000e-02	1.00000000000000e-02
85	91	87	89	6.69728000000000e-02	1.00000000000000e-02
86	92	88	90	6.82953000000000e-02	1.00000000000000e-02
87	93	89	91	6.37176000000000e-02	1.00000000000000e-02
88	94	90	92	6.02147000000000e-02	1.00000000000000e-02
89	95	91	93	6.41836000000000e-02	1.00000000000000e-02
90	96	92	94	5.75638000000000e-02	1.00000000000000e-02
91	97	93	95	4.87861000000000e-02	1.00000000000000e-02
92	98	94	96	4.70638000000000e-02	1.00000000000000e-02
94	100	96	98	6.71294000000000e-02	1.00000000000000e-02
1	10	4	7	4.49229000000000e-02	1.00000000000000e-02
2	11	5	8	4.56953000000000e-02	1.00000000000000e-02
3	12	6	9	4.61032000000000e-02	1.00000000000000e-02
4	13	7	10	2.37047400000000e-01	5.00000000000000e-02
5	14	8	11	2.07337300000000e-01	5.00000000000000e-02
6	15	9	12	2.30529900000000e-01	5.00000000000000e-02
7	16	10	13	2.24257000000000e-01	5.00000000000000e-02
8	17	11	14	2.27562900000000e-01	5.00000000000000e-02
9	18	12	15	2.27324600000000e-01	5.00000000000000e-02
10	19	13	16	2.25410500000000e-01	5.00000000000000e-02
12	21	15	18	2.22638800000000e-01	5.00000000000000e-02
13	22	16	19	2.22442700000000e-01	5.00000000000000e-02
14	23	17	20	1.91753000000000e-01	5.00000000000000e-02
15	24	18	21	2.24609900000000e-01	5.00000000000000e-02
16	25	19	22	2.23059600000000e-01	5.00000000000000e-02
17	26	20	23	2.14857600000000e-01	5.00000000000000e-02
18	27	21	24	2.10344300000000e-01	5.00000000000000e-02
19	28	22	25	2.10572800000000e-01	5.00000000000000e-02
20	29	23	26	2.11055600000000e-01	5.00000000000000e-02
21	30	24	27	2.14618200000000e-01	5.00000000000000e-02
23	32	26	29	2.08449500000000e-01	5.00000000000000e-02
24	33	27	30	2.03437400000000e-01	5.00000000000000e-02
25	34	28	31	2.10715000000000e-01	5.00000000000000e-02
26	35	29	32	2.09605400000000e-01	5.00000000000000e-02
28	37	31	34	2.08111400000000e-01	5.00000000000000e-02
29	38	32	35	2.12352800000000e-01	5.00000000000000e-02
30	39	33	36	1.67683000000000e-01	5.00000000000000e-02
31	40	34	37	2.20724100000000e-01	5.00000000000000e-02
32	41	35	38	2.17291800000000e-01	5.00000000000000e-02
34	43	37	40	2.16758100000000e-01	5.00000000000000e-02
36	45	39	42	2.36651000000000e-01	5.00000000000000e-02
37	46	40	43	2.31708600000000e-01	5.00000000000000e-02
38	47	41	44	2.25932100000000e-01	5.00000000000000e-02
39	48	42	45	2.20188400000000e-01	5.00000000000000e-02
40	49	43	46	2.26900400000000e-01	5.00000000000000e-02
41	50	44	47	2.34579000000000e-01	5.00000000000000e-02
42	51	45	48	2.46298300000000e-01	5.00000000000000e-02
43	52	46	49	2.44377500000000e-01	5.00000000000000e-02
44	53	47	50	2.48460700000000e-01	5.00000000000000e-02
45	54	48	51	2.50609500000000e-01	5.00000000000000e-02
46	55	49	52	2.62916200000000e-01	5.00000000000000e-02
48	57	51	54	2.70951100000000e-01	5.00000000000000e-02
50	59	53	56	2.75920400000000e-01	5.00000000000000e-02
51	60	54	57	2.82257800000000e-01	5.00000000000000e-02
52	61	55	58	2.53511300000000e-01	5.00000000000000e-02
53	62	56	59	5.74659000000000e-02	1.00000000000000e-02
54	63	57	60	2.85332600000000e-01	5.00000000000000e-02
56	65	59	62	2.71992900000000e-01	5.00000000000000e-02
58	67	61	64	2.66645200000000e-01	5.00000000000000e-02
59	68	62	65	2.76140300000000e-01	5.00000000000000e-02
60	69	63	66	2.65805800000000e-01	5.00000000000000e-02
61	70	64	67	2.61775000000000e-01	5.00000000000000e-02
63	72	66	69	2.69579900000000e-01	5.00000000000000e-02
64	73	67	70	2.76888300000000e-01	5.00000000000000e-02
65	74	68	71	2.40186000000000e-01	5.00000000000000e-02
66	75	69	72	5.66533000000000e-02	1.00000000000000e-02
67	76	70	73	2.88383700000000e-01	5.00000000000000e-02
68	77	71	74	2.86567100000000e-01	5.00000000000000e-02
69	78	72	75	2.85135000000000e-01	5.00000000000000e-02
70	79	73	76	2.76595400000000e-01	5.00000000000000e-02
71	80	74	77	2.78437000000000e-01	5.00000000000000e-02
72	81	75	78	2.85550400000000e-01	5.00000000000000e-02
73	82	76	79	2.85880900000000e-01	5.00000000000000e-02
74	83	77	80	2.88712400000000e-01	5.00000000000000e-02
75	84	78	81	2.82156100000000e-01	5.00000000000000e-02
76	85	79	82	2.80768700000000e-01	5.00000000000000e-02
77	86	80	83	2.79916800000000e-01	5.00000000000000e-02
78	87	81	84	2.81139900000000e-01	5.00000000000000e-02
80	89	83	86	2.59832000000000e-01	5.00000000000000e-02
81	90	84	87	2.69653700000000e-01	5.00000000000000e-02
82	91	85	88	2.52258600000000e-01	5.00000000000000e-02
83	92	86	89	2.45098900000000e-01	5.00000000000000e-02
84	93	87	90	2.35728100000000e-01	5.00000000000000e-02
85	94	88	91	2.46938400000000e-01	5.00000000000000e-02
86	95	89	92	2.40623400000000e-01	5.00000000000000e-02
87	96	90	93	2.43033700000000e-01	5.00000000000000e-02
88	97	91	94	2.14668800000000e-01	5.00000000000000e-02
89	98	92	95	1.83719300000000e-01	5.00000000000000e-02
90	99	93	96	1.73177100000000e-01	5.00000000000000e-02
2	14	6	10	1.96029500000000e-01	5.00000000000000e-02
3	15	7	11	2.02051400000000e-01	5.00000000000000e-02
4	16	8	12	1.99180600000000e-01	5.00000000000000e-02
5	17	9	13	1.96004300000000e-01	5.00000000000000e-02
6	18	10	14	1.97265400000000e-01	5.00000000000000e-02
7	19	11	15	1.90784700000000e-01	5.00000000000000e-02
8	20	12	16	1.89774200000000e-01	5.00000000000000e-02
10	22	14	18	1.88920900000000e-01	5.00000000000000e-02
11	23	15	19	1.92970000000000e-01	5.00000000000000e-02
12	24	16	20	1.94580500000000e-01	5.00000000000000e-02
13	25	17	21	1.92917800000000e-01	5.00000000000000e-02
14	26	18	22	1.93740300000000e-01	5.00000000000000e-02
15	27	19	23	1.90619100000000e-01	5.00000000000000e-02
16	28	20	24	1.87649400000000e-01	5.00000000000000e-02
17	29	21	25	1.86888800000000e-01	5.00000000000000e-02
18	30	22	26	1.86093900000000e-01	5.00000000000000e-02
19	31	23	27	1.86868300000000e-01	5.00000000000000e-02
21	33	25	29	1.84857800000000e-01	5.00000000000000e-02
22	34	26	30	1.84411400000000e-01	5.00000000000000e-02
23	35	27	31	1.81511900000000e-01	5.00000000000000e-02
24	36	28	32	1.87569200000000e-01	5.00000000000000e-02
26	38	30	34	1.85904600000000e-01	5.00000000000000e-02
27	39	31	35	1.89815500000000e-01	5.00000000000000e-02
28	40	32	36	1.45439500000000e-01	5.00000000000000e-02
29	41	33	37	1.89975700000000e-01	5.00000000000000e-02
30	42	34	38	1.90973600000000e-01	5.00000000000000e-02
32	44	36	40	1.95092300000000e-01	5.00000000000000e-02
34	46	38	42	2.01998100000000e-01	5.00000000000000e-02
35	47	39	43	2.04072600000000e-01	5.00000000000000e-02
36	48	40	44	2.00879100000000e-01	5.00000000000000e-02
37	49	41	45	2.00271200000000e-01	5.00000000000000e-02
38	50	42	46	1.97447500000000e-01	5.00000000000000e-02
39	51	43	47	2.00874900000000e-01	5.00000000000000e-02
40	52	44	48	2.09347100000000e-01	5.00000000000000e-02
41	53	45	49	2.08728400000000e-01	5.00000000000000e-02
42	54	46	50	2.17645300000000e-01	5.00000000000000e-02
43	55	47	51	2.17071700000000e-01	5.00000000000000e-02
44	56	48	52	2.19733100000000e-01	5.00000000000000e-02
46	58	50	54	2.28078000000000e-01	5.00000000000000e-02
48	60	52	56	2.34640300000000e-01	5.00000000000000e-02
49	61	53	57	2.29693800000000e-01	5.00000000000000e-02
50	62	54	58	2.31732500000000e-01	5.00000000000000e-02
51	63	55	59	2.36120900000000e-01	5.00000000000000e-02
52	64	56	60	2.38856700000000e-01	5.00000000000000e-02
54	66	58	62	2.37017000000000e-01	5.00000000000000e-02
56	68	60	64	2.32983400000000e-01	5.00000000000000e-02
57	69	61	65	2.27099500000000e-01	5.00000000000000e-02
58	70	62	66	2.26839500000000e-01	5.00000000000000e-02
59	71	63	67	2.28261600000000e-01	5.00000000000000e-02
61	73	65	69	2.26788200000000e-01	5.00000000000000e-02
62	74	66	70	2.23575900000000e-01	5.00000000000000e-02
63	75	67	71	2.34892400000000e-01	5.00000000000000e-02
64	76	68	72	2.40867200000000e-01	5.00000000000000e-02
65	77	69	73	1.85362800000000e-01	5.00000000000000e-02
66	78	70	74	2.17407400000000e-01	5.00000000000000e-02
67	79	71	75	1.84181300000000e-01	5.00000000000000e-02
68	80	72	76	1.89259500000000e-01	5.00000000000000e-02
69	81	73	77	2.32095100000000e-01	5.00000000000000e-02
70	82	74	78	2.36757200000000e-01	5.00000000000000e-02
71	83	75	79	2.35914200000000e-01	5.00000000000000e-02
72	84	76	80	2.37065800000000e-01	5.00000000000000e-02
73	85	77	81	2.38457600000000e-01	5.00000000000000e-02
74	86	78	82	2.32548100000000e-01	5.00000000000000e-02
75	87	79	83	2.34247100000000e-01	5.00000000000000e-02
76	88	80	84	2.35239900000000e-01	5.00000000000000e-02
78	90	82	86	2.29559500000000e-01	5.00000000000000e-02
79	91	83	87	2.20306200000000e-01	5.00000000000000e-02
80	92	84	88	2.06904500000000e-01	5.00000000000000e-02
81	93	85	89	2.07262600000000e-01	5.00000000000000e-02
82	94	86	90	2.07063300000000e-01	5.00000000000000e-02
83	95	87	91	2.12882500000000e-01	5.00000000000000e-02
84	96	88	92	2.13726100000000e-01	5.00000000000000e-02
85	97	89	93	2.05176900000000e-01	5.00000000000000e-02
86	98	90	94	1.88195900000000e-01	5.00000000000000e-02
87	99	91	95	1.67025700000000e-01	5.00000000000000e-02
88	100	92	96	1.60314400000000e-01	5.00000000000000e-02
1	16	6	11	1.76922300000000e-01	5.00000000000000e-02
2	17	7	12	1.77513500000000e-01	5.00000000000000e-02
3	18	8	13	1.76733900000000e-01	5.00000000000000e-02
4	19	9	14	1.74701300000000e-01	5.00000000000000e-02
5	20	10	15	1.69818200000000e-01	5.00000000000000e-02
6	21	11	16	1.69405700000000e-01	5.00000000000000e-02
8	23	13	18	1.69038800000000e-01	5.00000000000000e-02
9	24	14	19	1.70404200000000e-01	5.00000000000000e-02
10	25	15	20	1.73963800000000e-01	5.00000000000000e-02
11	26	16	21	1.73999400000000e-01	5.00000000000000e-02
12	27	17	22	1.72998300000000e-01	5.00000000000000e-02
13	28	18	23	1.73388800000000e-01	5.00000000000000e-02
14	29	19	24	1.71607300000000e-01	5.00000000000000e-02
15	30	20	25	1.69337400000000e-01	5.00000000000000e-02
16	31	21	26	1.69350900000000e-01	5.00000000000000e-02
17	32	22	27	1.69212800000000e-01	5.00000000000000e-02
19	34	24	29	1.68613900000000e-01	5.00000000000000e-02
20	35	25	30	1.67237000000000e-01	5.00000000000000e-02
21	36	26	31	1.66281500000000e-01	5.00000000000000e-02
22	37	27	32	1.66794000000000e-01	5.00000000000000e-02
24	39	29	34	1.67054700000000e-01	5.00000000000000e-02
25	40	30	35	1.70797100000000e-01	5.00000000000000e-02
26	41	31	36	1.70391900000000e-01	5.00000000000000e-02
27	42	32	37	1.72198500000000e-01	5.00000000000000e-02
28	43	33	38	1.70874600000000e-01	5.00000000000000e-02
30	45	35	40	1.77330200000000e-01	5.00000000000000e-02
32	47	37	42	1.82592300000000e-01	5.00000000000000e-02
33	48	38	43	1.83422900000000e-01	5.00000000000000e-02
34	49	39	44	1.82878700000000e-01	5.00000000000000e-02
35	50	40	45	1.80331400000000e-01	5.00000000000000e-02
36	51	41	46	1.81460500000000e-01	5.00000000000000e-02
37	52	42	47	1.80992000000000e-01	5.00000000000000e-02
38	53	43	48	1.82575000000000e-01	5.00000000000000e-02
39	54	44	49	1.83871800000000e-01	5.00000000000000e-02
40	55	45	50	1.89528800000000e-01	5.00000000000000e-02
41	56	46	51	1.90044000000000e-01	5.00000000000000e-02
42	57	47	52	1.94193800000000e-01	5.00000000000000e-02
44	59	49	54	2.01103400000000e-01	5.00000000000000e-02
46	61	51	56	2.01966600000000e-01	5.00000000000000e-02
47	62	52	57	2.03502100000000e-01	5.00000000000000e-02
48	63	53	58	2.02157700000000e-01	5.00000000000000e-02
49	64	54	59	1.93289600000000e-01	5.00000000000000e-02
50	65	55	60	1.69186300000000e-01	5.00000000000000e-02
52	67	57	62	2.05067800000000e-01	5.00000000000000e-02
54	69	59	64	1.89220900000000e-01	5.00000000000000e-02
55	70	60	65	2.01515600000000e-01	5.00000000000000e-02
56	71	61	66	1.96409700000000e-01	5.00000000000000e-02
57	72	62	67	1.97159300000000e-01	5.00000000000000e-02
59	74	64	69	1.97847900000000e-01	5.00000000000000e-02
60	75	65	70	2.00848400000000e-01	5.00000000000000e-02
61	76	66	71	2.04020400000000e-01	5.00000000000000e-02
62	77	67	72	2.07084600000000e-01	5.00000000000000e-02
63	78	68	73	2.12110800000000e-01	5.00000000000000e-02
64	79	69	74	2.09187500000000e-01	5.00000000000000e-02
65	80	70	75	2.06169100000000e-01	5.00000000000000e-02
66	81	71	76	2.05330400000000e-01	5.00000000000000e-02
67	82	72	77	1.95880800000000e-01	5.00000000000000e-02
68	83	73	78	1.99683100000000e-01	5.00000000000000e-02
69	84	74	79	1.83762200000000e-01	5.00000000000000e-02
70	85	75	80	2.01192300000000e-01	5.00000000000000e-02
71	86	76	81	2.01492100000000e-01	5.00000000000000e-02
72	87	77	82	2.01636900000000e-01	5.00000000000000e-02
73	88	78	83	2.05007900000000e-01	5.00000000000000e-02
74	89	79	84	2.01382600000000e-01	5.00000000000000e-02
76	91	81	86	1.94376700000000e-01	5.00000000000000e-02
77	92	82	87	1.90151100000000e-01	5.00000000000000e-02
78	93	83	88	1.82434800000000e-01	5.00000000000000e-02
79	94	84	89	1.84374800000000e-01	5.00000000000000e-02
80	95	85	90	1.85334200000000e-01	5.00000000000000e-02
81	96	86	91	1.88808300000000e-01	5.00000000000000e-02
82	97	87	92	1.84932900000000e-01	5.00000000000000e-02
83	98	88	93	1.82579800000000e-01	5.00000000000000e-02
84	99	89	94	1.68517800000000e-01	5.00000000000000e-02
85	100	90	95	1.57690100000000e-01	5.00000000000000e-02
1	19	7	13	1.59584300000000e-01	5.00000000000000e-02
2	20	8	14	1.48576800000000e-01	5.00000000000000e-02
3	21	9	15	1.55061600000000e-01	5.00000000000000e-02
4	22	10	16	1.55612400000000e-01	5.00000000000000e-02
6	24	12	18	1.55876700000000e-01	5.00000000000000e-02
7	25	13	19	1.54173500000000e-01	5.00000000000000e-02
8	26	14	20	1.56100900000000e-01	5.00000000000000e-02
9	27	15	21	1.58157400000000e-01	5.00000000000000e-02
10	28	16	22	1.59734200000000e-01	5.00000000000000e-02
11	29	17	23	1.58575300000000e-01	5.00000000000000e-02
12	30	18	24	1.57843100000000e-01	5.00000000000000e-02
13	31	19	25	1.57759400000000e-01	5.00000000000000e-02
14	32	20	26	1.55807800000000e-01	5.00000000000000e-02
15	33	21	27	1.55365500000000e-01	5.00000000000000e-02
17	35	23	29	1.55172300000000e-01	5.00000000000000e-02
18	36	24	30	1.53882300000000e-01	5.00000000000000e-02
19	37	25	31	1.52781600000000e-01	5.00000000000000e-02
20	38	26	32	1.53820900000000e-01	5.00000000000000e-02
22	40	28	34	1.54096700000000e-01	5.00000000000000e-02
23	41	29	35	1.45936900000000e-01	5.00000000000000e-02
24	42	30	36	1.55617400000000e-01	5.00000000000000e-02
25	43	31	37	1.58314200000000e-01	5.00000000000000e-02
26	44	32	38	1.58588000000000e-01	5.00000000000000e-02
28	46	34	40	1.63768600000000e-01	5.00000000000000e-02
30	48	36	42	1.66229700000000e-01	5.00000000000000e-02
31	49	37	43	1.67201400000000e-01	5.00000000000000e-02
32	50	38	44	1.66457500000000e-01	5.00000000000000e-02
33	51	39	45	1.27333500000000e-01	5.00000000000000e-02
34	52	40	46	1.65531900000000e-01	5.00000000000000e-02
35	53	41	47	1.65180700000000e-01	5.00000000000000e-02
36	54	42	48	1.65317900000000e-01	5.00000000000000e-02
37	55	43	49	1.64636300000000e-01	5.00000000000000e-02
38	56	44	50	1.66473700000000e-01	5.00000000000000e-02
39	57	45	51	1.68003500000000e-01	5.00000000000000e-02
40	58	46	52	1.72634900000000e-01	5.00000000000000e-02
42	60	48	54	1.75859800000000e-01	5.00000000000000e-02
44	62	50	56	1.79252000000000e-01	5.00000000000000e-02
45	63	51	57	1.82998100000000e-01	5.00000000000000e-02
46	64	52	58	1.80658500000000e-01	5.00000000000000e-02
47	65	53	59	1.51460400000000e-01	5.00000000000000e-02
48	66	54	60	1.85984600000000e-01	5.00000000000000e-02
50	68	56	62	1.83767600000000e-01	5.00000000000000e-02
52	70	58	64	1.82521400000000e-01	5.00000000000000e-02
53	71	59	65	1.54183200000000e-01	5.00000000000000e-02
54	72	60	66	1.76430700000000e-01	5.00000000000000e-02
55	73	61	67	1.71073300000000e-01	5.00000000000000e-02
57	75	63	69	1.49103000000000e-01	5.00000000000000e-02
58	76	64	70	1.75199500000000e-01	5.00000000000000e-02
59	77	65	71	1.78739500000000e-01	5.00000000000000e-02
60	78	66	72	9.26668000000000e-02	5.00000000000000e-02
61	79	67	73	1.84900700000000e-01	5.00000000000000e-02
62	80	68	74	1.58300100000000e-01	5.00000000000000e-02
63	81	69	75	1.73743200000000e-01	5.00000000000000e-02
64	82	70	76	1.82355600000000e-01	5.00000000000000e-02
65	83	71	77	1.78706600000000e-01	5.00000000000000e-02
66	84	72	78	1.76522100000000e-01	5.00000000000000e-02
67	85	73	79	1.73745700000000e-01	5.00000000000000e-02
68	86	74	80	1.70542600000000e-01	5.00000000000000e-02
69	87	75	81	1.74072800000000e-01	5.00000000000000e-02
70	88	76	82	1.76225000000000e-01	5.00000000000000e-02
71	89	77	83	1.77287100000000e-01	5.00000000000000e-02
72	90	78	84	1.74854400000000e-01	5.00000000000000e-02
74	92	80	86	1.68681200000000e-01	5.00000000000000e-02
75	93	81	87	1.69314300000000e-01	5.00000000000000e-02
76	94	82	88	1.67541600000000e-01	5.00000000000000e-02
77	95	83	89	1.70002500000000e-01	5.00000000000000e-02
78	96	84	90	1.70270100000000e-01	5.00000000000000e-02
79	97	85	91	1.70799200000000e-01	5.00000000000000e-02
80	98	86	92	1.64024700000000e-01	5.00000000000000e-02
81	99	87	93	1.58196100000000e-01	5.00000000000000e-02
82	100	88	94	1.58334100000000e-01	5.00000000000000e-02
1	22	8	15	1.43438200000000e-01	5.00000000000000e-02
2	23	9	16	1.43267400000000e-01	5.00000000000000e-02
4	25	11	18	1.42869400000000e-01	5.00000000000000e-02
5	26	12	19	1.42628700000000e-01	5.00000000000000e-02
6	27	13	20	1.44194200000000e-01	5.00000000000000e-02
7	28	14	21	1.43807900000000e-01	5.00000000000000e-02
8	29	15	22	1.45770000000000e-01	5.00000000000000e-02
9	30	16	23	1.45521900000000e-01	5.00000000000000e-02
10	31	17	24	1.45454200000000e-01	5.00000000000000e-02
11	32	18	25	1.45184400000000e-01	5.00000000000000e-02
12	33	19	26	1.45314200000000e-01	5.00000000000000e-02
13	34	20	27	1.44564500000000e-01	5.00000000000000e-02
15	36	22	29	1.42504400000000e-01	5.00000000000000e-02
16	37	23	30	1.41811100000000e-01	5.00000000000000e-02
17	38	24	31	1.42098900000000e-01	5.00000000000000e-02
18	39	25	32	1.42059000000000e-01	5.00000000000000e-02
20	41	27	34	1.39845100000000e-01	5.00000000000000e-02
21	42	28	35	1.42534400000000e-01	5.00000000000000e-02
22	43	29	36	1.22331100000000e-01	5.00000000000000e-02
23	44	30	37	1.46515100000000e-01	5.00000000000000e-02
24	45	31	38	1.47411100000000e-01	5.00000000000000e-02
26	47	33	40	1.49544200000000e-01	5.00000000000000e-02
28	49	35	42	1.54486600000000e-01	5.00000000000000e-02
29	50	36	43	1.54415800000000e-01	5.00000000000000e-02
30	51	37	44	1.52808100000000e-01	5.00000000000000e-02
31	52	38	45	1.52815000000000e-01	5.00000000000000e-02
32	53	39	46	1.52647700000000e-01	5.00000000000000e-02
33	54	40	47	1.52396300000000e-01	5.00000000000000e-02
34	55	41	48	1.50993800000000e-01	5.00000000000000e-02
35	56	42	49	1.48502600000000e-01	5.00000000000000e-02
36	57	43	50	1.50383800000000e-01	5.00000000000000e-02
37	58	44	51	1.52520700000000e-01	5.00000000000000e-02
38	59	45	52	1.55184800000000e-01	5.00000000000000e-02
40	61	47	54	1.57529200000000e-01	5.00000000000000e-02
42	63	49	56	1.64380800000000e-01	5.00000000000000e-02
43	64	50	57	1.64205100000000e-01	5.00000000000000e-02
44	65	51	58	1.63578300000000e-01	5.00000000000000e-02
45	66	52	59	1.63437500000000e-01	5.00000000000000e-02
46	67	53	60	1.67352300000000e-01	5.00000000000000e-02
48	69	55	62	1.52392800000000e-01	5.00000000000000e-02
50	71	57	64	1.62374500000000e-01	5.00000000000000e-02
51	72	58	65	1.62445600000000e-01	5.00000000000000e-02
52	73	59	66	1.58128100000000e-01	5.00000000000000e-02
53	74	60	67	1.51999600000000e-01	5.00000000000000e-02
55	76	62	69	1.56322800000000e-01	5.00000000000000e-02
56	77	63	70	1.57350800000000e-01	5.00000000000000e-02
57	78	64	71	1.57990400000000e-01	5.00000000000000e-02
58	79	65	72	8.09384000000000e-02	5.00000000000000e-02
59	80	66	73	8.14126000000000e-02	5.00000000000000e-02
60	81	67	74	1.51054900000000e-01	5.00000000000000e-02
61	82	68	75	1.65772100000000e-01	5.00000000000000e-02
62	83	69	76	1.62939300000000e-01	5.00000000000000e-02
63	84	70	77	1.60431100000000e-01	5.00000000000000e-02
64	85	71	78	1.59906500000000e-01	5.00000000000000e-02
65	86	72	79	1.57780400000000e-01	5.00000000000000e-02
66	87	73	80	1.54425400000000e-01	5.00000000000000e-02
67	88	74	81	1.55631200000000e-01	5.00000000000000e-02
68	89	75	82	1.54931200000000e-01	5.00000000000000e-02
69	90	76	83	1.47583700000000e-01	5.00000000000000e-02
70	91	77	84	1.55478100000000e-01	5.00000000000000e-02
72	93	79	86	1.53068000000000e-01	5.00000000000000e-02
73	94	80	87	1.55576600000000e-01	5.00000000000000e-02
74	95	81	88	1.55172400000000e-01	5.00000000000000e-02
75	96	82	89	1.57692600000000e-01	5.00000000000000e-02
76	97	83	90	1.55852200000000e-01	5.00000000000000e-02
77	98	84	91	1.52956100000000e-01	5.00000000000000e-02
78	99	85	92	1.48223600000000e-01	5.00000000000000e-02
79	100	86	93	1.48788400000000e-01	5.00000000000000e-02
2	26	10	18	1.33374600000000e-01	5.00000000000000e-02
3	27	11	19	1.32267900000000e-01	5.00000000000000e-02
4	28	12	20	1.35129400000000e-01	5.00000000000000e-02
5	29	13	21	1.33476300000000e-01	5.00000000000000e-02
6	30	14	22	1.34675400000000e-01	5.00000000000000e-02
7	31	15	23	1.35057200000000e-01	5.00000000000000e-02
8	32	16	24	1.35150900000000e-01	5.00000000000000e-02
9	33	17	25	1.35527200000000e-01	5.00000000000000e-02
10	34	18	26	1.35982800000000e-01	5.00000000000000e-02
11	35	19	27	1.31827700000000e-01	5.00000000000000e-02
13	37	21	29	1.32937500000000e-01	5.00000000000000e-02
14	38	22	30	1.32237600000000e-01	5.00000000000000e-02
15	39	23	31	1.32034100000000e-01	5.00000000000000e-02
16	40	24	32	1.32577900000000e-01	5.00000000000000e-02
18	42	26	34	1.30272300000000e-01	5.00000000000000e-02
19	43	27	35	1.31034200000000e-01	5.00000000000000e-02
20	44	28	36	1.34408200000000e-01	5.00000000000000e-02
21	45	29	37	1.35229100000000e-01	5.00000000000000e-02
22	46	30	38	1.36237000000000e-01	5.00000000000000e-02
24	48	32	40	1.38528200000000e-01	5.00000000000000e-02
26	50	34	42	1.43646000000000e-01	5.00000000000000e-02
27	51	35	43	1.43677000000000e-01	5.00000000000000e-02
28	52	36	44	1.41857300000000e-01	5.00000000000000e-02
29	53	37	45	1.37899200000000e-01	5.00000000000000e-02
30	54	38	46	1.41052900000000e-01	5.00000000000000e-02
31	55	39	47	1.40579600000000e-01	5.00000000000000e-02
32	56	40	48	1.40021500000000e-01	5.00000000000000e-02
33	57	41	49	1.37779000000000e-01	5.00000000000000e-02
34	58	42	50	1.37765100000000e-01	5.00000000000000e-02
35	59	43	51	1.37524300000000e-01	5.00000000000000e-02
36	60	44	52	1.39957600000000e-01	5.00000000000000e-02
38	62	46	54	1.43000600000000e-01	5.00000000000000e-02
40	64	48	56	1.46869300000000e-01	5.00000000000000e-02
41	65	49	57	1.49646400000000e-01	5.00000000000000e-02
42	66	50	58	1.50365600000000e-01	5.00000000000000e-02
43	67	51	59	1.54148800000000e-01	5.00000000000000e-02
44	68	52	60	1.55300200000000e-01	5.00000000000000e-02
46	70	54	62	1.52348900000000e-01	5.00000000000000e-02
48	72	56	64	1.49481900000000e-01	5.00000000000000e-02
49	73	57	65	1.44899200000000e-01	5.00000000000000e-02
50	74	58	66	1.45162100000000e-01	5.00000000000000e-02
51	75	59	67	1.41945800000000e-01	5.00000000000000e-02
53	77	61	69	1.40431300000000e-01	5.00000000000000e-02
54	78	62	70	1.42075200000000e-01	5.00000000000000e-02
55	79	63	71	1.27311200000000e-01	5.00000000000000e-02
56	80	64	72	8.61768000000000e-02	5.00000000000000e-02
57	81	65	73	5.67329000000000e-02	5.00000000000000e-02
58	82	66	74	1.45332100000000e-01	5.00000000000000e-02
59	83	67	75	1.47426000000000e-01	5.00000000000000e-02
60	84	68	76	1.27440600000000e-01	5.00000000000000e-02
61	85	69	77	1.46728900000000e-01	5.00000000000000e-02
62	86	70	78	1.44327800000000e-01	5.00000000000000e-02
63	87	71	79	1.43608100000000e-01	5.00000000000000e-02
64	88	72	80	1.43329100000000e-01	5.00000000000000e-02
65	89	73	81	1.39894900000000e-01	5.00000000000000e-02
66	90	74	82	1.37377800000000e-01	5.00000000000000e-02
67	91	75	83	1.39333700000000e-01	5.00000000000000e-02
68	92	76	84	1.37842600000000e-01	5.00000000000000e-02
70	94	78	86	1.40122200000000e-01	5.00000000000000e-02
71	95	79	87	1.42997700000000e-01	5.00000000000000e-02
72	96	80	88	1.42060600000000e-01	5.00000000000000e-02
73	97	81	89	1.45254700000000e-01	5.00000000000000e-02
74	98	82	90	1.42085100000000e-01	5.00000000000000e-02
75	99	83	91	1.40869500000000e-01	5.00000000000000e-02
76	100	84	92	1.40321600000000e-01	5.00000000000000e-02
1	28	10	19	1.25441700000000e-01	5.00000000000000e-02
2	29	11	20	1.24790700000000e-01	5.00000000000000e-02
3	30	12	21	1.25663900000000e-01	5.00000000000000e-02
4	31	13	22	1.25880500000000e-01	5.00000000000000e-02
5	32	14	23	1.25414000000000e-01	5.00000000000000e-02
6	33	15	24	1.26068400000000e-01	5.00000000000000e-02
7	34	16	25	1.26431700000000e-01	5.00000000000000e-02
8	35	17	26	1.25526100000000e-01	5.00000000000000e-02
9	36	18	27	1.26564600000000e-01	5.00000000000000e-02
11	38	20	29	1.24814300000000e-01	5.00000000000000e-02
12	39	21	30	1.23267700000000e-01	5.00000000000000e-02
13	40	22	31	1.23068000000000e-01	5.00000000000000e-02
14	41	23	32	1.22772200000000e-01	5.00000000000000e-02
16	43	25	34	1.21737900000000e-01	5.00000000000000e-02
17	44	26	35	1.23614100000000e-01	5.00000000000000e-02
18	45	27	36	1.23482900000000e-01	5.00000000000000e-02
19	46	28	37	1.26142800000000e-01	5.00000000000000e-02
20	47	29	38	1.26046100000000e-01	5.00000000000000e-02
22	49	31	40	1.29756300000000e-01	5.00000000000000e-02
24	51	33	42	1.31859300000000e-01	5.00000000000000e-02
25	52	34	43	1.33112800000000e-01	5.00000000000000e-02
26	53	35	44	1.31252800000000e-01	5.00000000000000e-02
27	54	36	45	1.31356400000000e-01	5.00000000000000e-02
28	55	37	46	1.29896300000000e-01	5.00000000000000e-02
29	56	38	47	1.29980700000000e-01	5.00000000000000e-02
30	57	39	48	1.29756300000000e-01	5.00000000000000e-02
31	58	40	49	1.28221700000000e-01	5.00000000000000e-02
32	59	41	50	1.28466000000000e-01	5.00000000000000e-02
33	60	42	51	1.26533800000000e-01	5.00000000000000e-02
34	61	43	52	1.26600700000000e-01	5.00000000000000e-02
36	63	45	54	1.31829900000000e-01	5.00000000000000e-02
38	65	47	56	1.34173700000000e-01	5.00000000000000e-02
39	66	48	57	1.35946400000000e-01	5.00000000000000e-02
40	67	49	58	1.38965800000000e-01	5.00000000000000e-02
41	68	50	59	1.40493200000000e-01	5.00000000000000e-02
42	69	51	60	1.43507800000000e-01	5.00000000000000e-02
44	71	53	62	1.28456700000000e-01	5.00000000000000e-02
46	73	55	64	1.34890300000000e-01	5.00000000000000e-02
47	74	56	65	1.34830400000000e-01	5.00000000000000e-02
48	75	57	66	1.32075600000000e-01	5.00000000000000e-02
49	76	58	67	1.31522900000000e-01	5.00000000000000e-02
51	78	60	69	1.28637900000000e-01	5.00000000000000e-02
52	79	61	70	1.26228700000000e-01	5.00000000000000e-02
53	80	62	71	1.29198400000000e-01	5.00000000000000e-02
54	81	63	72	1.30186000000000e-01	5.00000000000000e-02
55	82	64	73	1.31274700000000e-01	5.00000000000000e-02
56	83	65	74	1.30945300000000e-01	5.00000000000000e-02
57	84	66	75	1.30489400000000e-01	5.00000000000000e-02
58	85	67	76	1.17668100000000e-01	5.00000000000000e-02
59	86	68	77	1.32715100000000e-01	5.00000000000000e-02
60	87	69	78	1.28581000000000e-01	5.00000000000000e-02
61	88	70	79	1.32588600000000e-01	5.00000000000000e-02
62	89	71	80	1.30901300000000e-01	5.00000000000000e-02
63	90	72	81	1.26895500000000e-01	5.00000000000000e-02
64	91	73	82	1.26828000000000e-01	5.00000000000000e-02
65	92	74	83	1.26335100000000e-01	5.00000000000000e-02
66	93	75	84	1.26739400000000e-01	5.00000000000000e-02
68	95	77	86	1.28879200000000e-01	5.00000000000000e-02
69	96	78	87	1.31795300000000e-01	5.00000000000000e-02
70	97	79	88	1.31079800000000e-01	5.00000000000000e-02
71	98	80	89	1.29870400000000e-01	5.00000000000000e-02
72	99	81	90	1.30548600000000e-01	5.00000000000000e-02
73	100	82	91	1.34912600000000e-01	5.00000000000000e-02
1	31	11	21	1.17368900000000e-01	5.00000000000000e-02
2	32	12	22	1.17808200000000e-01	5.00000000000000e-02
3	33	13	23	1.17843500000000e-01	5.00000000000000e-02
4	34	14	24	1.18483000000000e-01	5.00000000000000e-02
5	35	15	25	1.18379400000000e-01	5.00000000000000e-02
6	36	16	26	1.18860200000000e-01	5.00000000000000e-02
7	37	17	27	1.17669900000000e-01	5.00000000000000e-02
9	39	19	29	1.17514400000000e-01	5.00000000000000e-02
10	40	20	30	1.15318300000000e-01	5.00000000000000e-02
11	41	21	31	1.15406100000000e-01	5.00000000000000e-02
12	42	22	32	1.14562500000000e-01	5.00000000000000e-02
14	44	24	34	1.14841800000000e-01	5.00000000000000e-02
15	45	25	35	1.16069100000000e-01	5.00000000000000e-02
16	46	26	36	1.15890900000000e-01	5.00000000000000e-02
17	47	27	37	1.16806500000000e-01	5.00000000000000e-02
18	48	28	38	1.17204600000000e-01	5.00000000000000e-02
20	50	30	40	1.20505000000000e-01	5.00000000000000e-02
22	52	32	42	1.22823000000000e-01	5.00000000000000e-02
23	53	33	43	1.19208700000000e-01	5.00000000000000e-02
24	54	34	44	1.22459300000000e-01	5.00000000000000e-02
25	55	35	45	1.21422900000000e-01	5.00000000000000e-02
26	56	36	46	1.21199200000000e-01	5.00000000000000e-02
27	57	37	47	1.20187300000000e-01	5.00000000000000e-02
28	58	38	48	1.20939600000000e-01	5.00000000000000e-02
29	59	39	49	1.19368900000000e-01	5.00000000000000e-02
30	60	40	50	1.19399900000000e-01	5.00000000000000e-02
31	61	41	51	1.17400500000000e-01	5.00000000000000e-02
32	62	42	52	1.18502700000000e-01	5.00000000000000e-02
34	64	44	54	1.20950400000000e-01	5.00000000000000e-02
36	66	46	56	1.24528000000000e-01	5.00000000000000e-02
37	67	47	57	1.27213700000000e-01	5.00000000000000e-02
38	68	48	58	1.27541300000000e-01	5.00000000000000e-02
39	69	49	59	1.30387400000000e-01	5.00000000000000e-02
40	70	50	60	1.29509100000000e-01	5.00000000000000e-02
42	72	52	62	1.30765300000000e-01	5.00000000000000e-02
44	74	54	64	1.26609700000000e-01	5.00000000000000e-02
45	75	55	65	1.25126600000000e-01	5.00000000000000e-02
46	76	56	66	1.23402700000000e-01	5.00000000000000e-02
47	77	57	67	1.20963300000000e-01	5.00000000000000e-02
49	79	59	69	1.19085100000000e-01	5.00000000000000e-02
50	80	60	70	1.18302700000000e-01	5.00000000000000e-02
51	81	61	71	1.00850100000000e-01	5.00000000000000e-02
52	82	62	72	1.18634400000000e-01	5.00000000000000e-02
53	83	63	73	1.20298700000000e-01	5.00000000000000e-02
54	84	64	74	1.18359000000000e-01	5.00000000000000e-02
55	85	65	75	7.86473000000000e-02	5.00000000000000e-02
56	86	66	76	1.18917900000000e-01	5.00000000000000e-02
57	87	67	77	1.20557200000000e-01	5.00000000000000e-02
58	88	68	78	1.21037200000000e-01	5.00000000000000e-02
59	89	69	79	1.21057800000000e-01	5.00000000000000e-02
60	90	70	80	1.20703000000000e-01	5.00000000000000e-02
61	91	71	81	1.19806000000000e-01	5.00000000000000e-02
62	92	72	82	1.18161300000000e-01	5.00000000000000e-02
63	93	73	83	1.17808100000000e-01	5.00000000000000e-02
64	94	74	84	1.19319900000000e-01	5.00000000000000e-02
66	96	76	86	1.21956600000000e-01	5.00000000000000e-02
67	97	77	87	1.22133300000000e-01	5.00000000000000e-02
68	98	78	88	1.19130200000000e-01	5.00000000000000e-02
69	99	79	89	1.17667100000000e-01	5.00000000000000e-02
70	100	80	90	1.22224100000000e-01	5.00000000000000e-02
1	34	12	23	1.11494600000000e-01	5.00000000000000e-02
2	35	13	24	1.10748200000000e-01	5.00000000000000e-02
3	36	14	25	1.10779800000000e-01	5.00000000000000e-02
4	37	15	26	1.11134300000000e-01	5.00000000000000e-02
5	38	16	27	1.10822700000000e-01	5.00000000000000e-02
7	40	18	29	1.09456800000000e-01	5.00000000000000e-02
8	41	19	30	1.08438600000000e-01	5.00000000000000e-02
9	42	20	31	1.07549300000000e-01	5.00000000000000e-02
10	43	21	32	1.08186500000000e-01	5.00000000000000e-02
12	45	23	34	1.07610000000000e-01	5.00000000000000e-02
13	46	24	35	1.08900800000000e-01	5.00000000000000e-02
14	47	25	36	1.09426300000000e-01	5.00000000000000e-02
15	48	26	37	1.09448800000000e-01	5.00000000000000e-02
16	49	27	38	1.10553700000000e-01	5.00000000000000e-02
18	51	29	40	1.12029100000000e-01	5.00000000000000e-02
20	53	31	42	1.13399200000000e-01	5.00000000000000e-02
21	54	32	43	1.13726700000000e-01	5.00000000000000e-02
22	55	33	44	1.03413200000000e-01	5.00000000000000e-02
23	56	34	45	8.66017000000000e-02	5.00000000000000e-02
24	57	35	46	1.09333500000000e-01	5.00000000000000e-02
25	58	36	47	1.12726400000000e-01	5.00000000000000e-02
26	59	37	48	1.11698700000000e-01	5.00000000000000e-02
27	60	38	49	1.10704600000000e-01	5.00000000000000e-02
28	61	39	50	1.11100300000000e-01	5.00000000000000e-02
29	62	40	51	1.11171200000000e-01	5.00000000000000e-02
30	63	41	52	1.10947000000000e-01	5.00000000000000e-02
32	65	43	54	1.12375000000000e-01	5.00000000000000e-02
34	67	45	56	1.04314800000000e-01	5.00000000000000e-02
35	68	46	57	1.17697200000000e-01	5.00000000000000e-02
36	69	47	58	1.17899200000000e-01	5.00000000000000e-02
37	70	48	59	1.19057200000000e-01	5.00000000000000e-02
38	71	49	60	1.21466100000000e-01	5.00000000000000e-02
40	73	51	62	1.20357800000000e-01	5.00000000000000e-02
42	75	53	64	1.07487100000000e-01	5.00000000000000e-02
43	76	54	65	1.17830800000000e-01	5.00000000000000e-02
44	77	55	66	1.15482100000000e-01	5.00000000000000e-02
45	78	56	67	1.13752400000000e-01	5.00000000000000e-02
47	80	58	69	1.11596700000000e-01	5.00000000000000e-02
48	81	59	70	1.11025900000000e-01	5.00000000000000e-02
49	82	60	71	1.09532800000000e-01	5.00000000000000e-02
50	83	61	72	1.08580900000000e-01	5.00000000000000e-02
51	84	62	73	1.09835000000000e-01	5.00000000000000e-02
52	85	63	74	1.08830500000000e-01	5.00000000000000e-02
53	86	64	75	1.08696200000000e-01	5.00000000000000e-02
54	87	65	76	1.08562500000000e-01	5.00000000000000e-02
55	88	66	77	1.10265300000000e-01	5.00000000000000e-02
56	89	67	78	1.10893600000000e-01	5.00000000000000e-02
57	90	68	79	1.01766400000000e-01	5.00000000000000e-02
58	91	69	80	1.09874700000000e-01	5.00000000000000e-02
59	92	70	81	1.09724600000000e-01	5.00000000000000e-02
60	93	71	82	1.11114100000000e-01	5.00000000000000e-02
61	94	72	83	1.12339600000000e-01	5.00000000000000e-02
62	95	73	84	1.12616000000000e-01	5.00000000000000e-02
64	97	75	86	1.14499500000000e-01	5.00000000000000e-02
65	98	76	87	1.12982100000000e-01	5.00000000000000e-02
66	99	77	88	1.11369400000000e-01	5.00000000000000e-02
67	100	78	89	1.13121800000000e-01	5.00000000000000e-02
1	37	13	25	1.04242400000000e-01	5.00000000000000e-02
2	38	14	26	1.04736700000000e-01	5.00000000000000e-02
3	39	15	27	1.04571800000000e-01	5.00000000000000e-02
5	41	17	29	9.69701000000000e-02	5.00000000000000e-02
6	42	18	30	1.03353500000000e-01	5.00000000000000e-02
7	43	19	31	1.02749700000000e-01	5.00000000000000e-02
8	44	20	32	1.01969400000000e-01	5.00000000000000e-02
10	46	22	34	1.01406200000000e-01	5.00000000000000e-02
11	47	23	35	1.02133700000000e-01	5.00000000000000e-02
12	48	24	36	1.03121100000000e-01	5.00000000000000e-02
13	49	25	37	1.03751400000000e-01	5.00000000000000e-02
14	50	26	38	1.03760100000000e-01	5.00000000000000e-02
16	52	28	40	1.04083400000000e-01	5.00000000000000e-02
18	54	30	42	1.07225600000000e-01	5.00000000000000e-02
19	55	31	43	1.05334300000000e-01	5.00000000000000e-02
20	56	32	44	1.05328200000000e-01	5.00000000000000e-02
21	57	33	45	1.03217600000000e-01	5.00000000000000e-02
22	58	34	46	1.05493400000000e-01	5.00000000000000e-02
23	59	35	47	1.04089500000000e-01	5.00000000000000e-02
24	60	36	48	1.04624600000000e-01	5.00000000000000e-02
25	61	37	49	1.01754900000000e-01	5.00000000000000e-02
26	62	38	50	1.03332200000000e-01	5.00000000000000e-02
27	63	39	51	9.19610000000000e-02	5.00000000000000e-02
28	64	40	52	1.04729900000000e-01	5.00000000000000e-02
30	66	42	54	1.05323300000000e-01	5.00000000000000e-02
32	68	44	56	1.08354400000000e-01	5.00000000000000e-02
33	69	45	57	9.88843000000000e-02	5.00000000000000e-02
34	70	46	58	1.09986500000000e-01	5.00000000000000e-02
35	71	47	59	1.10373800000000e-01	5.00000000000000e-02
36	72	48	60	1.11536300000000e-01	5.00000000000000e-02
38	74	50	62	1.11051400000000e-01	5.00000000000000e-02
40	76	52	64	1.11465900000000e-01	5.00000000000000e-02
41	77	53	65	9.81601000000000e-02	5.00000000000000e-02
42	78	54	66	1.08725500000000e-01	5.00000000000000e-02
43	79	55	67	1.05860200000000e-01	5.00000000000000e-02
45	81	57	69	1.03929900000000e-01	5.00000000000000e-02
46	82	58	70	1.05248200000000e-01	5.00000000000000e-02
47	83	59	71	1.03201700000000e-01	5.00000000000000e-02
48	84	60	72	6.40959000000000e-02	5.00000000000000e-02
49	85	61	73	1.01039500000000e-01	5.00000000000000e-02
50	86	62	74	1.00802400000000e-01	5.00000000000000e-02
51	87	63	75	1.00541500000000e-01	5.00000000000000e-02
52	88	64	76	1.01475400000000e-01	5.00000000000000e-02
53	89	65	77	8.31449000000000e-02	5.00000000000000e-02
54	90	66	78	8.94530000000000e-02	5.00000000000000e-02
55	91	67	79	1.01645900000000e-01	5.00000000000000e-02
56	92	68	80	1.02428300000000e-01	5.00000000000000e-02
57	93	69	81	1.02953600000000e-01	5.00000000000000e-02
58	94	70	82	1.04197500000000e-01	5.00000000000000e-02
59	95	71	83	1.06374500000000e-01	5.00000000000000e-02
60	96	72	84	1.07726000000000e-01	5.00000000000000e-02
62	98	74	86	1.06085600000000e-01	5.00000000000000e-02
63	99	75	87	1.05492300000000e-01	5.00000000000000e-02
64	100	76	88	1.06393400000000e-01	5.00000000000000e-02
1	40	14	27	9.82912000000000e-02	5.00000000000000e-02
3	42	16	29	9.78869000000000e-02	5.00000000000000e-02
4	43	17	30	9.48629000000000e-02	5.00000000000000e-02
5	44	18	31	9.68534000000000e-02	5.00000000000000e-02
6	45	19	32	9.76392000000000e-02	5.00000000000000e-02
8	47	21	34	9.64202000000000e-02	5.00000000000000e-02
9	48	22	35	9.63256000000000e-02	5.00000000000000e-02
10	49	23	36	9.75926000000000e-02	5.00000000000000e-02
11	50	24	37	9.77796000000000e-02	5.00000000000000e-02
12	51	25	38	9.76651000000000e-02	5.00000000000000e-02
14	53	27	40	9.71816000000000e-02	5.00000000000000e-02
16	55	29	42	9.86490000000000e-02	5.00000000000000e-02
17	56	30	43	9.88862000000000e-02	5.00000000000000e-02
18	57	31	44	9.80531000000000e-02	5.00000000000000e-02
19	58	32	45	9.75594000000000e-02	5.00000000000000e-02
20	59	33	46	9.25786000000000e-02	5.00000000000000e-02
21	60	34	47	9.74822000000000e-02	5.00000000000000e-02
22	61	35	48	9.73705000000000e-02	5.00000000000000e-02
23	62	36	49	9.66914000000000e-02	5.00000000000000e-02
24	63	37	50	9.77342000000000e-02	5.00000000000000e-02
25	64	38	51	9.72678000000000e-02	5.00000000000000e-02
26	65	39	52	9.89138000000000e-02	5.00000000000000e-02
28	67	41	54	1.00238800000000e-01	5.00000000000000e-02
30	69	43	56	1.01117900000000e-01	5.00000000000000e-02
31	70	44	57	1.02247700000000e-01	5.00000000000000e-02
32	71	45	58	1.02269600000000e-01	5.00000000000000e-02
33	72	46	59	1.03467100000000e-01	5.00000000000000e-02
34	73	47	60	1.03062200000000e-01	5.00000000000000e-02
36	75	49	62	1.04159300000000e-01	5.00000000000000e-02
38	77	51	64	1.03277500000000e-01	5.00000000000000e-02
39	78	52	65	1.02424100000000e-01	5.00000000000000e-02
40	79	53	66	9.80999000000000e-02	5.00000000000000e-02
41	80	54	67	1.00285800000000e-01	5.00000000000000e-02
43	82	56	69	9.85881000000000e-02	5.00000000000000e-02
44	83	57	70	9.71634000000000e-02	5.00000000000000e-02
45	84	58	71	9.68356000000000e-02	5.00000000000000e-02
46	85	59	72	9.57034000000000e-02	5.00000000000000e-02
47	86	60	73	5.51646000000000e-02	5.00000000000000e-02
48	87	61	74	8.45215000000000e-02	5.00000000000000e-02
49	88	62	75	9.37444000000000e-02	5.00000000000000e-02
50	89	63	76	9.38875000000000e-02	5.00000000000000e-02
51	90	64	77	8.82426000000000e-02	5.00000000000000e-02
52	91	65	78	4.95187000000000e-02	5.00000000000000e-02
53	92	66	79	9.39619000000000e-02	5.00000000000000e-02
54	93	67	80	9.54397000000000e-02	5.00000000000000e-02
55	94	68	81	9.69641000000000e-02	5.00000000000000e-02
56	95	69	82	9.88784000000000e-02	5.00000000000000e-02
57	96	70	83	9.99182000000000e-02	5.00000000000000e-02
58	97	71	84	1.00652900000000e-01	5.00000000000000e-02
60	99	73	86	9.92981000000000e-02	5.00000000000000e-02
61	100	74	87	1.01325800000000e-01	5.00000000000000e-02
1	43	15	29	9.25619000000000e-02	5.00000000000000e-02
2	44	16	30	9.24793000000000e-02	5.00000000000000e-02
3	45	17	31	9.28930000000000e-02	5.00000000000000e-02
4	46	18	32	9.26744000000000e-02	5.00000000000000e-02
6	48	20	34	9.13237000000000e-02	5.00000000000000e-02
7	49	21	35	9.18547000000000e-02	5.00000000000000e-02
8	50	22	36	9.20231000000000e-02	5.00000000000000e-02
9	51	23	37	9.21717000000000e-02	5.00000000000000e-02
10	52	24	38	9.28274000000000e-02	5.00000000000000e-02
12	54	26	40	9.15101000000000e-02	5.00000000000000e-02
14	56	28	42	7.89068000000000e-02	5.00000000000000e-02
15	57	29	43	9.26242000000000e-02	5.00000000000000e-02
16	58	30	44	9.18117000000000e-02	5.00000000000000e-02
17	59	31	45	8.52552000000000e-02	5.00000000000000e-02
18	60	32	46	9.15260000000000e-02	5.00000000000000e-02
19	61	33	47	8.58215000000000e-02	5.00000000000000e-02
20	62	34	48	9.24401000000000e-02	5.00000000000000e-02
21	63	35	49	9.04142000000000e-02	5.00000000000000e-02
22	64	36	50	9.22725000000000e-02	5.00000000000000e-02
23	65	37	51	9.10277000000000e-02	5.00000000000000e-02
24	66	38	52	9.29709000000000e-02	5.00000000000000e-02
26	68	40	54	9.45816000000000e-02	5.00000000000000e-02
28	70	42	56	9.51044000000000e-02	5.00000000000000e-02
29	71	43	57	9.52427000000000e-02	5.00000000000000e-02
30	72	44	58	9.60783000000000e-02	5.00000000000000e-02
31	73	45	59	9.60891000000000e-02	5.00000000000000e-02
32	74	46	60	9.72241000000000e-02	5.00000000000000e-02
34	76	48	62	9.60221000000000e-02	5.00000000000000e-02
36	78	50	64	9.61317000000000e-02	5.00000000000000e-02
37	79	51	65	9.65090000000000e-02	5.00000000000000e-02
38	80	52	66	9.45688000000000e-02	5.00000000000000e-02
39	81	53	67	9.33150000000000e-02	5.00000000000000e-02
41	83	55	69	9.23179000000000e-02	5.00000000000000e-02
42	84	56	70	9.23965000000000e-02	5.00000000000000e-02
43	85	57	71	9.11788000000000e-02	5.00000000000000e-02
44	86	58	72	9.06310000000000e-02	5.00000000000000e-02
45	87	59	73	8.95987000000000e-02	5.00000000000000e-02
46	88	60	74	8.95354000000000e-02	5.00000000000000e-02
47	89	61	75	8.79876000000000e-02	5.00000000000000e-02
48	90	62	76	8.80809000000000e-02	5.00000000000000e-02
49	91	63	77	8.76387000000000e-02	5.00000000000000e-02
50	92	64	78	8.67313000000000e-02	5.00000000000000e-02
51	93	65	79	8.71604000000000e-02	5.00000000000000e-02
52	94	66	80	8.88918000000000e-02	5.00000000000000e-02
53	95	67	81	9.10697000000000e-02	5.00000000000000e-02
54	96	68	82	9.28793000000000e-02	5.00000000000000e-02
55	97	69	83	9.46873000000000e-02	5.00000000000000e-02
56	98	70	84	9.39250000000000e-02	5.00000000000000e-02
58	100	72	86	8.73386000000000e-02	5.00000000000000e-02
1	46	16	31	8.76780000000000e-02	5.00000000000000e-02
2	47	17	32	8.75672000000000e-02	5.00000000000000e-02
4	49	19	34	8.72618000000000e-02	5.00000000000000e-02
5	50	20	35	8.64818000000000e-02	5.00000000000000e-02
6	51	21	36	8.75357000000000e-02	5.00000000000000e-02
7	52	22	37	8.71797000000000e-02	5.00000000000000e-02
8	53	23	38	8.58417000000000e-02	5.00000000000000e-02
10	55	25	40	8.76177000000000e-02	5.00000000000000e-02
12	57	27	42	7.83814000000000e-02	5.00000000000000e-02
13	58	28	43	8.63670000000000e-02	5.00000000000000e-02
14	59	29	44	8.57661000000000e-02	5.00000000000000e-02
15	60	30	45	7.34984000000000e-02	5.00000000000000e-02
16	61	31	46	8.61478000000000e-02	5.00000000000000e-02
17	62	32	47	8.52941000000000e-02	5.00000000000000e-02
18	63	33	48	8.67259000000000e-02	5.00000000000000e-02
19	64	34	49	8.19155000000000e-02	5.00000000000000e-02
20	65	35	50	8.72682000000000e-02	5.00000000000000e-02
21	66	36	51	8.59818000000000e-02	5.00000000000000e-02
22	67	37	52	8.73743000000000e-02	5.00000000000000e-02
24	69	39	54	8.50523000000000e-02	5.00000000000000e-02
26	71	41	56	9.08547000000000e-02	5.00000000000000e-02
27	72	42	57	8.99909000000000e-02	5.00000000000000e-02
28	73	43	58	8.93787000000000e-02	5.00000000000000e-02
29	74	44	59	9.19277000000000e-02	5.00000000000000e-02
30	75	45	60	8.24711000000000e-02	5.00000000000000e-02
32	77	47	62	9.15769000000000e-02	5.00000000000000e-02
34	79	49	64	8.95622000000000e-02	5.00000000000000e-02
35	80	50	65	9.02843000000000e-02	5.00000000000000e-02
36	81	51	66	9.01741000000000e-02	5.00000000000000e-02
37	82	52	67	8.88967000000000e-02	5.00000000000000e-02
39	84	54	69	8.71950000000000e-02	5.00000000000000e-02
40	85	55	70	8.67617000000000e-02	5.00000000000000e-02
41	86	56	71	8.61192000000000e-02	5.00000000000000e-02
42	87	57	72	6.14613000000000e-02	5.00000000000000e-02
43	88	58	73	8.64151000000000e-02	5.00000000000000e-02
44	89	59	74	8.44678000000000e-02	5.00000000000000e-02
45	90	60	75	7.90466000000000e-02	5.00000000000000e-02
46	91	61	76	7.54696000000000e-02	5.00000000000000e-02
47	92	62	77	8.18102000000000e-02	5.00000000000000e-02
48	93	63	78	8.27225000000000e-02	5.00000000000000e-02
49	94	64	79	8.27731000000000e-02	5.00000000000000e-02
50	95	65	80	8.55486000000000e-02	5.00000000000000e-02
51	96	66	81	8.55375000000000e-02	5.00000000000000e-02
52	97	67	82	8.71762000000000e-02	5.00000000000000e-02
53	98	68	83	8.74457000000000e-02	5.00000000000000e-02
54	99	69	84	8.79711000000000e-02	5.00000000000000e-02
2	50	18	34	8.26223000000000e-02	5.00000000000000e-02
3	51	19	35	8.29374000000000e-02	5.00000000000000e-02
4	52	20	36	8.25466000000000e-02	5.00000000000000e-02
5	53	21	37	8.20079000000000e-02	5.00000000000000e-02
6	54	22	38	8.22011000000000e-02	5.00000000000000e-02
8	56	24	40	8.16577000000000e-02	5.00000000000000e-02
10	58	26	42	8.23269000000000e-02	5.00000000000000e-02
11	59	27	43	8.15554000000000e-02	5.00000000000000e-02
12	60	28	44	8.15297000000000e-02	5.00000000000000e-02
13	61	29	45	6.41900000000000e-02	5.00000000000000e-02
14	62	30	46	8.13628000000000e-02	5.00000000000000e-02
15	63	31	47	8.12508000000000e-02	5.00000000000000e-02
16	64	32	48	8.12347000000000e-02	5.00000000000000e-02
17	65	33	49	8.11260000000000e-02	5.00000000000000e-02
18	66	34	50	8.23387000000000e-02	5.00000000000000e-02
19	67	35	51	8.28428000000000e-02	5.00000000000000e-02
20	68	36	52	8.35455000000000e-02	5.00000000000000e-02
22	70	38	54	8.46259000000000e-02	5.00000000000000e-02
24	72	40	56	8.50479000000000e-02	5.00000000000000e-02
25	73	41	57	8.52376000000000e-02	5.00000000000000e-02
26	74	42	58	8.44415000000000e-02	5.00000000000000e-02
27	75	43	59	8.54063000000000e-02	5.00000000000000e-02
28	76	44	60	8.59973000000000e-02	5.00000000000000e-02
30	78	46	62	8.61326000000000e-02	5.00000000000000e-02
32	80	48	64	8.52497000000000e-02	5.00000000000000e-02
33	81	49	65	8.54081000000000e-02	5.00000000000000e-02
34	82	50	66	8.39061000000000e-02	5.00000000000000e-02
35	83	51	67	8.37025000000000e-02	5.00000000000000e-02
37	85	53	69	7.44745000000000e-02	5.00000000000000e-02
38	86	54	70	8.21159000000000e-02	5.00000000000000e-02
39	87	55	71	8.12631000000000e-02	5.00000000000000e-02
40	88	56	72	7.18135000000000e-02	5.00000000000000e-02
41	89	57	73	5.54182000000000e-02	5.00000000000000e-02
42	90	58	74	8.08113000000000e-02	5.00000000000000e-02
43	91	59	75	7.94555000000000e-02	5.00000000000000e-02
44	92	60	76	7.80358000000000e-02	5.00000000000000e-02
45	93	61	77	7.79371000000000e-02	5.00000000000000e-02
46	94	62	78	7.88865000000000e-02	5.00000000000000e-02
47	95	63	79	8.00100000000000e-02	5.00000000000000e-02
48	96	64	80	8.06384000000000e-02	5.00000000000000e-02
49	97	65	81	8.09700000000000e-02	5.00000000000000e-02
50	98	66	82	8.14052000000000e-02	5.00000000000000e-02
51	99	67	83	8.19214000000000e-02	5.00000000000000e-02
52	100	68	84	8.41640000000000e-02	5.00000000000000e-02
1	52	18	35	7.86494000000000e-02	5.00000000000000e-02
2	53	19	36	7.84878000000000e-02	5.00000000000000e-02
3	54	20	37	7.81804000000000e-02	5.00000000000000e-02
4	55	21	38	7.78859000000000e-02	5.00000000000000e-02
6	57	23	40	7.74298000000000e-02	5.00000000000000e-02
8	59	25	42	7.76921000000000e-02	5.00000000000000e-02
9	60	26	43	7.66991000000000e-02	5.00000000000000e-02
10	61	27	44	7.66700000000000e-02	5.00000000000000e-02
11	62	28	45	7.69229000000000e-02	5.00000000000000e-02
12	63	29	46	7.67679000000000e-02	5.00000000000000e-02
13	64	30	47	7.69678000000000e-02	5.00000000000000e-02
14	65	31	48	7.72159000000000e-02	5.00000000000000e-02
15	66	32	49	7.65853000000000e-02	5.00000000000000e-02
16	67	33	50	7.74802000000000e-02	5.00000000000000e-02
17	68	34	51	7.87385000000000e-02	5.00000000000000e-02
18	69	35	52	7.88740000000000e-02	5.00000000000000e-02
20	71	37	54	7.97029000000000e-02	5.00000000000000e-02
22	73	39	56	7.62790000000000e-02	5.00000000000000e-02
23	74	40	57	8.06819000000000e-02	5.00000000000000e-02
24	75	41	58	8.06433000000000e-02	5.00000000000000e-02
25	76	42	59	7.99183000000000e-02	5.00000000000000e-02
26	77	43	60	8.19494000000000e-02	5.00000000000000e-02
28	79	45	62	8.15637000000000e-02	5.00000000000000e-02
30	81	47	64	8.07605000000000e-02	5.00000000000000e-02
31	82	48	65	8.04845000000000e-02	5.00000000000000e-02
32	83	49	66	7.98794000000000e-02	5.00000000000000e-02
33	84	50	67	7.92546000000000e-02	5.00000000000000e-02
35	86	52	69	7.79859000000000e-02	5.00000000000000e-02
36	87	53	70	7.73979000000000e-02	5.00000000000000e-02
37	88	54	71	7.78837000000000e-02	5.00000000000000e-02
38	89	55	72	7.70715000000000e-02	5.00000000000000e-02
39	90	56	73	7.69081000000000e-02	5.00000000000000e-02
40	91	57	74	7.61388000000000e-02	5.00000000000000e-02
41	92	58	75	7.55290000000000e-02	5.00000000000000e-02
42	93	59	76	7.53661000000000e-02	5.00000000000000e-02
43	94	60	77	7.41404000000000e-02	5.00000000000000e-02
44	95	61	78	7.58625000000000e-02	5.00000000000000e-02
45	96	62	79	7.65438000000000e-02	5.00000000000000e-02
46	97	63	80	7.68207000000000e-02	5.00000000000000e-02
47	98	64	81	7.60014000000000e-02	5.00000000000000e-02
48	99	65	82	7.71176000000000e-02	5.00000000000000e-02
49	100	66	83	7.86332000000000e-02	5.00000000000000e-02
1	55	19	37	7.43189000000000e-02	5.00000000000000e-02
2	56	20	38	7.39606000000000e-02	5.00000000000000e-02
4	58	22	40	7.33648000000000e-02	5.00000000000000e-02
6	60	24	42	7.41014000000000e-02	5.00000000000000e-02
7	61	25	43	7.28698000000000e-02	5.00000000000000e-02
8	62	26	44	7.24503000000000e-02	5.00000000000000e-02
9	63	27	45	7.27607000000000e-02	5.00000000000000e-02
10	64	28	46	7.20085000000000e-02	5.00000000000000e-02
11	65	29	47	7.33675000000000e-02	5.00000000000000e-02
12	66	30	48	7.36720000000000e-02	5.00000000000000e-02
13	67	31	49	7.36489000000000e-02	5.00000000000000e-02
14	68	32	50	7.45455000000000e-02	5.00000000000000e-02
15	69	33	51	6.60879000000000e-02	5.00000000000000e-02
16	70	34	52	7.50445000000000e-02	5.00000000000000e-02
18	72	36	54	7.56983000000000e-02	5.00000000000000e-02
20	74	38	56	7.68485000000000e-02	5.00000000000000e-02
21	75	39	57	7.19405000000000e-02	5.00000000000000e-02
22	76	40	58	7.65020000000000e-02	5.00000000000000e-02
23	77	41	59	7.66618000000000e-02	5.00000000000000e-02
24	78	42	60	7.70256000000000e-02	5.00000000000000e-02
26	80	44	62	7.70013000000000e-02	5.00000000000000e-02
28	82	46	64	7.67430000000000e-02	5.00000000000000e-02
29	83	47	65	7.62244000000000e-02	5.00000000000000e-02
30	84	48	66	7.54800000000000e-02	5.00000000000000e-02
31	85	49	67	7.52775000000000e-02	5.00000000000000e-02
33	87	51	69	7.47931000000000e-02	5.00000000000000e-02
34	88	52	70	7.44362000000000e-02	5.00000000000000e-02
35	89	53	71	6.73909000000000e-02	5.00000000000000e-02
36	90	54	72	7.15711000000000e-02	5.00000000000000e-02
37	91	55	73	7.31939000000000e-02	5.00000000000000e-02
38	92	56	74	7.27466000000000e-02	5.00000000000000e-02
39	93	57	75	7.10005000000000e-02	5.00000000000000e-02
40	94	58	76	7.27414000000000e-02	5.00000000000000e-02
41	95	59	77	7.30255000000000e-02	5.00000000000000e-02
42	96	60	78	6.09164000000000e-02	5.00000000000000e-02
43	97	61	79	6.59331000000000e-02	5.00000000000000e-02
44	98	62	80	7.27516000000000e-02	5.00000000000000e-02
45	99	63	81	7.27242000000000e-02	5.00000000000000e-02
46	100	64	82	7.37449000000000e-02	5.00000000000000e-02
2	59	21	40	6.98094000000000e-02	5.00000000000000e-02
4	61	23	42	6.98329000000000e-02	5.00000000000000e-02
5	62	24	43	6.96685000000000e-02	5.00000000000000e-02
6	63	25	44	6.94768000000000e-02	5.00000000000000e-02
7	64	26	45	6.93710000000000e-02	5.00000000000000e-02
8	65	27	46	6.93801000000000e-02	5.00000000000000e-02
9	66	28	47	6.99394000000000e-02	5.00000000000000e-02
10	67	29	48	7.01293000000000e-02	5.00000000000000e-02
11	68	30	49	7.03666000000000e-02	5.00000000000000e-02
12	69	31	50	7.07560000000000e-02	5.00000000000000e-02
13	70	32	51	7.04161000000000e-02	5.00000000000000e-02
14	71	33	52	6.93186000000000e-02	5.00000000000000e-02
16	73	35	54	6.82005000000000e-02	5.00000000000000e-02
18	75	37	56	7.23834000000000e-02	5.00000000000000e-02
19	76	38	57	7.27667000000000e-02	5.00000000000000e-02
20	77	39	58	7.31050000000000e-02	5.00000000000000e-02
21	78	40	59	7.31611000000000e-02	5.00000000000000e-02
22	79	41	60	7.28579000000000e-02	5.00000000000000e-02
24	81	43	62	7.24967000000000e-02	5.00000000000000e-02
26	83	45	64	6.79539000000000e-02	5.00000000000000e-02
27	84	46	65	7.21588000000000e-02	5.00000000000000e-02
28	85	47	66	7.16231000000000e-02	5.00000000000000e-02
29	86	48	67	7.12191000000000e-02	5.00000000000000e-02
31	88	50	69	7.10586000000000e-02	5.00000000000000e-02
32	89	51	70	7.11865000000000e-02	5.00000000000000e-02
33	90	52	71	7.03752000000000e-02	5.00000000000000e-02
34	91	53	72	7.05271000000000e-02	5.00000000000000e-02
35	92	54	73	6.96180000000000e-02	5.00000000000000e-02
36	93	55	74	6.92928000000000e-02	5.00000000000000e-02
37	94	56	75	7.00790000000000e-02	5.00000000000000e-02
38	95	57	76	6.98965000000000e-02	5.00000000000000e-02
39	96	58	77	7.05333000000000e-02	5.00000000000000e-02
40	97	59	78	6.98954000000000e-02	5.00000000000000e-02
41	98	60	79	6.93971000000000e-02	5.00000000000000e-02
42	99	61	80	6.92319000000000e-02	5.00000000000000e-02
43	100	62	81	7.03317000000000e-02	5.00000000000000e-02
2	62	22	42	6.67890000000000e-02	5.00000000000000e-02
3	63	23	43	6.69320000000000e-02	5.00000000000000e-02
4	64	24	44	6.64983000000000e-02	5.00000000000000e-02
5	65	25	45	6.36339000000000e-02	5.00000000000000e-02
6	66	26	46	6.60238000000000e-02	5.00000000000000e-02
7	67	27	47	6.63612000000000e-02	5.00000000000000e-02
8	68	28	48	6.71884000000000e-02	5.00000000000000e-02
9	69	29	49	6.00486000000000e-02	5.00000000000000e-02
10	70	30	50	6.76238000000000e-02	5.00000000000000e-02
11	71	31	51	6.73454000000000e-02	5.00000000000000e-02
12	72	32	52	6.78843000000000e-02	5.00000000000000e-02
14	74	34	54	6.80383000000000e-02	5.00000000000000e-02
16	76	36	56	6.86343000000000e-02	5.00000000000000e-02
17	77	37	57	6.91397000000000e-02	5.00000000000000e-02
18	78	38	58	6.89240000000000e-02	5.00000000000000e-02
19	79	39	59	6.92307000000000e-02	5.00000000000000e-02
20	80	40	60	6.97717000000000e-02	5.00000000000000e-02
22	82	42	62	6.95318000000000e-02	5.00000000000000e-02
24	84	44	64	6.88852000000000e-02	5.00000000000000e-02
25	85	45	65	6.62416000000000e-02	5.00000000000000e-02
26	86	46	66	6.84327000000000e-02	5.00000000000000e-02
27	87	47	67	6.85832000000000e-02	5.00000000000000e-02
29	89	49	69	6.81309000000000e-02	5.00000000000000e-02
30	90	50	70	6.72274000000000e-02	5.00000000000000e-02
31	91	51	71	6.70834000000000e-02	5.00000000000000e-02
32	92	52	72	6.72371000000000e-02	5.00000000000000e-02
33	93	53	73	6.75213000000000e-02	5.00000000000000e-02
34	94	54	74	6.74536000000000e-02	5.00000000000000e-02
35	95	55	75	6.80244000000000e-02	5.00000000000000e-02
36	96	56	76	6.79626000000000e-02	5.00000000000000e-02
37	97	57	77	6.64769000000000e-02	5.00000000000000e-02
38	98	58	78	6.74208000000000e-02	5.00000000000000e-02
39	99	59	79	6.63078000000000e-02	5.00000000000000e-02
40	100	60	80	6.76149000000000e-02	5.00000000000000e-02
1	64	22	43	6.33136000000000e-02	5.00000000000000e-02
2	65	23	44	6.29430000000000e-02	5.00000000000000e-02
3	66	24	45	6.37170000000000e-02	5.00000000000000e-02
4	67	25	46	6.33044000000000e-02	5.00000000000000e-02
5	68	26	47	6.37258000000000e-02	5.00000000000000e-02
6	69	27	48	6.42180000000000e-02	5.00000000000000e-02
7	70	28	49	6.36608000000000e-02	5.00000000000000e-02
8	71	29	50	6.40020000000000e-02	5.00000000000000e-02
9	72	30	51	6.41556000000000e-02	5.00000000000000e-02
10	73	31	52	6.44330000000000e-02	5.00000000000000e-02
12	75	33	54	6.01987000000000e-02	5.00000000000000e-02
14	77	35	56	6.60300000000000e-02	5.00000000000000e-02
15	78	36	57	6.61640000000000e-02	5.00000000000000e-02
16	79	37	58	6.56134000000000e-02	5.00000000000000e-02
17	80	38	59	6.60992000000000e-02	5.00000000000000e-02
18	81	39	60	5.93184000000000e-02	5.00000000000000e-02
20	83	41	62	6.62926000000000e-02	5.00000000000000e-02
22	85	43	64	6.54097000000000e-02	5.00000000000000e-02
23	86	44	65	6.53252000000000e-02	5.00000000000000e-02
24	87	45	66	6.48662000000000e-02	5.00000000000000e-02
25	88	46	67	6.50695000000000e-02	5.00000000000000e-02
27	90	48	69	6.48051000000000e-02	5.00000000000000e-02
28	91	49	70	6.50012000000000e-02	5.00000000000000e-02
29	92	50	71	6.45298000000000e-02	5.00000000000000e-02
30	93	51	72	6.31078000000000e-02	5.00000000000000e-02
31	94	52	73	6.37614000000000e-02	5.00000000000000e-02
32	95	53	74	6.14543000000000e-02	5.00000000000000e-02
33	96	54	75	6.51439000000000e-02	5.00000000000000e-02
34	97	55	76	6.48183000000000e-02	5.00000000000000e-02
35	98	56	77	6.39391000000000e-02	5.00000000000000e-02
36	99	57	78	5.32732000000000e-02	5.00000000000000e-02
37	100	58	79	6.48924000000000e-02	5.00000000000000e-02
1	67	23	45	6.13112000000000e-02	5.00000000000000e-02
2	68	24	46	6.13744000000000e-02	5.00000000000000e-02
3	69	25	47	6.13275000000000e-02	5.00000000000000e-02
4	70	26	48	6.13542000000000e-02	5.00000000000000e-02
5	71	27	49	6.09595000000000e-02	5.00000000000000e-02
6	72	28	50	6.16461000000000e-02	5.00000000000000e-02
7	73	29	51	6.10695000000000e-02	5.00000000000000e-02
8	74	30	52	6.18070000000000e-02	5.00000000000000e-02
10	76	32	54	6.23051000000000e-02	5.00000000000000e-02
12	78	34	56	6.33538000000000e-02	5.00000000000000e-02
13	79	35	57	6.32333000000000e-02	5.00000000000000e-02
14	80	36	58	6.32451000000000e-02	5.00000000000000e-02
15	81	37	59	6.33213000000000e-02	5.00000000000000e-02
16	82	38	60	6.38027000000000e-02	5.00000000000000e-02
18	84	40	62	6.31199000000000e-02	5.00000000000000e-02
20	86	42	64	6.27253000000000e-02	5.00000000000000e-02
21	87	43	65	6.24977000000000e-02	5.00000000000000e-02
22	88	44	66	6.25452000000000e-02	5.00000000000000e-02
23	89	45	67	6.22585000000000e-02	5.00000000000000e-02
25	91	47	69	6.17330000000000e-02	5.00000000000000e-02
26	92	48	70	6.19860000000000e-02	5.00000000000000e-02
27	93	49	71	6.25592000000000e-02	5.00000000000000e-02
28	94	50	72	6.26864000000000e-02	5.00000000000000e-02
29	95	51	73	5.40184000000000e-02	5.00000000000000e-02
30	96	52	74	6.35479000000000e-02	5.00000000000000e-02
31	97	53	75	6.29945000000000e-02	5.00000000000000e-02
32	98	54	76	6.27477000000000e-02	5.00000000000000e-02
33	99	55	77	6.20698000000000e-02	5.00000000000000e-02
34	100	56	78	6.26978000000000e-02	5.00000000000000e-02
1	70	24	47	5.86243000000000e-02	5.00000000000000e-02
2	71	25	48	5.91393000000000e-02	5.00000000000000e-02
3	72	26	49	5.89879000000000e-02	5.00000000000000e-02
4	73	27	50	5.88271000000000e-02	5.00000000000000e-02
5	74	28	51	5.90649000000000e-02	5.00000000000000e-02
6	75	29	52	5.97837000000000e-02	5.00000000000000e-02
8	77	31	54	5.91044000000000e-02	5.00000000000000e-02
10	79	33	56	5.29288000000000e-02	5.00000000000000e-02
11	80	34	57	6.02622000000000e-02	5.00000000000000e-02
12	81	35	58	6.10574000000000e-02	5.00000000000000e-02
13	82	36	59	6.04544000000000e-02	5.00000000000000e-02
14	83	37	60	6.08644000000000e-02	5.00000000000000e-02
16	85	39	62	6.03379000000000e-02	5.00000000000000e-02
18	87	41	64	5.96366000000000e-02	5.00000000000000e-02
19	88	42	65	6.01789000000000e-02	5.00000000000000e-02
20	89	43	66	5.94651000000000e-02	5.00000000000000e-02
21	90	44	67	5.96621000000000e-02	5.00000000000000e-02
23	92	46	69	5.90149000000000e-02	5.00000000000000e-02
24	93	47	70	5.99573000000000e-02	5.00000000000000e-02
25	94	48	71	5.96807000000000e-02	5.00000000000000e-02
26	95	49	72	6.10835000000000e-02	5.00000000000000e-02
27	96	50	73	6.09513000000000e-02	5.00000000000000e-02
28	97	51	74	6.12372000000000e-02	5.00000000000000e-02
29	98	52	75	6.07752000000000e-02	5.00000000000000e-02
30	99	53	76	5.53624000000000e-02	5.00000000000000e-02
31	100	54	77	5.98474000000000e-02	5.00000000000000e-02
1	73	25	49	5.64175000000000e-02	5.00000000000000e-02
2	74	26	50	5.67322000000000e-02	5.00000000000000e-02
3	75	27	51	5.65500000000000e-02	5.00000000000000e-02
4	76	28	52	5.71583000000000e-02	5.00000000000000e-02
6	78	30	54	5.77394000000000e-02	5.00000000000000e-02
8	80	32	56	5.76480000000000e-02	5.00000000000000e-02
9	81	33	57	5.45507000000000e-02	5.00000000000000e-02
10	82	34	58	5.70059000000000e-02	5.00000000000000e-02
11	83	35	59	5.81869000000000e-02	5.00000000000000e-02
12	84	36	60	5.85925000000000e-02	5.00000000000000e-02
14	86	38	62	5.83957000000000e-02	5.00000000000000e-02
16	88	40	64	5.78440000000000e-02	5.00000000000000e-02
17	89	41	65	5.74180000000000e-02	5.00000000000000e-02
18	90	42	66	5.75211000000000e-02	5.00000000000000e-02
19	91	43	67	5.69971000000000e-02	5.00000000000000e-02
21	93	45	69	5.11081000000000e-02	5.00000000000000e-02
22	94	46	70	5.73017000000000e-02	5.00000000000000e-02
23	95	47	71	5.84252000000000e-02	5.00000000000000e-02
24	96	48	72	5.83948000000000e-02	5.00000000000000e-02
25	97	49	73	5.91641000000000e-02	5.00000000000000e-02
26	98	50	74	5.90206000000000e-02	5.00000000000000e-02
27	99	51	75	5.82191000000000e-02	5.00000000000000e-02
28	100	52	76	5.89371000000000e-02	5.00000000000000e-02
1	76	26	51	5.42587000000000e-02	5.00000000000000e-02
2	77	27	52	5.39872000000000e-02	5.00000000000000e-02
4	79	29	54	5.47067000000000e-02	5.00000000000000e-02
6	81	31	56	5.47364000000000e-02	5.00000000000000e-02
7	82	32	57	5.56302000000000e-02	5.00000000000000e-02
8	83	33	58	5.60101000000000e-02	5.00000000000000e-02
9	84	34	59	5.53316000000000e-02	5.00000000000000e-02
10	85	35	60	5.62950000000000e-02	5.00000000000000e-02
12	87	37	62	5.50303000000000e-02	5.00000000000000e-02
14	89	39	64	5.12330000000000e-02	5.00000000000000e-02
15	90	40	65	5.63231000000000e-02	5.00000000000000e-02
16	91	41	66	5.41076000000000e-02	5.00000000000000e-02
17	92	42	67	5.34641000000000e-02	5.00000000000000e-02
19	94	44	69	5.49029000000000e-02	5.00000000000000e-02
20	95	45	70	5.50315000000000e-02	5.00000000000000e-02
21	96	46	71	5.68574000000000e-02	5.00000000000000e-02
22	97	47	72	5.68719000000000e-02	5.00000000000000e-02
23	98	48	73	5.62804000000000e-02	5.00000000000000e-02
24	99	49	74	5.72803000000000e-02	5.00000000000000e-02
25	100	50	75	5.58379000000000e-02	5.00000000000000e-02
2	80	28	54	5.18453000000000e-02	5.00000000000000e-02
4	82	30	56	5.35505000000000e-02	5.00000000000000e-02
5	83	31	57	5.28801000000000e-02	5.00000000000000e-02
6	84	32	58	5.41823000000000e-02	5.00000000000000e-02
7	85	33	59	5.34572000000000e-02	5.00000000000000e-02
8	86	34	60	5.44174000000000e-02	5.00000000000000e-02
10	88	36	62	5.40325000000000e-02	5.00000000000000e-02
12	90	38	64	5.39032000000000e-02	5.00000000000000e-02
13	91	39	65	4.94633000000000e-02	5.00000000000000e-02
14	92	40	66	5.22217000000000e-02	5.00000000000000e-02
15	93	41	67	5.26124000000000e-02	5.00000000000000e-02
17	95	43	69	5.33010000000000e-02	5.00000000000000e-02
18	96	44	70	5.47155000000000e-02	5.00000000000000e-02
19	97	45	71	5.38445000000000e-02	5.00000000000000e-02
20	98	46	72	3.44744000000000e-02	5.00000000000000e-02
21	99	47	73	5.11286000000000e-02	5.00000000000000e-02
22	100	48	74	5.54437000000000e-02	5.00000000000000e-02
2	83	29	56	5.15845000000000e-02	5.00000000000000e-02
3	84	30	57	5.12289000000000e-02	5.00000000000000e-02
4	85	31	58	5.15166000000000e-02	5.00000000000000e-02
5	86	32	59	5.20862000000000e-02	5.00000000000000e-02
6	87	33	60	4.52362000000000e-02	5.00000000000000e-02
8	89	35	62	5.12929000000000e-02	5.00000000000000e-02
10	91	37	64	5.09788000000000e-02	5.00000000000000e-02
11	92	38	65	5.11776000000000e-02	5.00000000000000e-02
12	93	39	66	5.09999000000000e-02	5.00000000000000e-02
13	94	40	67	5.11480000000000e-02	5.00000000000000e-02
15	96	42	69	5.15932000000000e-02	5.00000000000000e-02
16	97	43	70	5.22952000000000e-02	5.00000000000000e-02
17	98	44	71	5.20652000000000e-02	5.00000000000000e-02
18	99	45	72	5.20138000000000e-02	5.00000000000000e-02
1	85	29	57	4.91734000000000e-02	5.00000000000000e-02
2	86	30	58	4.92913000000000e-02	5.00000000000000e-02
3	87	31	59	4.99240000000000e-02	5.00000000000000e-02
4	88	32	60	5.03097000000000e-02	5.00000000000000e-02
6	90	34	62	5.02971000000000e-02	5.00000000000000e-02
8	92	36	64	4.99063000000000e-02	5.00000000000000e-02
9	93	37	65	4.91608000000000e-02	5.00000000000000e-02
10	94	38	66	4.99997000000000e-02	5.00000000000000e-02
11	95	39	67	4.96797000000000e-02	5.00000000000000e-02
13	97	41	69	4.98924000000000e-02	5.00000000000000e-02
14	98	42	70	5.03091000000000e-02	5.00000000000000e-02
15	99	43	71	4.97978000000000e-02	5.00000000000000e-02
16	100	44	72	4.93888000000000e-02	5.00000000000000e-02
1	88	30	59	4.79549000000000e-02	5.00000000000000e-02
2	89	31	60	4.78793000000000e-02	5.00000000000000e-02
4	91	33	62	4.71935000000000e-02	5.00000000000000e-02
6	93	35	64	4.80057000000000e-02	5.00000000000000e-02
7	94	36	65	4.82023000000000e-02	5.00000000000000e-02
8	95	37	66	4.88845000000000e-02	5.00000000000000e-02
9	96	38	67	4.82967000000000e-02	5.00000000000000e-02
11	98	40	69	4.83547000000000e-02	5.00000000000000e-02
12	99	41	70	4.79625000000000e-02	5.00000000000000e-02
13	100	42	71	4.88915000000000e-02	5.00000000000000e-02
2	92	32	62	4.65470000000000e-02	5.00000000000000e-02
4	94	34	64	4.69430000000000e-02	5.00000000000000e-02
5	95	35	65	4.66145000000000e-02	5.00000000000000e-02
6	96	36	66	4.74411000000000e-02	5.00000000000000e-02
7	97	37	67	4.64091000000000e-02	5.00000000000000e-02
9	99	39	69	4.12491000000000e-02	5.00000000000000e-02
10	100	40	70	4.82015000000000e-02	5.00000000000000e-02
2	95	33	64	4.12262000000000e-02	5.00000000000000e-02
3	96	34	65	4.65424000000000e-02	5.00000000000000e-02
4	97	35	66	4.58765000000000e-02	5.00000000000000e-02
5	98	36	67	4.52437000000000e-02	5.00000000000000e-02
7	100	38	69	4.47101000000000e-02	5.00000000000000e-02
1	97	33	65	4.12756000000000e-02	5.00000000000000e-02
2	98	34	66	4.39475000000000e-02	5.00000000000000e-02
3	99	35	67	4.31527000000000e-02	5.00000000000000e-02
1	100	34	67	4.23045000000000e-02	5.00000000000000e-02
0
