95
# x y z
25	0	0
25.5	0	0
26	0	0
26.5	0	0
27	0	0
27.5	0	0
28	0	0
28.5	0	0
29	0	0
29.5	0	0
30	0	0
30.5	0	0
31	0	0
31.5	0	0
32	0	0
32.5	0	0
33	0	0
33.5	0	0
34	0	0
34.5	0	0
35	0	0
35.5	0	0
36	0	0
36.5	0	0
37	0	0
37.5	0	0
38	0	0
38.5	0	0
39	0	0
39.5	0	0
40	0	0
40.5	0	0
41	0	0
41.5	0	0
42	0	0
42.5	0	0
45.5	0	0
46	0	0
46.5	0	0
47	0	0
47.5	0	0
48	0	0
48.5	0	0
49	0	0
49.5	0	0
50	0	0
50.5	0	0
51	0	0
51.5	0	0
52	0	0
52.5	0	0
53	0	0
53.5	0	0
54	0	0
54.5	0	0
55	0	0
55.5	0	0
56	0	0
56.5	0	0
57	0	0
57.5	0	0
58	0	0
58.5	0	0
59	0	0
59.5	0	0
60	0	0
60.5	0	0
61	0	0
61.5	0	0
62	0	0
62.5	0	0
63	0	0
63.5	0	0
64	0	0
64.5	0	0
65	0	0
65.5	0	0
66	0	0
66.5	0	0
67	0	0
67.5	0	0
68	0	0
68.5	0	0
69	0	0
69.5	0	0
70	0	0
70.5	0	0
71	0	0
71.5	0	0
72	0	0
72.5	0	0
73	0	0
73.5	0	0
74	0	0
74.5	0	0
1240
# a b m n u i
1	4	2	3	6.81150000000000e-03	1.00000000000000e-03
2	5	3	4	8.29040000000000e-03	1.00000000000000e-03
3	6	4	5	8.77580000000000e-03	1.00000000000000e-03
4	7	5	6	7.95700000000000e-03	1.00000000000000e-03
5	8	6	7	8.67670000000000e-03	1.00000000000000e-03
6	9	7	8	7.73010000000000e-03	1.00000000000000e-03
7	10	8	9	8.23970000000000e-03	1.00000000000000e-03
8	11	9	10	8.25780000000000e-03	1.00000000000000e-03
9	12	10	11	7.13320000000000e-03	1.00000000000000e-03
10	13	11	12	8.33550000000000e-03	1.00000000000000e-03
11	14	12	13	6.74340000000000e-03	1.00000000000000e-03
12	15	13	14	7.56390000000000e-03	1.00000000000000e-03
13	16	14	15	6.91590000000000e-03	1.00000000000000e-03
14	17	15	16	7.01080000000000e-03	1.00000000000000e-03
15	18	16	17	6.47340000000000e-03	1.00000000000000e-03
16	19	17	18	6.80190000000000e-03	1.00000000000000e-03
17	20	18	19	7.09590000000000e-03	1.00000000000000e-03
18	21	19	20	6.86540000000000e-03	1.00000000000000e-03
19	22	20	21	6.99610000000000e-03	1.00000000000000e-03
20	23	21	22	7.53480000000000e-03	1.00000000000000e-03
21	24	22	23	8.06590000000000e-03	1.00000000000000e-03
22	25	23	24	7.40710000000000e-03	1.00000000000000e-03
23	26	24	25	8.11660000000000e-03	1.00000000000000e-03
24	27	25	26	7.61240000000000e-03	1.00000000000000e-03
25	28	26	27	8.77850000000000e-03	1.00000000000000e-03
26	29	27	28	8.51760000000000e-03	1.00000000000000e-03
27	30	28	29	9.12800000000000e-03	1.00000000000000e-03
28	31	29	30	9.52240000000000e-03	1.00000000000000e-03
29	32	30	31	1.09961000000000e-02	1.00000000000000e-03
30	33	31	32	1.49308000000000e-02	1.00000000000000e-03
31	34	32	33	2.14275000000000e-02	1.00000000000000e-03
32	35	33	34	3.24426000000000e-02	1.00000000000000e-03
33	36	34	35	3.43006000000000e-02	1.00000000000000e-03
37	40	38	39	9.17430000000000e-03	1.00000000000000e-03
38	41	39	40	6.14350000000000e-03	1.00000000000000e-03
39	42	40	41	7.90660000000000e-03	1.00000000000000e-03
40	43	41	42	7.20390000000000e-03	1.00000000000000e-03
41	44	42	43	7.17050000000000e-03	1.00000000000000e-03
42	45	43	44	7.44570000000000e-03	1.00000000000000e-03
43	46	44	45	5.63910000000000e-03	1.00000000000000e-03
44	47	45	46	6.82050000000000e-03	1.00000000000000e-03
45	48	46	47	5.51160000000000e-03	1.00000000000000e-03
46	49	47	48	6.80320000000000e-03	1.00000000000000e-03
47	50	48	49	6.62020000000000e-03	1.00000000000000e-03
48	51	49	50	6.04280000000000e-03	1.00000000000000e-03
49	52	50	51	6.35150000000000e-03	1.00000000000000e-03
50	53	51	52	6.66840000000000e-03	1.00000000000000e-03
51	54	52	53	6.52610000000000e-03	1.00000000000000e-03
52	55	53	54	6.15850000000000e-03	1.00000000000000e-03
53	56	54	55	8.08810000000000e-03	1.00000000000000e-03
54	57	55	56	6.70640000000000e-03	1.00000000000000e-03
55	58	56	57	7.22010000000000e-03	1.00000000000000e-03
56	59	57	58	6.73790000000000e-03	1.00000000000000e-03
57	60	58	59	6.67380000000000e-03	1.00000000000000e-03
58	61	59	60	6.38190000000000e-03	1.00000000000000e-03
59	62	60	61	7.31240000000000e-03	1.00000000000000e-03
60	63	61	62	5.85760000000000e-03	1.00000000000000e-03
61	64	62	63	7.93840000000000e-03	1.00000000000000e-03
62	65	63	64	7.37200000000000e-03	1.00000000000000e-03
63	66	64	65	6.77450000000000e-03	1.00000000000000e-03
64	67	65	66	8.71170000000000e-03	1.00000000000000e-03
65	68	66	67	6.54680000000000e-03	1.00000000000000e-03
66	69	67	68	6.95280000000000e-03	1.00000000000000e-03
67	70	68	69	8.68860000000000e-03	1.00000000000000e-03
68	71	69	70	7.15610000000000e-03	1.00000000000000e-03
69	72	70	71	7.98690000000000e-03	1.00000000000000e-03
70	73	71	72	6.63830000000000e-03	1.00000000000000e-03
71	74	72	73	6.87920000000000e-03	1.00000000000000e-03
72	75	73	74	6.51970000000000e-03	1.00000000000000e-03
73	76	74	75	5.64440000000000e-03	1.00000000000000e-03
74	77	75	76	6.49290000000000e-03	1.00000000000000e-03
75	78	76	77	7.32920000000000e-03	1.00000000000000e-03
76	79	77	78	8.03450000000000e-03	1.00000000000000e-03
77	80	78	79	7.38400000000000e-03	1.00000000000000e-03
78	81	79	80	7.46420000000000e-03	1.00000000000000e-03
79	82	80	81	8.16440000000000e-03	1.00000000000000e-03
80	83	81	82	5.28250000000000e-03	1.00000000000000e-03
81	84	82	83	6.76180000000000e-03	1.00000000000000e-03
82	85	83	84	7.58780000000000e-03	1.00000000000000e-03
83	86	84	85	5.85800000000000e-03	1.00000000000000e-03
84	87	85	86	7.83380000000000e-03	1.00000000000000e-03
85	88	86	87	5.72280000000000e-03	1.00000000000000e-03
86	89	87	88	6.14420000000000e-03	1.00000000000000e-03
87	90	88	89	5.25180000000000e-03	1.00000000000000e-03
88	91	89	90	5.80620000000000e-03	1.00000000000000e-03
89	92	90	91	5.20210000000000e-03	1.00000000000000e-03
90	93	91	92	5.77730000000000e-03	1.00000000000000e-03
91	94	92	93	6.25660000000000e-03	1.00000000000000e-03
92	95	93	94	7.69870000000000e-03	1.00000000000000e-03
1	7	3	5	4.56810000000000e-03	1.00000000000000e-03
2	8	4	6	4.52660000000000e-03	1.00000000000000e-03
3	9	5	7	4.91870000000000e-03	1.00000000000000e-03
4	10	6	8	4.28870000000000e-03	1.00000000000000e-03
5	11	7	9	4.26660000000000e-03	1.00000000000000e-03
6	12	8	10	4.26090000000000e-03	1.00000000000000e-03
7	13	9	11	3.82070000000000e-03	1.00000000000000e-03
8	14	10	12	3.81790000000000e-03	1.00000000000000e-03
9	15	11	13	3.87070000000000e-03	1.00000000000000e-03
10	16	12	14	3.72500000000000e-03	1.00000000000000e-03
11	17	13	15	3.58860000000000e-03	1.00000000000000e-03
12	18	14	16	3.50650000000000e-03	1.00000000000000e-03
13	19	15	17	3.34530000000000e-03	1.00000000000000e-03
14	20	16	18	3.47290000000000e-03	1.00000000000000e-03
15	21	17	19	3.55540000000000e-03	1.00000000000000e-03
16	22	18	20	3.66010000000000e-03	1.00000000000000e-03
17	23	19	21	3.62390000000000e-03	1.00000000000000e-03
18	24	20	22	4.03300000000000e-03	1.00000000000000e-03
19	25	21	23	4.18350000000000e-03	1.00000000000000e-03
20	26	22	24	4.09290000000000e-03	1.00000000000000e-03
21	27	23	25	3.89790000000000e-03	1.00000000000000e-03
22	28	24	26	3.92990000000000e-03	1.00000000000000e-03
23	29	25	27	4.43400000000000e-03	1.00000000000000e-03
24	30	26	28	4.47860000000000e-03	1.00000000000000e-03
25	31	27	29	4.63980000000000e-03	1.00000000000000e-03
26	32	28	30	4.54260000000000e-03	1.00000000000000e-03
27	33	29	31	5.12300000000000e-03	1.00000000000000e-03
28	34	30	32	5.43840000000000e-03	1.00000000000000e-03
29	35	31	33	6.83320000000000e-03	1.00000000000000e-03
30	36	32	34	7.08560000000000e-03	1.00000000000000e-03
37	43	39	41	3.65810000000000e-03	1.00000000000000e-03
38	44	40	42	3.18080000000000e-03	1.00000000000000e-03
39	45	41	43	3.37540000000000e-03	1.00000000000000e-03
40	46	42	44	3.80820000000000e-03	1.00000000000000e-03
41	47	43	45	3.33910000000000e-03	1.00000000000000e-03
42	48	44	46	3.24040000000000e-03	1.00000000000000e-03
43	49	45	47	3.29030000000000e-03	1.00000000000000e-03
44	50	46	48	3.41940000000000e-03	1.00000000000000e-03
45	51	47	49	3.54550000000000e-03	1.00000000000000e-03
46	52	48	50	3.10560000000000e-03	1.00000000000000e-03
47	53	49	51	2.92720000000000e-03	1.00000000000000e-03
48	54	50	52	3.62700000000000e-03	1.00000000000000e-03
49	55	51	53	3.72150000000000e-03	1.00000000000000e-03
50	56	52	54	3.23980000000000e-03	1.00000000000000e-03
51	57	53	55	3.31360000000000e-03	1.00000000000000e-03
52	58	54	56	3.41750000000000e-03	1.00000000000000e-03
53	59	55	57	3.24190000000000e-03	1.00000000000000e-03
54	60	56	58	3.66370000000000e-03	1.00000000000000e-03
55	61	57	59	3.88820000000000e-03	1.00000000000000e-03
56	62	58	60	3.66020000000000e-03	1.00000000000000e-03
57	63	59	61	3.25830000000000e-03	1.00000000000000e-03
58	64	60	62	3.19680000000000e-03	1.00000000000000e-03
59	65	61	63	4.46300000000000e-03	1.00000000000000e-03
60	66	62	64	3.69680000000000e-03	1.00000000000000e-03
61	67	63	65	4.14210000000000e-03	1.00000000000000e-03
62	68	64	66	3.39730000000000e-03	1.00000000000000e-03
63	69	65	67	3.35050000000000e-03	1.00000000000000e-03
64	70	66	68	3.59620000000000e-03	1.00000000000000e-03
65	71	67	69	4.05080000000000e-03	1.00000000000000e-03
66	72	68	70	3.55900000000000e-03	1.00000000000000e-03
67	73	69	71	4.63520000000000e-03	1.00000000000000e-03
68	74	70	72	3.85530000000000e-03	1.00000000000000e-03
69	75	71	73	4.19220000000000e-03	1.00000000000000e-03
70	76	72	74	4.44280000000000e-03	1.00000000000000e-03
71	77	73	75	4.07110000000000e-03	1.00000000000000e-03
72	78	74	76	3.46200000000000e-03	1.00000000000000e-03
73	79	75	77	3.94980000000000e-03	1.00000000000000e-03
74	80	76	78	4.29100000000000e-03	1.00000000000000e-03
75	81	77	79	4.08550000000000e-03	1.00000000000000e-03
76	82	78	80	4.26050000000000e-03	1.00000000000000e-03
77	83	79	81	4.56610000000000e-03	1.00000000000000e-03
78	84	80	82	4.17020000000000e-03	1.00000000000000e-03
79	85	81	83	3.80630000000000e-03	1.00000000000000e-03
80	86	82	84	4.19540000000000e-03	1.00000000000000e-03
81	87	83	85	4.07670000000000e-03	1.00000000000000e-03
82	88	84	86	3.87040000000000e-03	1.00000000000000e-03
83	89	85	87	3.76090000000000e-03	1.00000000000000e-03
84	90	86	88	3.46840000000000e-03	1.00000000000000e-03
85	91	87	89	3.73790000000000e-03	1.00000000000000e-03
86	92	88	90	3.58510000000000e-03	1.00000000000000e-03
87	93	89	91	3.34170000000000e-03	1.00000000000000e-03
88	94	90	92	3.57200000000000e-03	1.00000000000000e-03
89	95	91	93	4.67670000000000e-03	1.00000000000000e-03
1	10	4	7	3.43520000000000e-03	1.00000000000000e-03
2	11	5	8	3.54250000000000e-03	1.00000000000000e-03
3	12	6	9	3.67040000000000e-03	1.00000000000000e-03
4	13	7	10	3.27360000000000e-03	1.00000000000000e-03
5	14	8	11	3.14380000000000e-03	1.00000000000000e-03
6	15	9	12	2.99030000000000e-03	1.00000000000000e-03
7	16	10	13	3.00390000000000e-03	1.00000000000000e-03
8	17	11	14	2.94980000000000e-03	1.00000000000000e-03
9	18	12	15	2.80290000000000e-03	1.00000000000000e-03
10	19	13	16	2.90300000000000e-03	1.00000000000000e-03
11	20	14	17	2.66790000000000e-03	1.00000000000000e-03
12	21	15	18	2.73100000000000e-03	1.00000000000000e-03
13	22	16	19	2.87280000000000e-03	1.00000000000000e-03
14	23	17	20	2.97110000000000e-03	1.00000000000000e-03
15	24	18	21	2.88690000000000e-03	1.00000000000000e-03
16	25	19	22	3.01140000000000e-03	1.00000000000000e-03
17	26	20	23	3.17250000000000e-03	1.00000000000000e-03
18	27	21	24	3.10410000000000e-03	1.00000000000000e-03
19	28	22	25	3.07240000000000e-03	1.00000000000000e-03
20	29	23	26	3.09510000000000e-03	1.00000000000000e-03
21	30	24	27	3.37240000000000e-03	1.00000000000000e-03
22	31	25	28	3.41500000000000e-03	1.00000000000000e-03
23	32	26	29	3.65460000000000e-03	1.00000000000000e-03
24	33	27	30	3.57270000000000e-03	1.00000000000000e-03
25	34	28	31	3.34890000000000e-03	1.00000000000000e-03
26	35	29	32	3.27490000000000e-03	1.00000000000000e-03
27	36	30	33	3.33870000000000e-03	1.00000000000000e-03
37	46	40	43	2.64740000000000e-03	1.00000000000000e-03
38	47	41	44	2.61030000000000e-03	1.00000000000000e-03
39	48	42	45	2.65870000000000e-03	1.00000000000000e-03
40	49	43	46	3.00660000000000e-03	1.00000000000000e-03
41	50	44	47	2.51850000000000e-03	1.00000000000000e-03
42	51	45	48	2.63720000000000e-03	1.00000000000000e-03
43	52	46	49	2.54540000000000e-03	1.00000000000000e-03
44	53	47	50	2.44260000000000e-03	1.00000000000000e-03
45	54	48	51	2.35780000000000e-03	1.00000000000000e-03
46	55	49	52	2.53572000000000e-02	1.00000000000000e-02
47	56	50	53	2.69189000000000e-02	1.00000000000000e-02
48	57	51	54	2.73581000000000e-02	1.00000000000000e-02
49	58	52	55	2.65674000000000e-02	1.00000000000000e-02
50	59	53	56	2.45849000000000e-02	1.00000000000000e-02
51	60	54	57	2.52227000000000e-02	1.00000000000000e-02
52	61	55	58	2.63072000000000e-02	1.00000000000000e-02
53	62	56	59	2.87483000000000e-02	1.00000000000000e-02
54	63	57	60	2.78265000000000e-02	1.00000000000000e-02
55	64	58	61	2.75225000000000e-02	1.00000000000000e-02
56	65	59	62	2.55250000000000e-02	1.00000000000000e-02
57	66	60	63	2.69107000000000e-02	1.00000000000000e-02
58	67	61	64	2.79311000000000e-02	1.00000000000000e-02
59	68	62	65	2.89112000000000e-02	1.00000000000000e-02
60	69	63	66	2.80767000000000e-02	1.00000000000000e-02
61	70	64	67	2.82205000000000e-02	1.00000000000000e-02
62	71	65	68	2.75103000000000e-02	1.00000000000000e-02
63	72	66	69	2.91119000000000e-02	1.00000000000000e-02
64	73	67	70	2.87020000000000e-02	1.00000000000000e-02
65	74	68	71	2.94626000000000e-02	1.00000000000000e-02
66	75	69	72	3.07914000000000e-02	1.00000000000000e-02
67	76	70	73	3.43059000000000e-02	1.00000000000000e-02
68	77	71	74	3.54409000000000e-02	1.00000000000000e-02
69	78	72	75	3.34830000000000e-02	1.00000000000000e-02
70	79	73	76	3.09764000000000e-02	1.00000000000000e-02
71	80	74	77	2.88177000000000e-02	1.00000000000000e-02
72	81	75	78	3.06481000000000e-02	1.00000000000000e-02
73	82	76	79	3.35287000000000e-02	1.00000000000000e-02
74	83	77	80	3.53028000000000e-02	1.00000000000000e-02
75	84	78	81	3.59688000000000e-02	1.00000000000000e-02
76	85	79	82	3.41746000000000e-02	1.00000000000000e-02
77	86	80	83	3.30531000000000e-02	1.00000000000000e-02
78	87	81	84	3.18458000000000e-02	1.00000000000000e-02
79	88	82	85	3.28532000000000e-02	1.00000000000000e-02
80	89	83	86	3.32521000000000e-02	1.00000000000000e-02
81	90	84	87	3.11533000000000e-02	1.00000000000000e-02
82	91	85	88	3.12197000000000e-02	1.00000000000000e-02
83	92	86	89	2.91690000000000e-02	1.00000000000000e-02
84	93	87	90	2.96762000000000e-02	1.00000000000000e-02
85	94	88	91	2.83193000000000e-02	1.00000000000000e-02
86	95	89	92	2.98546000000000e-02	1.00000000000000e-02
1	13	5	9	2.98175000000000e-02	1.00000000000000e-02
2	14	6	10	2.92348000000000e-02	1.00000000000000e-02
3	15	7	11	2.77893000000000e-02	1.00000000000000e-02
4	16	8	12	2.76927000000000e-02	1.00000000000000e-02
5	17	9	13	2.64712000000000e-02	1.00000000000000e-02
6	18	10	14	2.60165000000000e-02	1.00000000000000e-02
7	19	11	15	2.60013000000000e-02	1.00000000000000e-02
8	20	12	16	2.55155000000000e-02	1.00000000000000e-02
9	21	13	17	2.57364000000000e-02	1.00000000000000e-02
10	22	14	18	2.57108000000000e-02	1.00000000000000e-02
11	23	15	19	2.55559000000000e-02	1.00000000000000e-02
12	24	16	20	2.63357000000000e-02	1.00000000000000e-02
13	25	17	21	2.64809000000000e-02	1.00000000000000e-02
14	26	18	22	2.72131000000000e-02	1.00000000000000e-02
15	27	19	23	2.75611000000000e-02	1.00000000000000e-02
16	28	20	24	2.71895000000000e-02	1.00000000000000e-02
17	29	21	25	2.72001000000000e-02	1.00000000000000e-02
18	30	22	26	2.67884000000000e-02	1.00000000000000e-02
19	31	23	27	2.75656000000000e-02	1.00000000000000e-02
20	32	24	28	2.85803000000000e-02	1.00000000000000e-02
21	33	25	29	2.92078000000000e-02	1.00000000000000e-02
22	34	26	30	2.87290000000000e-02	1.00000000000000e-02
23	35	27	31	2.81101000000000e-02	1.00000000000000e-02
24	36	28	32	2.64072000000000e-02	1.00000000000000e-02
37	49	41	45	2.24909000000000e-02	1.00000000000000e-02
38	50	42	46	2.30569000000000e-02	1.00000000000000e-02
39	51	43	47	2.30078000000000e-02	1.00000000000000e-02
40	52	44	48	2.24780000000000e-02	1.00000000000000e-02
41	53	45	49	2.25612000000000e-02	1.00000000000000e-02
42	54	46	50	2.15153000000000e-02	1.00000000000000e-02
43	55	47	51	2.14675000000000e-02	1.00000000000000e-02
44	56	48	52	2.26402000000000e-02	1.00000000000000e-02
45	57	49	53	2.29148000000000e-02	1.00000000000000e-02
46	58	50	54	2.32988000000000e-02	1.00000000000000e-02
47	59	51	55	2.39328000000000e-02	1.00000000000000e-02
48	60	52	56	2.29648000000000e-02	1.00000000000000e-02
49	61	53	57	2.28255000000000e-02	1.00000000000000e-02
50	62	54	58	2.39694000000000e-02	1.00000000000000e-02
51	63	55	59	2.37391000000000e-02	1.00000000000000e-02
52	64	56	60	2.44780000000000e-02	1.00000000000000e-02
53	65	57	61	2.50934000000000e-02	1.00000000000000e-02
54	66	58	62	2.37356000000000e-02	1.00000000000000e-02
55	67	59	63	2.48554000000000e-02	1.00000000000000e-02
56	68	60	64	2.46848000000000e-02	1.00000000000000e-02
57	69	61	65	2.51688000000000e-02	1.00000000000000e-02
58	70	62	66	2.66071000000000e-02	1.00000000000000e-02
59	71	63	67	2.56104000000000e-02	1.00000000000000e-02
60	72	64	68	2.61100000000000e-02	1.00000000000000e-02
61	73	65	69	2.56453000000000e-02	1.00000000000000e-02
62	74	66	70	2.48529000000000e-02	1.00000000000000e-02
63	75	67	71	2.74620000000000e-02	1.00000000000000e-02
64	76	68	72	2.82083000000000e-02	1.00000000000000e-02
65	77	69	73	3.02936000000000e-02	1.00000000000000e-02
66	78	70	74	3.21450000000000e-02	1.00000000000000e-02
67	79	71	75	3.00371000000000e-02	1.00000000000000e-02
68	80	72	76	2.90570000000000e-02	1.00000000000000e-02
69	81	73	77	2.69022000000000e-02	1.00000000000000e-02
70	82	74	78	2.65039000000000e-02	1.00000000000000e-02
71	83	75	79	2.82821000000000e-02	1.00000000000000e-02
72	84	76	80	2.98318000000000e-02	1.00000000000000e-02
73	85	77	81	3.27239000000000e-02	1.00000000000000e-02
74	86	78	82	3.11992000000000e-02	1.00000000000000e-02
75	87	79	83	3.14479000000000e-02	1.00000000000000e-02
76	88	80	84	3.08976000000000e-02	1.00000000000000e-02
77	89	81	85	2.85020000000000e-02	1.00000000000000e-02
78	90	82	86	3.04924000000000e-02	1.00000000000000e-02
79	91	83	87	2.93423000000000e-02	1.00000000000000e-02
80	92	84	88	2.82437000000000e-02	1.00000000000000e-02
81	93	85	89	2.81615000000000e-02	1.00000000000000e-02
82	94	86	90	2.63337000000000e-02	1.00000000000000e-02
83	95	87	91	2.63635000000000e-02	1.00000000000000e-02
1	16	6	11	2.63032000000000e-02	1.00000000000000e-02
2	17	7	12	2.57348000000000e-02	1.00000000000000e-02
3	18	8	13	2.51905000000000e-02	1.00000000000000e-02
4	19	9	14	2.46174000000000e-02	1.00000000000000e-02
5	20	10	15	2.42482000000000e-02	1.00000000000000e-02
6	21	11	16	2.43125000000000e-02	1.00000000000000e-02
7	22	12	17	2.40345000000000e-02	1.00000000000000e-02
8	23	13	18	2.42790000000000e-02	1.00000000000000e-02
9	24	14	19	2.43656000000000e-02	1.00000000000000e-02
10	25	15	20	2.45884000000000e-02	1.00000000000000e-02
11	26	16	21	2.48752000000000e-02	1.00000000000000e-02
12	27	17	22	2.52474000000000e-02	1.00000000000000e-02
13	28	18	23	2.52944000000000e-02	1.00000000000000e-02
14	29	19	24	2.51326000000000e-02	1.00000000000000e-02
15	30	20	25	2.52156000000000e-02	1.00000000000000e-02
16	31	21	26	2.53426000000000e-02	1.00000000000000e-02
17	32	22	27	2.55560000000000e-02	1.00000000000000e-02
18	33	23	28	2.55604000000000e-02	1.00000000000000e-02
19	34	24	29	2.52483000000000e-02	1.00000000000000e-02
20	35	25	30	2.51308000000000e-02	1.00000000000000e-02
21	36	26	31	2.49874000000000e-02	1.00000000000000e-02
37	52	42	47	2.12146000000000e-02	1.00000000000000e-02
38	53	43	48	2.11196000000000e-02	1.00000000000000e-02
39	54	44	49	2.10584000000000e-02	1.00000000000000e-02
40	55	45	50	2.05965000000000e-02	1.00000000000000e-02
41	56	46	51	2.01588000000000e-02	1.00000000000000e-02
42	57	47	52	2.12904000000000e-02	1.00000000000000e-02
43	58	48	53	2.10850000000000e-02	1.00000000000000e-02
44	59	49	54	2.09428000000000e-02	1.00000000000000e-02
45	60	50	55	2.20964000000000e-02	1.00000000000000e-02
46	61	51	56	2.21243000000000e-02	1.00000000000000e-02
47	62	52	57	2.16169000000000e-02	1.00000000000000e-02
48	63	53	58	2.20373000000000e-02	1.00000000000000e-02
49	64	54	59	2.28276000000000e-02	1.00000000000000e-02
50	65	55	60	2.26016000000000e-02	1.00000000000000e-02
51	66	56	61	2.27547000000000e-02	1.00000000000000e-02
52	67	57	62	2.29637000000000e-02	1.00000000000000e-02
53	68	58	63	2.34685000000000e-02	1.00000000000000e-02
54	69	59	64	2.32423000000000e-02	1.00000000000000e-02
55	70	60	65	2.37733000000000e-02	1.00000000000000e-02
56	71	61	66	2.36713000000000e-02	1.00000000000000e-02
57	72	62	67	2.40817000000000e-02	1.00000000000000e-02
58	73	63	68	2.36236000000000e-02	1.00000000000000e-02
59	74	64	69	2.36399000000000e-02	1.00000000000000e-02
60	75	65	70	2.43072000000000e-02	1.00000000000000e-02
61	76	66	71	2.56043000000000e-02	1.00000000000000e-02
62	77	67	72	2.59396000000000e-02	1.00000000000000e-02
63	78	68	73	2.76143000000000e-02	1.00000000000000e-02
64	79	69	74	2.90291000000000e-02	1.00000000000000e-02
65	80	70	75	2.81880000000000e-02	1.00000000000000e-02
66	81	71	76	2.60677000000000e-02	1.00000000000000e-02
67	82	72	77	2.69072000000000e-02	1.00000000000000e-02
68	83	73	78	2.58730000000000e-02	1.00000000000000e-02
69	84	74	79	2.45720000000000e-02	1.00000000000000e-02
70	85	75	80	2.66917000000000e-02	1.00000000000000e-02
71	86	76	81	2.90080000000000e-02	1.00000000000000e-02
72	87	77	82	2.85307000000000e-02	1.00000000000000e-02
73	88	78	83	2.91728000000000e-02	1.00000000000000e-02
74	89	79	84	3.04625000000000e-02	1.00000000000000e-02
75	90	80	85	2.88097000000000e-02	1.00000000000000e-02
76	91	81	86	2.76219000000000e-02	1.00000000000000e-02
77	92	82	87	2.74580000000000e-02	1.00000000000000e-02
78	93	83	88	2.69113000000000e-02	1.00000000000000e-02
79	94	84	89	2.56141000000000e-02	1.00000000000000e-02
80	95	85	90	2.58566000000000e-02	1.00000000000000e-02
1	19	7	13	2.37034000000000e-02	1.00000000000000e-02
2	20	8	14	2.36221000000000e-02	1.00000000000000e-02
3	21	9	15	2.32000000000000e-02	1.00000000000000e-02
4	22	10	16	2.28080000000000e-02	1.00000000000000e-02
5	23	11	17	2.28301000000000e-02	1.00000000000000e-02
6	24	12	18	2.28226000000000e-02	1.00000000000000e-02
7	25	13	19	2.31893000000000e-02	1.00000000000000e-02
8	26	14	20	2.33866000000000e-02	1.00000000000000e-02
9	27	15	21	2.33840000000000e-02	1.00000000000000e-02
10	28	16	22	2.36843000000000e-02	1.00000000000000e-02
11	29	17	23	2.40542000000000e-02	1.00000000000000e-02
12	30	18	24	2.40301000000000e-02	1.00000000000000e-02
13	31	19	25	2.39045000000000e-02	1.00000000000000e-02
14	32	20	26	2.36838000000000e-02	1.00000000000000e-02
15	33	21	27	2.41962000000000e-02	1.00000000000000e-02
16	34	22	28	2.38037000000000e-02	1.00000000000000e-02
17	35	23	29	2.32799000000000e-02	1.00000000000000e-02
18	36	24	30	2.30145000000000e-02	1.00000000000000e-02
24	37	30	36	2.16748000000000e-02	1.00000000000000e-02
30	43	36	37	2.18563000000000e-02	1.00000000000000e-02
36	49	37	43	1.81970000000000e-02	1.00000000000000e-02
37	55	43	49	2.05291000000000e-02	1.00000000000000e-02
38	56	44	50	1.96058000000000e-02	1.00000000000000e-02
39	57	45	51	1.97734000000000e-02	1.00000000000000e-02
40	58	46	52	2.00617000000000e-02	1.00000000000000e-02
41	59	47	53	2.01381000000000e-02	1.00000000000000e-02
42	60	48	54	1.98408000000000e-02	1.00000000000000e-02
43	61	49	55	2.03820000000000e-02	1.00000000000000e-02
44	62	50	56	2.09077000000000e-02	1.00000000000000e-02
45	63	51	57	2.10245000000000e-02	1.00000000000000e-02
46	64	52	58	2.10971000000000e-02	1.00000000000000e-02
47	65	53	59	2.14601000000000e-02	1.00000000000000e-02
48	66	54	60	2.16149000000000e-02	1.00000000000000e-02
49	67	55	61	2.18313000000000e-02	1.00000000000000e-02
50	68	56	62	2.15535000000000e-02	1.00000000000000e-02
51	69	57	63	2.21917000000000e-02	1.00000000000000e-02
52	70	58	64	2.24572000000000e-02	1.00000000000000e-02
53	71	59	65	2.22271000000000e-02	1.00000000000000e-02
54	72	60	66	2.23387000000000e-02	1.00000000000000e-02
55	73	61	67	2.23542000000000e-02	1.00000000000000e-02
56	74	62	68	2.23792000000000e-02	1.00000000000000e-02
57	75	63	69	2.24213000000000e-02	1.00000000000000e-02
58	76	64	70	2.31504000000000e-02	1.00000000000000e-02
59	77	65	71	2.40053000000000e-02	1.00000000000000e-02
60	78	66	72	2.43345000000000e-02	1.00000000000000e-02
61	79	67	73	2.58395000000000e-02	1.00000000000000e-02
62	80	68	74	2.64245000000000e-02	1.00000000000000e-02
63	81	69	75	2.52756000000000e-02	1.00000000000000e-02
64	82	70	76	2.52655000000000e-02	1.00000000000000e-02
65	83	71	77	2.51508000000000e-02	1.00000000000000e-02
66	84	72	78	2.50051000000000e-02	1.00000000000000e-02
67	85	73	79	2.45561000000000e-02	1.00000000000000e-02
68	86	74	80	2.39796000000000e-02	1.00000000000000e-02
69	87	75	81	2.64474000000000e-02	1.00000000000000e-02
70	88	76	82	2.61609000000000e-02	1.00000000000000e-02
71	89	77	83	2.71514000000000e-02	1.00000000000000e-02
72	90	78	84	2.77186000000000e-02	1.00000000000000e-02
73	91	79	85	2.81022000000000e-02	1.00000000000000e-02
74	92	80	86	2.79745000000000e-02	1.00000000000000e-02
75	93	81	87	2.52725000000000e-02	1.00000000000000e-02
76	94	82	88	2.57473000000000e-02	1.00000000000000e-02
77	95	83	89	2.48986000000000e-02	1.00000000000000e-02
1	22	8	15	2.22612000000000e-02	1.00000000000000e-02
2	23	9	16	2.16281000000000e-02	1.00000000000000e-02
3	24	10	17	2.15699000000000e-02	1.00000000000000e-02
4	25	11	18	2.17255000000000e-02	1.00000000000000e-02
5	26	12	19	2.18498000000000e-02	1.00000000000000e-02
6	27	13	20	2.20878000000000e-02	1.00000000000000e-02
7	28	14	21	2.21398000000000e-02	1.00000000000000e-02
8	29	15	22	2.23354000000000e-02	1.00000000000000e-02
9	30	16	23	2.28629000000000e-02	1.00000000000000e-02
10	31	17	24	2.30422000000000e-02	1.00000000000000e-02
11	32	18	25	2.29837000000000e-02	1.00000000000000e-02
12	33	19	26	2.28074000000000e-02	1.00000000000000e-02
13	34	20	27	2.24587000000000e-02	1.00000000000000e-02
14	35	21	28	2.26845000000000e-02	1.00000000000000e-02
15	36	22	29	2.23803000000000e-02	1.00000000000000e-02
21	37	28	35	2.05453000000000e-02	1.00000000000000e-02
22	38	29	36	2.09106000000000e-02	1.00000000000000e-02
28	44	35	37	2.11221000000000e-02	1.00000000000000e-02
29	45	36	38	2.00716000000000e-02	1.00000000000000e-02
35	51	37	44	1.80884000000000e-02	1.00000000000000e-02
36	52	38	45	1.85890000000000e-02	1.00000000000000e-02
37	58	44	51	1.90172000000000e-02	1.00000000000000e-02
38	59	45	52	1.92537000000000e-02	1.00000000000000e-02
39	60	46	53	1.94401000000000e-02	1.00000000000000e-02
40	61	47	54	1.95468000000000e-02	1.00000000000000e-02
41	62	48	55	1.98118000000000e-02	1.00000000000000e-02
42	63	49	56	1.94909000000000e-02	1.00000000000000e-02
43	64	50	57	1.99324000000000e-02	1.00000000000000e-02
44	65	51	58	2.05659000000000e-02	1.00000000000000e-02
45	66	52	59	2.03844000000000e-02	1.00000000000000e-02
46	67	53	60	2.06852000000000e-02	1.00000000000000e-02
47	68	54	61	2.07560000000000e-02	1.00000000000000e-02
48	69	55	62	2.05965000000000e-02	1.00000000000000e-02
49	70	56	63	2.14180000000000e-02	1.00000000000000e-02
50	71	57	64	2.14607000000000e-02	1.00000000000000e-02
51	72	58	65	2.10464000000000e-02	1.00000000000000e-02
52	73	59	66	2.10718000000000e-02	1.00000000000000e-02
53	74	60	67	2.07984000000000e-02	1.00000000000000e-02
54	75	61	68	2.12210000000000e-02	1.00000000000000e-02
55	76	62	69	2.21197000000000e-02	1.00000000000000e-02
56	77	63	70	2.17697000000000e-02	1.00000000000000e-02
57	78	64	71	2.24138000000000e-02	1.00000000000000e-02
58	79	65	72	2.29184000000000e-02	1.00000000000000e-02
59	80	66	73	2.35400000000000e-02	1.00000000000000e-02
60	81	67	74	2.42276000000000e-02	1.00000000000000e-02
61	82	68	75	2.37985000000000e-02	1.00000000000000e-02
62	83	69	76	2.34111000000000e-02	1.00000000000000e-02
63	84	70	77	2.36795000000000e-02	1.00000000000000e-02
64	85	71	78	2.37660000000000e-02	1.00000000000000e-02
65	86	72	79	2.41452000000000e-02	1.00000000000000e-02
66	87	73	80	2.37256000000000e-02	1.00000000000000e-02
67	88	74	81	2.42686000000000e-02	1.00000000000000e-02
68	89	75	82	2.45089000000000e-02	1.00000000000000e-02
69	90	76	83	2.54157000000000e-02	1.00000000000000e-02
70	91	77	84	2.59559000000000e-02	1.00000000000000e-02
71	92	78	85	2.59509000000000e-02	1.00000000000000e-02
72	93	79	86	2.59575000000000e-02	1.00000000000000e-02
73	94	80	87	2.53294000000000e-02	1.00000000000000e-02
74	95	81	88	2.45783000000000e-02	1.00000000000000e-02
1	25	9	17	2.04176000000000e-02	1.00000000000000e-02
2	26	10	18	2.03394000000000e-02	1.00000000000000e-02
3	27	11	19	2.04598000000000e-02	1.00000000000000e-02
4	28	12	20	2.05302000000000e-02	1.00000000000000e-02
5	29	13	21	2.10286000000000e-02	1.00000000000000e-02
6	30	14	22	2.14430000000000e-02	1.00000000000000e-02
7	31	15	23	2.18363000000000e-02	1.00000000000000e-02
8	32	16	24	2.19881000000000e-02	1.00000000000000e-02
9	33	17	25	2.19976000000000e-02	1.00000000000000e-02
10	34	18	26	2.14871000000000e-02	1.00000000000000e-02
11	35	19	27	2.17500000000000e-02	1.00000000000000e-02
12	36	20	28	2.16450000000000e-02	1.00000000000000e-02
18	37	26	34	2.03034000000000e-02	1.00000000000000e-02
19	38	27	35	2.03795000000000e-02	1.00000000000000e-02
20	39	28	36	2.03203000000000e-02	1.00000000000000e-02
26	45	34	37	1.99675000000000e-02	1.00000000000000e-02
27	46	35	38	1.92554000000000e-02	1.00000000000000e-02
28	47	36	39	1.95024000000000e-02	1.00000000000000e-02
34	53	37	45	1.74761000000000e-02	1.00000000000000e-02
35	54	38	46	1.82586000000000e-02	1.00000000000000e-02
36	55	39	47	1.79382000000000e-02	1.00000000000000e-02
37	61	45	53	1.90008000000000e-02	1.00000000000000e-02
38	62	46	54	1.88331000000000e-02	1.00000000000000e-02
39	63	47	55	1.93607000000000e-02	1.00000000000000e-02
40	64	48	56	1.86133000000000e-02	1.00000000000000e-02
41	65	49	57	1.89275000000000e-02	1.00000000000000e-02
42	66	50	58	1.92435000000000e-02	1.00000000000000e-02
43	67	51	59	1.98381000000000e-02	1.00000000000000e-02
44	68	52	60	1.96451000000000e-02	1.00000000000000e-02
45	69	53	61	2.00365000000000e-02	1.00000000000000e-02
46	70	54	62	2.01908000000000e-02	1.00000000000000e-02
47	71	55	63	2.01658000000000e-02	1.00000000000000e-02
48	72	56	64	2.05677000000000e-02	1.00000000000000e-02
49	73	57	65	2.01007000000000e-02	1.00000000000000e-02
50	74	58	66	1.98267000000000e-02	1.00000000000000e-02
51	75	59	67	1.98377000000000e-02	1.00000000000000e-02
52	76	60	68	2.06189000000000e-02	1.00000000000000e-02
53	77	61	69	2.06212000000000e-02	1.00000000000000e-02
54	78	62	70	2.10086000000000e-02	1.00000000000000e-02
55	79	63	71	2.13098000000000e-02	1.00000000000000e-02
56	80	64	72	2.15697000000000e-02	1.00000000000000e-02
57	81	65	73	2.19463000000000e-02	1.00000000000000e-02
58	82	66	74	2.29522000000000e-02	1.00000000000000e-02
59	83	67	75	2.23852000000000e-02	1.00000000000000e-02
60	84	68	76	2.22581000000000e-02	1.00000000000000e-02
61	85	69	77	2.22949000000000e-02	1.00000000000000e-02
62	86	70	78	2.27275000000000e-02	1.00000000000000e-02
63	87	71	79	2.29524000000000e-02	1.00000000000000e-02
64	88	72	80	2.32836000000000e-02	1.00000000000000e-02
65	89	73	81	2.38073000000000e-02	1.00000000000000e-02
66	90	74	82	2.25539000000000e-02	1.00000000000000e-02
67	91	75	83	2.40541000000000e-02	1.00000000000000e-02
68	92	76	84	2.45393000000000e-02	1.00000000000000e-02
69	93	77	85	2.43119000000000e-02	1.00000000000000e-02
70	94	78	86	2.44638000000000e-02	1.00000000000000e-02
71	95	79	87	2.39769000000000e-02	1.00000000000000e-02
1	28	10	19	1.93025000000000e-02	1.00000000000000e-02
2	29	11	20	1.97673000000000e-02	1.00000000000000e-02
3	30	12	21	1.97569000000000e-02	1.00000000000000e-02
4	31	13	22	2.03290000000000e-02	1.00000000000000e-02
5	32	14	23	2.04338000000000e-02	1.00000000000000e-02
6	33	15	24	2.08729000000000e-02	1.00000000000000e-02
7	34	16	25	2.04948000000000e-02	1.00000000000000e-02
8	35	17	26	2.05369000000000e-02	1.00000000000000e-02
9	36	18	27	2.10928000000000e-02	1.00000000000000e-02
15	37	24	33	1.98337000000000e-02	1.00000000000000e-02
16	38	25	34	1.97799000000000e-02	1.00000000000000e-02
17	39	26	35	1.96505000000000e-02	1.00000000000000e-02
18	40	27	36	1.98941000000000e-02	1.00000000000000e-02
24	46	33	37	1.98640000000000e-02	1.00000000000000e-02
25	47	34	38	1.84792000000000e-02	1.00000000000000e-02
26	48	35	39	1.85003000000000e-02	1.00000000000000e-02
27	49	36	40	1.82773000000000e-02	1.00000000000000e-02
33	55	37	46	1.72217000000000e-02	1.00000000000000e-02
34	56	38	47	1.76721000000000e-02	1.00000000000000e-02
35	57	39	48	1.77321000000000e-02	1.00000000000000e-02
36	58	40	49	1.80033000000000e-02	1.00000000000000e-02
37	64	46	55	1.84648000000000e-02	1.00000000000000e-02
38	65	47	56	1.85258000000000e-02	1.00000000000000e-02
39	66	48	57	1.82913000000000e-02	1.00000000000000e-02
40	67	49	58	1.87268000000000e-02	1.00000000000000e-02
41	68	50	59	1.91746000000000e-02	1.00000000000000e-02
42	69	51	60	1.92530000000000e-02	1.00000000000000e-02
43	70	52	61	1.91325000000000e-02	1.00000000000000e-02
44	71	53	62	1.87607000000000e-02	1.00000000000000e-02
45	72	54	63	1.94191000000000e-02	1.00000000000000e-02
46	73	55	64	1.92266000000000e-02	1.00000000000000e-02
47	74	56	65	1.92377000000000e-02	1.00000000000000e-02
48	75	57	66	1.93575000000000e-02	1.00000000000000e-02
49	76	58	67	1.94549000000000e-02	1.00000000000000e-02
50	77	59	68	1.95271000000000e-02	1.00000000000000e-02
51	78	60	69	1.96717000000000e-02	1.00000000000000e-02
52	79	61	70	2.00462000000000e-02	1.00000000000000e-02
53	80	62	71	2.02555000000000e-02	1.00000000000000e-02
54	81	63	72	1.98268000000000e-02	1.00000000000000e-02
55	82	64	73	2.11290000000000e-02	1.00000000000000e-02
56	83	65	74	2.15619000000000e-02	1.00000000000000e-02
57	84	66	75	2.07995000000000e-02	1.00000000000000e-02
58	85	67	76	2.10410000000000e-02	1.00000000000000e-02
59	86	68	77	2.10237000000000e-02	1.00000000000000e-02
60	87	69	78	2.17069000000000e-02	1.00000000000000e-02
61	88	70	79	2.19049000000000e-02	1.00000000000000e-02
62	89	71	80	2.21354000000000e-02	1.00000000000000e-02
63	90	72	81	2.31797000000000e-02	1.00000000000000e-02
64	91	73	82	2.24774000000000e-02	1.00000000000000e-02
65	92	74	83	2.22313000000000e-02	1.00000000000000e-02
66	93	75	84	2.26639000000000e-02	1.00000000000000e-02
67	94	76	85	2.31567000000000e-02	1.00000000000000e-02
68	95	77	86	2.33641000000000e-02	1.00000000000000e-02
1	31	11	21	1.89472000000000e-02	1.00000000000000e-02
2	32	12	22	1.89309000000000e-02	1.00000000000000e-02
3	33	13	23	1.98102000000000e-02	1.00000000000000e-02
4	34	14	24	1.92872000000000e-02	1.00000000000000e-02
5	35	15	25	1.95651000000000e-02	1.00000000000000e-02
6	36	16	26	1.95109000000000e-02	1.00000000000000e-02
12	37	22	32	1.95647000000000e-02	1.00000000000000e-02
13	38	23	33	1.93983000000000e-02	1.00000000000000e-02
14	39	24	34	1.96794000000000e-02	1.00000000000000e-02
15	40	25	35	1.93812000000000e-02	1.00000000000000e-02
16	41	26	36	1.94754000000000e-02	1.00000000000000e-02
22	47	32	37	1.90486000000000e-02	1.00000000000000e-02
23	48	33	38	1.86082000000000e-02	1.00000000000000e-02
24	49	34	39	1.81002000000000e-02	1.00000000000000e-02
25	50	35	40	1.78152000000000e-02	1.00000000000000e-02
26	51	36	41	1.76868000000000e-02	1.00000000000000e-02
32	57	37	47	1.67299000000000e-02	1.00000000000000e-02
33	58	38	48	1.72671000000000e-02	1.00000000000000e-02
34	59	39	49	1.71849000000000e-02	1.00000000000000e-02
35	60	40	50	1.71538000000000e-02	1.00000000000000e-02
36	61	41	51	1.70663000000000e-02	1.00000000000000e-02
37	67	47	57	1.81161000000000e-02	1.00000000000000e-02
38	68	48	58	1.79413000000000e-02	1.00000000000000e-02
39	69	49	59	1.81776000000000e-02	1.00000000000000e-02
40	70	50	60	1.85108000000000e-02	1.00000000000000e-02
41	71	51	61	1.86185000000000e-02	1.00000000000000e-02
42	72	52	62	1.81667000000000e-02	1.00000000000000e-02
43	73	53	63	1.80356000000000e-02	1.00000000000000e-02
44	74	54	64	1.83012000000000e-02	1.00000000000000e-02
45	75	55	65	1.84828000000000e-02	1.00000000000000e-02
46	76	56	66	1.87535000000000e-02	1.00000000000000e-02
47	77	57	67	1.88411000000000e-02	1.00000000000000e-02
48	78	58	68	1.86799000000000e-02	1.00000000000000e-02
49	79	59	69	1.90565000000000e-02	1.00000000000000e-02
50	80	60	70	1.89661000000000e-02	1.00000000000000e-02
51	81	61	71	1.89469000000000e-02	1.00000000000000e-02
52	82	62	72	1.96396000000000e-02	1.00000000000000e-02
53	83	63	73	1.97697000000000e-02	1.00000000000000e-02
54	84	64	74	2.03115000000000e-02	1.00000000000000e-02
55	85	65	75	1.98266000000000e-02	1.00000000000000e-02
56	86	66	76	1.93670000000000e-02	1.00000000000000e-02
57	87	67	77	1.99965000000000e-02	1.00000000000000e-02
58	88	68	78	2.04319000000000e-02	1.00000000000000e-02
59	89	69	79	2.09021000000000e-02	1.00000000000000e-02
60	90	70	80	2.17092000000000e-02	1.00000000000000e-02
61	91	71	81	2.22521000000000e-02	1.00000000000000e-02
62	92	72	82	2.16768000000000e-02	1.00000000000000e-02
63	93	73	83	2.14050000000000e-02	1.00000000000000e-02
64	94	74	84	2.12407000000000e-02	1.00000000000000e-02
65	95	75	85	2.19215000000000e-02	1.00000000000000e-02
1	34	12	23	1.82923000000000e-02	1.00000000000000e-02
2	35	13	24	1.83305000000000e-02	1.00000000000000e-02
3	36	14	25	1.86308000000000e-02	1.00000000000000e-02
9	37	20	31	1.90600000000000e-02	1.00000000000000e-02
10	38	21	32	1.92059000000000e-02	1.00000000000000e-02
11	39	22	33	1.87875000000000e-02	1.00000000000000e-02
12	40	23	34	1.93148000000000e-02	1.00000000000000e-02
13	41	24	35	1.86732000000000e-02	1.00000000000000e-02
14	42	25	36	1.90605000000000e-02	1.00000000000000e-02
20	48	31	37	1.81803000000000e-02	1.00000000000000e-02
21	49	32	38	1.76044000000000e-02	1.00000000000000e-02
22	50	33	39	1.79198000000000e-02	1.00000000000000e-02
23	51	34	40	1.75943000000000e-02	1.00000000000000e-02
24	52	35	41	1.71391000000000e-02	1.00000000000000e-02
25	53	36	42	1.69570000000000e-02	1.00000000000000e-02
31	59	37	48	1.63212000000000e-02	1.00000000000000e-02
32	60	38	49	1.66249000000000e-02	1.00000000000000e-02
33	61	39	50	1.64382000000000e-02	1.00000000000000e-02
34	62	40	51	1.65404000000000e-02	1.00000000000000e-02
35	63	41	52	1.65837000000000e-02	1.00000000000000e-02
36	64	42	53	1.70032000000000e-02	1.00000000000000e-02
37	70	48	59	1.76590000000000e-02	1.00000000000000e-02
38	71	49	60	1.76939000000000e-02	1.00000000000000e-02
39	72	50	61	1.79545000000000e-02	1.00000000000000e-02
40	73	51	62	1.76337000000000e-02	1.00000000000000e-02
41	74	52	63	1.76044000000000e-02	1.00000000000000e-02
42	75	53	64	1.76257000000000e-02	1.00000000000000e-02
43	76	54	65	1.81178000000000e-02	1.00000000000000e-02
44	77	55	66	1.79926000000000e-02	1.00000000000000e-02
45	78	56	67	1.81001000000000e-02	1.00000000000000e-02
46	79	57	68	1.81947000000000e-02	1.00000000000000e-02
47	80	58	69	1.80264000000000e-02	1.00000000000000e-02
48	81	59	70	1.75884000000000e-02	1.00000000000000e-02
49	82	60	71	1.83004000000000e-02	1.00000000000000e-02
50	83	61	72	1.83772000000000e-02	1.00000000000000e-02
51	84	62	73	1.89022000000000e-02	1.00000000000000e-02
52	85	63	74	1.95085000000000e-02	1.00000000000000e-02
53	86	64	75	1.89810000000000e-02	1.00000000000000e-02
54	87	65	76	1.90883000000000e-02	1.00000000000000e-02
55	88	66	77	1.91118000000000e-02	1.00000000000000e-02
56	89	67	78	1.96061000000000e-02	1.00000000000000e-02
57	90	68	79	1.99222000000000e-02	1.00000000000000e-02
58	91	69	80	2.05572000000000e-02	1.00000000000000e-02
59	92	70	81	2.13291000000000e-02	1.00000000000000e-02
60	93	71	82	2.07921000000000e-02	1.00000000000000e-02
61	94	72	83	2.08181000000000e-02	1.00000000000000e-02
62	95	73	84	2.08764000000000e-02	1.00000000000000e-02
6	37	18	30	1.85472000000000e-02	1.00000000000000e-02
7	38	19	31	1.87525000000000e-02	1.00000000000000e-02
8	39	20	32	1.87350000000000e-02	1.00000000000000e-02
9	40	21	33	1.88563000000000e-02	1.00000000000000e-02
10	41	22	34	1.88893000000000e-02	1.00000000000000e-02
11	42	23	35	1.86990000000000e-02	1.00000000000000e-02
12	43	24	36	1.86763000000000e-02	1.00000000000000e-02
18	49	30	37	1.74984000000000e-02	1.00000000000000e-02
19	50	31	38	1.73494000000000e-02	1.00000000000000e-02
20	51	32	39	1.73484000000000e-02	1.00000000000000e-02
21	52	33	40	1.71311000000000e-02	1.00000000000000e-02
22	53	34	41	1.67759000000000e-02	1.00000000000000e-02
23	54	35	42	1.66123000000000e-02	1.00000000000000e-02
24	55	36	43	1.63154000000000e-02	1.00000000000000e-02
30	61	37	49	1.61036000000000e-02	1.00000000000000e-02
31	62	38	50	1.63735000000000e-02	1.00000000000000e-02
32	63	39	51	1.59591000000000e-02	1.00000000000000e-02
33	64	40	52	1.64315000000000e-02	1.00000000000000e-02
34	65	41	53	1.66530000000000e-02	1.00000000000000e-02
35	66	42	54	1.66218000000000e-02	1.00000000000000e-02
36	67	43	55	1.69171000000000e-02	1.00000000000000e-02
37	73	49	61	1.69351000000000e-02	1.00000000000000e-02
38	74	50	62	1.67347000000000e-02	1.00000000000000e-02
39	75	51	63	1.72780000000000e-02	1.00000000000000e-02
40	76	52	64	1.73334000000000e-02	1.00000000000000e-02
41	77	53	65	1.70682000000000e-02	1.00000000000000e-02
42	78	54	66	1.72418000000000e-02	1.00000000000000e-02
43	79	55	67	1.72286000000000e-02	1.00000000000000e-02
44	80	56	68	1.73089000000000e-02	1.00000000000000e-02
45	81	57	69	1.72283000000000e-02	1.00000000000000e-02
46	82	58	70	1.73675000000000e-02	1.00000000000000e-02
47	83	59	71	1.73705000000000e-02	1.00000000000000e-02
48	84	60	72	1.76201000000000e-02	1.00000000000000e-02
49	85	61	73	1.81972000000000e-02	1.00000000000000e-02
50	86	62	74	1.87100000000000e-02	1.00000000000000e-02
51	87	63	75	1.82636000000000e-02	1.00000000000000e-02
52	88	64	76	1.82370000000000e-02	1.00000000000000e-02
53	89	65	77	1.88246000000000e-02	1.00000000000000e-02
54	90	66	78	1.87893000000000e-02	1.00000000000000e-02
55	91	67	79	1.93242000000000e-02	1.00000000000000e-02
56	92	68	80	1.96756000000000e-02	1.00000000000000e-02
57	93	69	81	2.02972000000000e-02	1.00000000000000e-02
58	94	70	82	1.98635000000000e-02	1.00000000000000e-02
59	95	71	83	2.00508000000000e-02	1.00000000000000e-02
3	37	16	29	1.73835000000000e-02	1.00000000000000e-02
4	38	17	30	1.79210000000000e-02	1.00000000000000e-02
5	39	18	31	1.81746000000000e-02	1.00000000000000e-02
6	40	19	32	1.83500000000000e-02	1.00000000000000e-02
7	41	20	33	1.85147000000000e-02	1.00000000000000e-02
8	42	21	34	1.83716000000000e-02	1.00000000000000e-02
9	43	22	35	1.84178000000000e-02	1.00000000000000e-02
10	44	23	36	1.83398000000000e-02	1.00000000000000e-02
16	50	29	37	1.74740000000000e-02	1.00000000000000e-02
17	51	30	38	1.71227000000000e-02	1.00000000000000e-02
18	52	31	39	1.69401000000000e-02	1.00000000000000e-02
19	53	32	40	1.67975000000000e-02	1.00000000000000e-02
20	54	33	41	1.64065000000000e-02	1.00000000000000e-02
21	55	34	42	1.59574000000000e-02	1.00000000000000e-02
22	56	35	43	1.59452000000000e-02	1.00000000000000e-02
23	57	36	44	1.59903000000000e-02	1.00000000000000e-02
29	63	37	50	1.53807000000000e-02	1.00000000000000e-02
30	64	38	51	1.55142000000000e-02	1.00000000000000e-02
31	65	39	52	1.58961000000000e-02	1.00000000000000e-02
32	66	40	53	1.59821000000000e-02	1.00000000000000e-02
33	67	41	54	1.59974000000000e-02	1.00000000000000e-02
34	68	42	55	1.62660000000000e-02	1.00000000000000e-02
35	69	43	56	1.61153000000000e-02	1.00000000000000e-02
36	70	44	57	1.61685000000000e-02	1.00000000000000e-02
37	76	50	63	1.70357000000000e-02	1.00000000000000e-02
38	77	51	64	1.68857000000000e-02	1.00000000000000e-02
39	78	52	65	1.67277000000000e-02	1.00000000000000e-02
40	79	53	66	1.66974000000000e-02	1.00000000000000e-02
41	80	54	67	1.66202000000000e-02	1.00000000000000e-02
42	81	55	68	1.62311000000000e-02	1.00000000000000e-02
43	82	56	69	1.65739000000000e-02	1.00000000000000e-02
44	83	57	70	1.65887000000000e-02	1.00000000000000e-02
45	84	58	71	1.66220000000000e-02	1.00000000000000e-02
46	85	59	72	1.69197000000000e-02	1.00000000000000e-02
47	86	60	73	1.71816000000000e-02	1.00000000000000e-02
48	87	61	74	1.80445000000000e-02	1.00000000000000e-02
49	88	62	75	1.78818000000000e-02	1.00000000000000e-02
50	89	63	76	1.78253000000000e-02	1.00000000000000e-02
51	90	64	77	1.76834000000000e-02	1.00000000000000e-02
52	91	65	78	1.82490000000000e-02	1.00000000000000e-02
53	92	66	79	1.84832000000000e-02	1.00000000000000e-02
54	93	67	80	1.89693000000000e-02	1.00000000000000e-02
55	94	68	81	1.88920000000000e-02	1.00000000000000e-02
56	95	69	82	1.90505000000000e-02	1.00000000000000e-02
1	38	15	29	1.69911000000000e-02	1.00000000000000e-02
2	39	16	30	1.72507000000000e-02	1.00000000000000e-02
3	40	17	31	1.76156000000000e-02	1.00000000000000e-02
4	41	18	32	1.76027000000000e-02	1.00000000000000e-02
5	42	19	33	1.76798000000000e-02	1.00000000000000e-02
6	43	20	34	1.79642000000000e-02	1.00000000000000e-02
7	44	21	35	1.79629000000000e-02	1.00000000000000e-02
8	45	22	36	1.79588000000000e-02	1.00000000000000e-02
14	51	28	37	1.71580000000000e-02	1.00000000000000e-02
15	52	29	38	1.65511000000000e-02	1.00000000000000e-02
16	53	30	39	1.62489000000000e-02	1.00000000000000e-02
17	54	31	40	1.62316000000000e-02	1.00000000000000e-02
18	55	32	41	1.59645000000000e-02	1.00000000000000e-02
19	56	33	42	1.58890000000000e-02	1.00000000000000e-02
20	57	34	43	1.56233000000000e-02	1.00000000000000e-02
21	58	35	44	1.56207000000000e-02	1.00000000000000e-02
22	59	36	45	1.55345000000000e-02	1.00000000000000e-02
28	65	37	51	1.49836000000000e-02	1.00000000000000e-02
29	66	38	52	1.54989000000000e-02	1.00000000000000e-02
30	67	39	53	1.56037000000000e-02	1.00000000000000e-02
31	68	40	54	1.57152000000000e-02	1.00000000000000e-02
32	69	41	55	1.56302000000000e-02	1.00000000000000e-02
33	70	42	56	1.58508000000000e-02	1.00000000000000e-02
34	71	43	57	1.58883000000000e-02	1.00000000000000e-02
35	72	44	58	1.58351000000000e-02	1.00000000000000e-02
36	73	45	59	1.58812000000000e-02	1.00000000000000e-02
37	79	51	65	1.63657000000000e-02	1.00000000000000e-02
38	80	52	66	1.62023000000000e-02	1.00000000000000e-02
39	81	53	67	1.56509000000000e-02	1.00000000000000e-02
40	82	54	68	1.61148000000000e-02	1.00000000000000e-02
41	83	55	69	1.58329000000000e-02	1.00000000000000e-02
42	84	56	70	1.58598000000000e-02	1.00000000000000e-02
43	85	57	71	1.62268000000000e-02	1.00000000000000e-02
44	86	58	72	1.62879000000000e-02	1.00000000000000e-02
45	87	59	73	1.66681000000000e-02	1.00000000000000e-02
46	88	60	74	1.72300000000000e-02	1.00000000000000e-02
47	89	61	75	1.70710000000000e-02	1.00000000000000e-02
48	90	62	76	1.70814000000000e-02	1.00000000000000e-02
49	91	63	77	1.71916000000000e-02	1.00000000000000e-02
50	92	64	78	1.72848000000000e-02	1.00000000000000e-02
51	93	65	79	1.73840000000000e-02	1.00000000000000e-02
52	94	66	80	1.78458000000000e-02	1.00000000000000e-02
53	95	67	81	1.83678000000000e-02	1.00000000000000e-02
1	41	16	31	1.66079000000000e-02	1.00000000000000e-02
2	42	17	32	1.67523000000000e-02	1.00000000000000e-02
3	43	18	33	1.70402000000000e-02	1.00000000000000e-02
4	44	19	34	1.71694000000000e-02	1.00000000000000e-02
5	45	20	35	1.71435000000000e-02	1.00000000000000e-02
6	46	21	36	1.71614000000000e-02	1.00000000000000e-02
12	52	27	37	1.69060000000000e-02	1.00000000000000e-02
13	53	28	38	1.61132000000000e-02	1.00000000000000e-02
14	54	29	39	1.61058000000000e-02	1.00000000000000e-02
15	55	30	40	1.59111000000000e-02	1.00000000000000e-02
16	56	31	41	1.57262000000000e-02	1.00000000000000e-02
17	57	32	42	1.54809000000000e-02	1.00000000000000e-02
18	58	33	43	1.53947000000000e-02	1.00000000000000e-02
19	59	34	44	1.50992000000000e-02	1.00000000000000e-02
20	60	35	45	1.51713000000000e-02	1.00000000000000e-02
21	61	36	46	1.49838000000000e-02	1.00000000000000e-02
27	67	37	52	1.48038000000000e-02	1.00000000000000e-02
28	68	38	53	1.51187000000000e-02	1.00000000000000e-02
29	69	39	54	1.49580000000000e-02	1.00000000000000e-02
30	70	40	55	1.53030000000000e-02	1.00000000000000e-02
31	71	41	56	1.49529000000000e-02	1.00000000000000e-02
32	72	42	57	1.51815000000000e-02	1.00000000000000e-02
33	73	43	58	1.52864000000000e-02	1.00000000000000e-02
34	74	44	59	1.53601000000000e-02	1.00000000000000e-02
35	75	45	60	1.53774000000000e-02	1.00000000000000e-02
36	76	46	61	1.53897000000000e-02	1.00000000000000e-02
37	82	52	67	1.55767000000000e-02	1.00000000000000e-02
38	83	53	68	1.53869000000000e-02	1.00000000000000e-02
39	84	54	69	1.56634000000000e-02	1.00000000000000e-02
40	85	55	70	1.52412000000000e-02	1.00000000000000e-02
41	86	56	71	1.55753000000000e-02	1.00000000000000e-02
42	87	57	72	1.61745000000000e-02	1.00000000000000e-02
43	88	58	73	1.62333000000000e-02	1.00000000000000e-02
44	89	59	74	1.69468000000000e-02	1.00000000000000e-02
45	90	60	75	1.66146000000000e-02	1.00000000000000e-02
46	91	61	76	1.68567000000000e-02	1.00000000000000e-02
47	92	62	77	1.70981000000000e-02	1.00000000000000e-02
48	93	63	78	1.69836000000000e-02	1.00000000000000e-02
49	94	64	79	1.65892000000000e-02	1.00000000000000e-02
50	95	65	80	1.70743000000000e-02	1.00000000000000e-02
1	44	17	33	1.59621000000000e-02	1.00000000000000e-02
2	45	18	34	1.65985000000000e-02	1.00000000000000e-02
3	46	19	35	1.66546000000000e-02	1.00000000000000e-02
4	47	20	36	1.66862000000000e-02	1.00000000000000e-02
10	53	26	37	1.67060000000000e-02	1.00000000000000e-02
11	54	27	38	1.59960000000000e-02	1.00000000000000e-02
12	55	28	39	1.54132000000000e-02	1.00000000000000e-02
13	56	29	40	1.57197000000000e-02	1.00000000000000e-02
14	57	30	41	1.57134000000000e-02	1.00000000000000e-02
15	58	31	42	1.48356000000000e-02	1.00000000000000e-02
16	59	32	43	1.47081000000000e-02	1.00000000000000e-02
17	60	33	44	1.48127000000000e-02	1.00000000000000e-02
18	61	34	45	1.44057000000000e-02	1.00000000000000e-02
19	62	35	46	1.44905000000000e-02	1.00000000000000e-02
20	63	36	47	1.47933000000000e-02	1.00000000000000e-02
26	69	37	53	1.46803000000000e-02	1.00000000000000e-02
27	70	38	54	1.45469000000000e-02	1.00000000000000e-02
28	71	39	55	1.46504000000000e-02	1.00000000000000e-02
29	72	40	56	1.47448000000000e-02	1.00000000000000e-02
30	73	41	57	1.47370000000000e-02	1.00000000000000e-02
31	74	42	58	1.46115000000000e-02	1.00000000000000e-02
32	75	43	59	1.51251000000000e-02	1.00000000000000e-02
33	76	44	60	1.51314000000000e-02	1.00000000000000e-02
34	77	45	61	1.47221000000000e-02	1.00000000000000e-02
35	78	46	62	1.47186000000000e-02	1.00000000000000e-02
36	79	47	63	1.48165000000000e-02	1.00000000000000e-02
37	85	53	69	1.48351000000000e-02	1.00000000000000e-02
38	86	54	70	1.45447000000000e-02	1.00000000000000e-02
39	87	55	71	1.49709000000000e-02	1.00000000000000e-02
40	88	56	72	1.56624000000000e-02	1.00000000000000e-02
41	89	57	73	1.55587000000000e-02	1.00000000000000e-02
42	90	58	74	1.60980000000000e-02	1.00000000000000e-02
43	91	59	75	1.55423000000000e-02	1.00000000000000e-02
44	92	60	76	1.54708000000000e-02	1.00000000000000e-02
45	93	61	77	1.59204000000000e-02	1.00000000000000e-02
46	94	62	78	1.61108000000000e-02	1.00000000000000e-02
47	95	63	79	1.62445000000000e-02	1.00000000000000e-02
1	47	18	35	1.58123000000000e-02	1.00000000000000e-02
2	48	19	36	1.56267000000000e-02	1.00000000000000e-02
8	54	25	37	1.63633000000000e-02	1.00000000000000e-02
9	55	26	38	1.60692000000000e-02	1.00000000000000e-02
10	56	27	39	1.59569000000000e-02	1.00000000000000e-02
11	57	28	40	1.54330000000000e-02	1.00000000000000e-02
12	58	29	41	1.51380000000000e-02	1.00000000000000e-02
13	59	30	42	1.48529000000000e-02	1.00000000000000e-02
14	60	31	43	1.48123000000000e-02	1.00000000000000e-02
15	61	32	44	1.48991000000000e-02	1.00000000000000e-02
16	62	33	45	1.47346000000000e-02	1.00000000000000e-02
17	63	34	46	1.42284000000000e-02	1.00000000000000e-02
18	64	35	47	1.42220000000000e-02	1.00000000000000e-02
19	65	36	48	1.42985000000000e-02	1.00000000000000e-02
25	71	37	54	1.38043000000000e-02	1.00000000000000e-02
26	72	38	55	1.42342000000000e-02	1.00000000000000e-02
27	73	39	56	1.39292000000000e-02	1.00000000000000e-02
28	74	40	57	1.41956000000000e-02	1.00000000000000e-02
29	75	41	58	1.44183000000000e-02	1.00000000000000e-02
30	76	42	59	1.47190000000000e-02	1.00000000000000e-02
31	77	43	60	1.48130000000000e-02	1.00000000000000e-02
32	78	44	61	1.45302000000000e-02	1.00000000000000e-02
33	79	45	62	1.41448000000000e-02	1.00000000000000e-02
34	80	46	63	1.44571000000000e-02	1.00000000000000e-02
35	81	47	64	1.38129000000000e-02	1.00000000000000e-02
36	82	48	65	1.39924000000000e-02	1.00000000000000e-02
37	88	54	71	1.46866000000000e-02	1.00000000000000e-02
38	89	55	72	1.45679000000000e-02	1.00000000000000e-02
39	90	56	73	1.55757000000000e-02	1.00000000000000e-02
40	91	57	74	1.56851000000000e-02	1.00000000000000e-02
41	92	58	75	1.59898000000000e-02	1.00000000000000e-02
42	93	59	76	1.47976000000000e-02	1.00000000000000e-02
43	94	60	77	1.49453000000000e-02	1.00000000000000e-02
44	95	61	78	1.56256000000000e-02	1.00000000000000e-02
6	55	24	37	1.55554000000000e-02	1.00000000000000e-02
7	56	25	38	1.55017000000000e-02	1.00000000000000e-02
8	57	26	39	1.57827000000000e-02	1.00000000000000e-02
9	58	27	40	1.48154000000000e-02	1.00000000000000e-02
10	59	28	41	1.49425000000000e-02	1.00000000000000e-02
11	60	29	42	1.44379000000000e-02	1.00000000000000e-02
12	61	30	43	1.43919000000000e-02	1.00000000000000e-02
13	62	31	44	1.48801000000000e-02	1.00000000000000e-02
14	63	32	45	1.42742000000000e-02	1.00000000000000e-02
15	64	33	46	1.44976000000000e-02	1.00000000000000e-02
16	65	34	47	1.38212000000000e-02	1.00000000000000e-02
17	66	35	48	1.36373000000000e-02	1.00000000000000e-02
18	67	36	49	1.33762000000000e-02	1.00000000000000e-02
24	73	37	55	1.31949000000000e-02	1.00000000000000e-02
25	74	38	56	1.32523000000000e-02	1.00000000000000e-02
26	75	39	57	1.37876000000000e-02	1.00000000000000e-02
27	76	40	58	1.37976000000000e-02	1.00000000000000e-02
28	77	41	59	1.41851000000000e-02	1.00000000000000e-02
29	78	42	60	1.40412000000000e-02	1.00000000000000e-02
30	79	43	61	1.42455000000000e-02	1.00000000000000e-02
31	80	44	62	1.36686000000000e-02	1.00000000000000e-02
32	81	45	63	1.36555000000000e-02	1.00000000000000e-02
33	82	46	64	1.38380000000000e-02	1.00000000000000e-02
34	83	47	65	1.38709000000000e-02	1.00000000000000e-02
35	84	48	66	1.32587000000000e-02	1.00000000000000e-02
36	85	49	67	1.36823000000000e-02	1.00000000000000e-02
37	91	55	73	1.51518000000000e-02	1.00000000000000e-02
38	92	56	74	1.51995000000000e-02	1.00000000000000e-02
39	93	57	75	1.48145000000000e-02	1.00000000000000e-02
40	94	58	76	1.52952000000000e-02	1.00000000000000e-02
41	95	59	77	1.50689000000000e-02	1.00000000000000e-02
4	56	23	37	1.50991000000000e-02	1.00000000000000e-02
5	57	24	38	1.47973000000000e-02	1.00000000000000e-02
6	58	25	39	1.54072000000000e-02	1.00000000000000e-02
7	59	26	40	1.48545000000000e-02	1.00000000000000e-02
8	60	27	41	1.50479000000000e-02	1.00000000000000e-02
9	61	28	42	1.41018000000000e-02	1.00000000000000e-02
10	62	29	43	1.48207000000000e-02	1.00000000000000e-02
11	63	30	44	1.46412000000000e-02	1.00000000000000e-02
12	64	31	45	1.44195000000000e-02	1.00000000000000e-02
13	65	32	46	1.47068000000000e-02	1.00000000000000e-02
14	66	33	47	1.38655000000000e-02	1.00000000000000e-02
15	67	34	48	1.34840000000000e-02	1.00000000000000e-02
16	68	35	49	1.30369000000000e-02	1.00000000000000e-02
17	69	36	50	1.26666000000000e-02	1.00000000000000e-02
23	75	37	56	1.32933000000000e-02	1.00000000000000e-02
24	76	38	57	1.35503000000000e-02	1.00000000000000e-02
25	77	39	58	1.37462000000000e-02	1.00000000000000e-02
26	78	40	59	1.29726000000000e-02	1.00000000000000e-02
27	79	41	60	1.30957000000000e-02	1.00000000000000e-02
28	80	42	61	1.43352000000000e-02	1.00000000000000e-02
29	81	43	62	1.35379000000000e-02	1.00000000000000e-02
30	82	44	63	1.40629000000000e-02	1.00000000000000e-02
31	83	45	64	1.43613000000000e-02	1.00000000000000e-02
32	84	46	65	1.21518000000000e-02	1.00000000000000e-02
33	85	47	66	1.42108000000000e-02	1.00000000000000e-02
34	86	48	67	1.41576000000000e-02	1.00000000000000e-02
35	87	49	68	1.35773000000000e-02	1.00000000000000e-02
36	88	50	69	1.45993000000000e-02	1.00000000000000e-02
37	94	56	75	1.49298000000000e-02	1.00000000000000e-02
38	95	57	76	1.50246000000000e-02	1.00000000000000e-02
2	57	22	37	1.38223000000000e-02	1.00000000000000e-02
3	58	23	38	1.48236000000000e-02	1.00000000000000e-02
4	59	24	39	1.62519000000000e-02	1.00000000000000e-02
5	60	25	40	1.60080000000000e-02	1.00000000000000e-02
6	61	26	41	1.40817000000000e-02	1.00000000000000e-02
7	62	27	42	1.51271000000000e-02	1.00000000000000e-02
8	63	28	43	1.46308000000000e-02	1.00000000000000e-02
9	64	29	44	1.36356000000000e-02	1.00000000000000e-02
10	65	30	45	1.36268000000000e-02	1.00000000000000e-02
11	66	31	46	1.49262000000000e-02	1.00000000000000e-02
12	67	32	47	1.37357000000000e-02	1.00000000000000e-02
13	68	33	48	1.20079000000000e-02	1.00000000000000e-02
14	69	34	49	1.35861000000000e-02	1.00000000000000e-02
15	70	35	50	1.36895000000000e-02	1.00000000000000e-02
16	71	36	51	1.32362000000000e-02	1.00000000000000e-02
22	77	37	57	1.32464000000000e-02	1.00000000000000e-02
23	78	38	58	1.38474000000000e-02	1.00000000000000e-02
24	79	39	59	1.32782000000000e-02	1.00000000000000e-02
25	80	40	60	1.31532000000000e-02	1.00000000000000e-02
26	81	41	61	1.24748000000000e-02	1.00000000000000e-02
27	82	42	62	1.26086000000000e-02	1.00000000000000e-02
28	83	43	63	1.32235000000000e-02	1.00000000000000e-02
29	84	44	64	1.35744000000000e-02	1.00000000000000e-02
30	85	45	65	1.24031000000000e-02	1.00000000000000e-02
31	86	46	66	1.29066000000000e-02	1.00000000000000e-02
32	87	47	67	1.27478000000000e-02	1.00000000000000e-02
33	88	48	68	1.35971000000000e-02	1.00000000000000e-02
34	89	49	69	1.37011000000000e-02	1.00000000000000e-02
35	90	50	70	1.27374000000000e-02	1.00000000000000e-02
36	91	51	71	1.30984000000000e-02	1.00000000000000e-02
1	59	22	38	1.38669000000000e-02	1.00000000000000e-02
2	60	23	39	1.33750000000000e-02	1.00000000000000e-02
3	61	24	40	1.43005000000000e-02	1.00000000000000e-02
4	62	25	41	1.32464000000000e-02	1.00000000000000e-02
5	63	26	42	1.41269000000000e-02	1.00000000000000e-02
6	64	27	43	1.34335000000000e-02	1.00000000000000e-02
7	65	28	44	1.45944000000000e-02	1.00000000000000e-02
8	66	29	45	1.29300000000000e-02	1.00000000000000e-02
9	67	30	46	1.35287000000000e-02	1.00000000000000e-02
10	68	31	47	1.29291000000000e-02	1.00000000000000e-02
11	69	32	48	1.31321000000000e-02	1.00000000000000e-02
12	70	33	49	1.30507000000000e-02	1.00000000000000e-02
13	71	34	50	1.25127000000000e-02	1.00000000000000e-02
14	72	35	51	1.24210000000000e-02	1.00000000000000e-02
15	73	36	52	1.27591000000000e-02	1.00000000000000e-02
21	79	37	58	1.22111000000000e-02	1.00000000000000e-02
22	80	38	59	1.27993000000000e-02	1.00000000000000e-02
23	81	39	60	1.26037000000000e-02	1.00000000000000e-02
24	82	40	61	1.23230000000000e-02	1.00000000000000e-02
25	83	41	62	1.26332000000000e-02	1.00000000000000e-02
26	84	42	63	1.26241000000000e-02	1.00000000000000e-02
27	85	43	64	1.25964000000000e-02	1.00000000000000e-02
28	86	44	65	1.27161000000000e-02	1.00000000000000e-02
29	87	45	66	1.26186000000000e-02	1.00000000000000e-02
30	88	46	67	1.26586000000000e-02	1.00000000000000e-02
31	89	47	68	1.30979000000000e-02	1.00000000000000e-02
32	90	48	69	1.26806000000000e-02	1.00000000000000e-02
33	91	49	70	1.26672000000000e-02	1.00000000000000e-02
34	92	50	71	1.33577000000000e-02	1.00000000000000e-02
35	93	51	72	1.34202000000000e-02	1.00000000000000e-02
36	94	52	73	1.34308000000000e-02	1.00000000000000e-02
1	62	23	40	1.35963000000000e-02	1.00000000000000e-02
2	63	24	41	1.30542000000000e-02	1.00000000000000e-02
3	64	25	42	1.32627000000000e-02	1.00000000000000e-02
4	65	26	43	1.33728000000000e-02	1.00000000000000e-02
5	66	27	44	1.31633000000000e-02	1.00000000000000e-02
6	67	28	45	1.31802000000000e-02	1.00000000000000e-02
7	68	29	46	1.31771000000000e-02	1.00000000000000e-02
8	69	30	47	1.31256000000000e-02	1.00000000000000e-02
9	70	31	48	1.27700000000000e-02	1.00000000000000e-02
10	71	32	49	1.31333000000000e-02	1.00000000000000e-02
11	72	33	50	1.26203000000000e-02	1.00000000000000e-02
12	73	34	51	1.26408000000000e-02	1.00000000000000e-02
13	74	35	52	1.25359000000000e-02	1.00000000000000e-02
14	75	36	53	1.22563000000000e-02	1.00000000000000e-02
20	81	37	59	1.19180000000000e-02	1.00000000000000e-02
21	82	38	60	1.19665000000000e-02	1.00000000000000e-02
22	83	39	61	1.18471000000000e-02	1.00000000000000e-02
23	84	40	62	1.16583000000000e-02	1.00000000000000e-02
24	85	41	63	1.19456000000000e-02	1.00000000000000e-02
25	86	42	64	1.15351000000000e-02	1.00000000000000e-02
26	87	43	65	1.20501000000000e-02	1.00000000000000e-02
27	88	44	66	1.22805000000000e-02	1.00000000000000e-02
28	89	45	67	1.26999000000000e-02	1.00000000000000e-02
29	90	46	68	1.26660000000000e-02	1.00000000000000e-02
30	91	47	69	1.28855000000000e-02	1.00000000000000e-02
31	92	48	70	1.29045000000000e-02	1.00000000000000e-02
32	93	49	71	1.25697000000000e-02	1.00000000000000e-02
33	94	50	72	1.31298000000000e-02	1.00000000000000e-02
34	95	51	73	1.33284000000000e-02	1.00000000000000e-02
1	65	24	42	1.27942000000000e-02	1.00000000000000e-02
2	66	25	43	1.30837000000000e-02	1.00000000000000e-02
3	67	26	44	1.26294000000000e-02	1.00000000000000e-02
4	68	27	45	1.24760000000000e-02	1.00000000000000e-02
5	69	28	46	1.24723000000000e-02	1.00000000000000e-02
6	70	29	47	1.22178000000000e-02	1.00000000000000e-02
7	71	30	48	1.25147000000000e-02	1.00000000000000e-02
8	72	31	49	1.29427000000000e-02	1.00000000000000e-02
9	73	32	50	1.28402000000000e-02	1.00000000000000e-02
10	74	33	51	1.17753000000000e-02	1.00000000000000e-02
11	75	34	52	1.20346000000000e-02	1.00000000000000e-02
12	76	35	53	1.16784000000000e-02	1.00000000000000e-02
13	77	36	54	1.18206000000000e-02	1.00000000000000e-02
19	83	37	60	1.21999000000000e-02	1.00000000000000e-02
20	84	38	61	1.12216000000000e-02	1.00000000000000e-02
21	85	39	62	1.11365000000000e-02	1.00000000000000e-02
22	86	40	63	1.13966000000000e-02	1.00000000000000e-02
23	87	41	64	1.11715000000000e-02	1.00000000000000e-02
24	88	42	65	1.22059000000000e-02	1.00000000000000e-02
25	89	43	66	1.17295000000000e-02	1.00000000000000e-02
26	90	44	67	1.18284000000000e-02	1.00000000000000e-02
27	91	45	68	1.20633000000000e-02	1.00000000000000e-02
28	92	46	69	1.18650000000000e-02	1.00000000000000e-02
29	93	47	70	1.20986000000000e-02	1.00000000000000e-02
30	94	48	71	1.23053000000000e-02	1.00000000000000e-02
31	95	49	72	1.22084000000000e-02	1.00000000000000e-02
1	68	25	44	1.25833000000000e-02	1.00000000000000e-02
2	69	26	45	1.26022000000000e-02	1.00000000000000e-02
3	70	27	46	1.23175000000000e-02	1.00000000000000e-02
4	71	28	47	1.23803000000000e-02	1.00000000000000e-02
5	72	29	48	1.21089000000000e-02	1.00000000000000e-02
6	73	30	49	1.21039000000000e-02	1.00000000000000e-02
7	74	31	50	1.20664000000000e-02	1.00000000000000e-02
8	75	32	51	1.19846000000000e-02	1.00000000000000e-02
9	76	33	52	1.19053000000000e-02	1.00000000000000e-02
10	77	34	53	1.17101000000000e-02	1.00000000000000e-02
11	78	35	54	1.14993000000000e-02	1.00000000000000e-02
12	79	36	55	1.17521000000000e-02	1.00000000000000e-02
18	85	37	61	1.08435000000000e-02	1.00000000000000e-02
19	86	38	62	1.12807000000000e-02	1.00000000000000e-02
20	87	39	63	1.12161000000000e-02	1.00000000000000e-02
21	88	40	64	1.14483000000000e-02	1.00000000000000e-02
22	89	41	65	1.16601000000000e-02	1.00000000000000e-02
23	90	42	66	1.17034000000000e-02	1.00000000000000e-02
24	91	43	67	1.15782000000000e-02	1.00000000000000e-02
25	92	44	68	1.13025000000000e-02	1.00000000000000e-02
26	93	45	69	1.17217000000000e-02	1.00000000000000e-02
27	94	46	70	1.17818000000000e-02	1.00000000000000e-02
28	95	47	71	1.20039000000000e-02	1.00000000000000e-02
1	71	26	46	1.20411000000000e-02	1.00000000000000e-02
2	72	27	47	1.16807000000000e-02	1.00000000000000e-02
3	73	28	48	1.19450000000000e-02	1.00000000000000e-02
4	74	29	49	1.19450000000000e-02	1.00000000000000e-02
5	75	30	50	1.16472000000000e-02	1.00000000000000e-02
6	76	31	51	1.18545000000000e-02	1.00000000000000e-02
7	77	32	52	1.18339000000000e-02	1.00000000000000e-02
8	78	33	53	1.21110000000000e-02	1.00000000000000e-02
9	79	34	54	1.17657000000000e-02	1.00000000000000e-02
10	80	35	55	1.19389000000000e-02	1.00000000000000e-02
11	81	36	56	1.13467000000000e-02	1.00000000000000e-02
17	87	37	62	1.06548000000000e-02	1.00000000000000e-02
18	88	38	63	1.09327000000000e-02	1.00000000000000e-02
19	89	39	64	1.10363000000000e-02	1.00000000000000e-02
20	90	40	65	1.10008000000000e-02	1.00000000000000e-02
21	91	41	66	1.08130000000000e-02	1.00000000000000e-02
22	92	42	67	1.12385000000000e-02	1.00000000000000e-02
23	93	43	68	1.15959000000000e-02	1.00000000000000e-02
24	94	44	69	1.06926000000000e-02	1.00000000000000e-02
25	95	45	70	1.07504000000000e-02	1.00000000000000e-02
1	74	27	48	1.20844000000000e-02	1.00000000000000e-02
2	75	28	49	1.17084000000000e-02	1.00000000000000e-02
3	76	29	50	1.11592000000000e-02	1.00000000000000e-02
4	77	30	51	1.11400000000000e-02	1.00000000000000e-02
5	78	31	52	1.09582000000000e-02	1.00000000000000e-02
6	79	32	53	1.11992000000000e-02	1.00000000000000e-02
7	80	33	54	1.12467000000000e-02	1.00000000000000e-02
8	81	34	55	1.13641000000000e-02	1.00000000000000e-02
9	82	35	56	1.07884000000000e-02	1.00000000000000e-02
10	83	36	57	1.14947000000000e-02	1.00000000000000e-02
16	89	37	63	1.11393000000000e-02	1.00000000000000e-02
17	90	38	64	1.05592000000000e-02	1.00000000000000e-02
18	91	39	65	1.09952000000000e-02	1.00000000000000e-02
19	92	40	66	1.10809000000000e-02	1.00000000000000e-02
20	93	41	67	1.05231000000000e-02	1.00000000000000e-02
21	94	42	68	1.05572000000000e-02	1.00000000000000e-02
22	95	43	69	1.10108000000000e-02	1.00000000000000e-02
1	77	28	50	1.10851000000000e-02	1.00000000000000e-02
2	78	29	51	1.13877000000000e-02	1.00000000000000e-02
3	79	30	52	1.12713000000000e-02	1.00000000000000e-02
4	80	31	53	1.03417000000000e-02	1.00000000000000e-02
5	81	32	54	1.10074000000000e-02	1.00000000000000e-02
6	82	33	55	1.09871000000000e-02	1.00000000000000e-02
7	83	34	56	1.03630000000000e-02	1.00000000000000e-02
8	84	35	57	1.06133000000000e-02	1.00000000000000e-02
9	85	36	58	1.08685000000000e-02	1.00000000000000e-02
15	91	37	64	1.03653000000000e-02	1.00000000000000e-02
16	92	38	65	1.05161000000000e-02	1.00000000000000e-02
17	93	39	66	1.03736000000000e-02	1.00000000000000e-02
18	94	40	67	1.03833000000000e-02	1.00000000000000e-02
19	95	41	68	1.05340000000000e-02	1.00000000000000e-02
1	80	29	52	1.06267000000000e-02	1.00000000000000e-02
2	81	30	53	1.05053000000000e-02	1.00000000000000e-02
3	82	31	54	1.06942000000000e-02	1.00000000000000e-02
4	83	32	55	1.07109000000000e-02	1.00000000000000e-02
5	84	33	56	1.02573000000000e-02	1.00000000000000e-02
6	85	34	57	9.72430000000000e-03	1.00000000000000e-02
7	86	35	58	1.08864000000000e-02	1.00000000000000e-02
8	87	36	59	1.07412000000000e-02	1.00000000000000e-02
14	93	37	65	9.72940000000000e-03	1.00000000000000e-02
15	94	38	66	1.07046000000000e-02	1.00000000000000e-02
16	95	39	67	1.01997000000000e-02	1.00000000000000e-02
1	83	30	54	1.01649000000000e-02	1.00000000000000e-02
2	84	31	55	1.01599000000000e-02	1.00000000000000e-02
3	85	32	56	9.48560000000000e-03	1.00000000000000e-02
4	86	33	57	1.00737000000000e-02	1.00000000000000e-02
5	87	34	58	1.00278000000000e-02	1.00000000000000e-02
6	88	35	59	9.95630000000000e-03	1.00000000000000e-02
7	89	36	60	1.00768000000000e-02	1.00000000000000e-02
13	95	37	66	1.01921000000000e-02	1.00000000000000e-02
1	86	31	56	9.73400000000000e-03	1.00000000000000e-02
2	87	32	57	9.68210000000000e-03	1.00000000000000e-02
3	88	33	58	1.01069000000000e-02	1.00000000000000e-02
4	89	34	59	9.50630000000000e-03	1.00000000000000e-02
5	90	35	60	1.04076000000000e-02	1.00000000000000e-02
6	91	36	61	9.93830000000000e-03	1.00000000000000e-02
1	89	32	58	9.28610000000000e-03	1.00000000000000e-02
2	90	33	59	1.00404000000000e-02	1.00000000000000e-02
3	91	34	60	9.61420000000000e-03	1.00000000000000e-02
4	92	35	61	9.34360000000000e-03	1.00000000000000e-02
5	93	36	62	9.65980000000000e-03	1.00000000000000e-02
1	92	33	60	9.44860000000000e-03	1.00000000000000e-02
2	93	34	61	9.07020000000000e-03	1.00000000000000e-02
3	94	35	62	9.36520000000000e-03	1.00000000000000e-02
4	95	36	63	9.38940000000000e-03	1.00000000000000e-02
1	95	34	62	8.94190000000000e-03	1.00000000000000e-02
0
