100# Number of electrodes
# x z
75	0
75.5	0
76	0
76.5	0
77	0
77.5	0
78	0
78.5	0
79	0
79.5	0
80	0
80.5	0
81	0
81.5	0
82	0
82.5	0
83	0
83.5	0
84	0
84.5	0
85	0
85.5	0
86	0
86.5	0
87	0
87.5	0
88	0
88.5	0
89	0
89.5	0
90	0
90.5	0
91	0
91.5	0
92	0
92.5	0
93	0
93.5	0
94	0
94.5	0
95	0
95.5	0
96	0
96.5	0
97	0
97.5	0
98	0
98.5	0
99	0
99.5	0
100	0
100.5	0
101	0
101.5	0
102	0
102.5	0
103	0
103.5	0
104	0
104.5	0
105	0
105.5	0
106	0
106.5	0
107	0
107.5	0
108	0
108.5	0
109	0
109.5	0
110	0
110.5	0
111	0
111.5	0
112	0
112.5	0
113	0
113.5	0
114	0
114.5	0
115	0
115.5	0
116	0
116.5	0
117	0
117.5	0
118	0
118.5	0
119	0
119.5	0
120	0
120.5	0
121	0
121.5	0
122	0
122.5	0
123	0
123.5	0
124	0
124.5	0
1554# Number of data
#a	b	m	n	rhoa	R	err	I	U
   1	   4	   2	   3	19.25	6.12733	0.031632	0.01	0.0612733
   2	   5	   3	   4	18.40	5.85786	0.0317071	0.01	0.0585786
   3	   6	   4	   5	17.74	5.64764	0.0317707	0.01	0.0564764
   4	   7	   5	   6	15.81	5.03298	0.0319869	0.01	0.0503298
   5	   8	   6	   7	16.45	5.23711	0.0319095	0.01	0.0523711
   6	   9	   7	   8	18.82	5.99124	0.0316691	0.01	0.0599124
   7	  10	   8	   9	17.57	5.5923	0.0317882	0.01	0.055923
   8	  11	   9	  10	19.49	6.20535	0.0316115	0.01	0.0620535
   9	  12	  10	  11	21.53	6.85222	0.0314594	0.01	0.0685222
  10	  13	  11	  12	20.50	6.52437	0.0315327	0.01	0.0652437
  11	  14	  12	  13	19.20	6.11025	0.0316366	0.01	0.0611025
  12	  15	  13	  14	23.15	7.36887	0.0313571	0.01	0.0736887
  13	  16	  14	  15	19.30	6.14218	0.0316281	0.01	0.0614218
  14	  17	  15	  16	24.18	7.6969	0.0312992	0.01	0.076969
  15	  18	  16	  17	19.38	6.169	0.031621	0.01	0.06169
  16	  19	  17	  18	21.56	6.86296	0.0314571	0.01	0.0686296
  17	  20	  18	  19	18.50	5.88962	0.0316979	0.01	0.0588962
  18	  21	  19	  20	20.76	6.60958	0.031513	0.01	0.0660958
  19	  22	  20	  21	18.38	5.85011	0.0317094	0.01	0.0585011
  20	  23	  21	  22	20.43	6.5019	0.031538	0.01	0.065019
  21	  24	  22	  23	19.31	6.14562	0.0316272	0.01	0.0614562
  22	  25	  23	  24	19.75	6.28661	0.0315907	0.01	0.0628661
  23	  26	  24	  25	19.11	6.08222	0.0316441	0.01	0.0608222
  24	  27	  25	  26	20.51	6.52877	0.0315317	0.01	0.0652877
  25	  28	  26	  27	19.71	6.27391	0.0315939	0.01	0.0627391
  26	  29	  27	  28	22.01	7.00693	0.0314272	0.01	0.0700693
  27	  30	  28	  29	19.48	6.1996	0.031613	0.01	0.061996
  28	  31	  29	  30	24.24	7.71619	0.031296	0.01	0.0771619
  29	  32	  30	  31	17.81	5.66904	0.031764	0.01	0.0566904
  30	  33	  31	  32	21.91	6.97499	0.0314337	0.01	0.0697499
  31	  34	  32	  33	19.91	6.33653	0.0315782	0.01	0.0633653
  32	  35	  33	  34	23.00	7.32167	0.0313658	0.01	0.0732167
  33	  36	  34	  35	19.18	6.10493	0.031638	0.01	0.0610493
  34	  37	  35	  36	25.86	8.23137	0.0312149	0.01	0.0823137
  35	  38	  36	  37	19.64	6.25195	0.0315995	0.01	0.0625195
  36	  39	  37	  38	23.12	7.36085	0.0313585	0.01	0.0736085
  37	  40	  38	  39	22.16	7.05329	0.0314178	0.01	0.0705329
  38	  41	  39	  40	22.99	7.3169	0.0313667	0.01	0.073169
  39	  42	  40	  41	20.94	6.66589	0.0315002	0.01	0.0666589
  40	  43	  41	  42	23.45	7.46294	0.03134	0.01	0.0746294
  41	  44	  42	  43	20.11	6.40219	0.031562	0.01	0.0640219
  42	  45	  43	  44	22.49	7.16035	0.0313966	0.01	0.0716035
  43	  46	  44	  45	19.57	6.22944	0.0316053	0.01	0.0622944
  44	  47	  45	  46	22.15	7.05122	0.0314182	0.01	0.0705122
  45	  48	  46	  47	19.44	6.1893	0.0316157	0.01	0.061893
  46	  49	  47	  48	21.41	6.81472	0.0314674	0.01	0.0681472
  47	  50	  48	  49	19.75	6.28779	0.0315904	0.01	0.0628779
  48	  51	  49	  50	21.37	6.80354	0.0314698	0.01	0.0680354
  50	  53	  51	  52	20.49	6.52234	0.0315332	0.01	0.0652234
  51	  54	  52	  53	22.82	7.26312	0.0313768	0.01	0.0726312
  52	  55	  53	  54	17.79	5.66191	0.0317662	0.01	0.0566191
  53	  56	  54	  55	22.28	7.09089	0.0314103	0.01	0.0709089
  54	  57	  55	  56	20.65	6.57465	0.031521	0.01	0.0657465
  55	  58	  56	  57	19.98	6.36113	0.031572	0.01	0.0636113
  56	  59	  57	  58	24.30	7.73536	0.0312928	0.01	0.0773536
  57	  60	  58	  59	22.84	7.26888	0.0313757	0.01	0.0726888
  58	  61	  59	  60	26.19	8.33528	0.0311997	0.01	0.0833528
  59	  62	  60	  61	24.41	7.77092	0.0312868	0.01	0.0777092
  60	  63	  61	  62	28.90	9.19937	0.031087	0.01	0.0919937
  61	  64	  62	  63	23.46	7.46718	0.0313392	0.01	0.0746718
  62	  65	  63	  64	29.40	9.35815	0.0310686	0.01	0.0935815
  63	  66	  64	  65	23.83	7.58404	0.0313186	0.01	0.0758404
  65	  68	  66	  67	24.33	7.74476	0.0312912	0.01	0.0774476
  66	  69	  67	  68	24.11	7.67299	0.0313033	0.01	0.0767299
  67	  70	  68	  69	28.81	9.17172	0.0310903	0.01	0.0917172
  68	  71	  69	  70	27.79	8.84523	0.0311306	0.01	0.0884523
  69	  72	  70	  71	30.24	9.62498	0.031039	0.01	0.0962498
  70	  73	  71	  72	30.03	9.55842	0.0310462	0.01	0.0955842
  71	  74	  72	  73	32.42	10.3201	0.030969	0.01	0.103201
  72	  75	  73	  74	30.13	9.59156	0.0310426	0.01	0.0959156
  73	  76	  74	  75	33.78	10.7526	0.03093	0.01	0.107527
  74	  77	  75	  76	33.86	10.7784	0.0309278	0.01	0.107784
  75	  78	  76	  77	31.21	9.9353	0.0310065	0.01	0.099353
  76	  79	  77	  78	36.37	11.5782	0.0308637	0.01	0.115783
  77	  80	  78	  79	31.81	10.1239	0.0309878	0.01	0.101239
  78	  81	  79	  80	37.47	11.9276	0.0308384	0.01	0.119276
  79	  82	  80	  81	39.06	12.4335	0.0308043	0.01	0.124335
  80	  83	  81	  82	40.12	12.7701	0.0307831	0.01	0.127701
  81	  84	  82	  83	46.28	14.7318	0.0306788	0.01	0.147318
  82	  85	  83	  84	46.58	14.8281	0.0306744	0.01	0.148281
  83	  86	  84	  85	47.70	15.1838	0.0306586	0.01	0.151838
  84	  87	  85	  86	46.81	14.899	0.0306712	0.01	0.14899
  85	  88	  86	  87	48.97	15.5888	0.0306415	0.01	0.155888
  86	  89	  87	  88	45.56	14.503	0.0306895	0.01	0.14503
  87	  90	  88	  89	46.32	14.7455	0.0306782	0.01	0.147455
  88	  91	  89	  90	48.14	15.3226	0.0306526	0.01	0.153226
  89	  92	  90	  91	39.75	12.6526	0.0307904	0.01	0.126526
  90	  93	  91	  92	44.79	14.2564	0.0307014	0.01	0.142564
  91	  94	  92	  93	47.19	15.0209	0.0306657	0.01	0.150209
  92	  95	  93	  94	41.19	13.112	0.0307627	0.01	0.13112
  93	  96	  94	  95	48.81	15.5352	0.0306437	0.01	0.155352
  94	  97	  95	  96	46.15	14.6886	0.0306808	0.01	0.146886
  95	  98	  96	  97	45.64	14.5263	0.0306884	0.01	0.145263
  96	  99	  97	  98	48.16	15.3301	0.0306523	0.01	0.153301
  97	 100	  98	  99	44.68	14.2233	0.0307031	0.01	0.142233
   1	   7	   3	   5	23.19	3.69043	0.0327097	0.01	0.0369043
   2	   8	   4	   6	20.33	3.23549	0.0330907	0.01	0.0323549
   3	   9	   5	   7	19.69	3.13306	0.0331918	0.01	0.0313306
   4	  10	   6	   8	22.89	3.64339	0.0327447	0.01	0.0364339
   5	  11	   7	   9	22.00	3.50122	0.0328561	0.01	0.0350122
   6	  12	   8	  10	20.49	3.26162	0.033066	0.01	0.0326162
   7	  13	   9	  11	22.80	3.62898	0.0327556	0.01	0.0362898
   8	  14	  10	  12	23.52	3.74357	0.0326712	0.01	0.0374357
   9	  15	  11	  13	21.31	3.39139	0.0329486	0.01	0.0339139
  10	  16	  12	  14	21.85	3.47697	0.0328761	0.01	0.0347697
  11	  17	  13	  15	23.93	3.80912	0.0326253	0.01	0.0380912
  12	  18	  14	  16	24.06	3.82942	0.0326114	0.01	0.0382942
  13	  19	  15	  17	23.75	3.77998	0.0326455	0.01	0.0377998
  14	  20	  16	  18	23.33	3.71253	0.0326936	0.01	0.0371253
  15	  21	  17	  19	23.13	3.68141	0.0327164	0.01	0.0368141
  16	  22	  18	  20	22.67	3.60867	0.0327711	0.01	0.0360867
  17	  23	  19	  21	22.49	3.5787	0.0327943	0.01	0.035787
  18	  24	  20	  22	22.69	3.61089	0.0327694	0.01	0.0361089
  19	  25	  21	  23	22.83	3.63409	0.0327517	0.01	0.0363409
  20	  26	  22	  24	22.19	3.5315	0.0328317	0.01	0.035315
  21	  27	  23	  25	22.02	3.50403	0.0328539	0.01	0.0350403
  22	  28	  24	  26	22.59	3.59568	0.0327811	0.01	0.0359568
  23	  29	  25	  27	22.88	3.64223	0.0327456	0.01	0.0364223
  24	  30	  26	  28	22.20	3.53292	0.0328305	0.01	0.0353292
  25	  31	  27	  29	22.75	3.62139	0.0327614	0.01	0.0362139
  26	  32	  28	  30	23.73	3.77751	0.0326472	0.01	0.0377751
  27	  33	  29	  31	23.26	3.70224	0.0327011	0.01	0.0370224
  28	  34	  30	  32	22.69	3.61104	0.0327693	0.01	0.0361104
  29	  35	  31	  33	24.31	3.86832	0.0325851	0.01	0.0386832
  30	  36	  32	  34	23.96	3.81332	0.0326224	0.01	0.0381332
  31	  37	  33	  35	23.79	3.78656	0.0326409	0.01	0.0378656
  32	  38	  34	  36	26.42	4.20524	0.032378	0.01	0.0420524
  33	  39	  35	  37	26.44	4.20841	0.0323762	0.01	0.0420841
  34	  40	  36	  38	24.95	3.97121	0.0325181	0.01	0.0397121
  35	  41	  37	  39	26.89	4.27996	0.0323365	0.01	0.0427996
  36	  42	  38	  40	27.57	4.38723	0.0322793	0.01	0.0438723
  37	  43	  39	  41	26.67	4.24477	0.0323558	0.01	0.0424477
  38	  44	  40	  42	27.38	4.35712	0.0322951	0.01	0.0435712
  39	  45	  41	  43	27.29	4.34348	0.0323023	0.01	0.0434348
  40	  46	  42	  44	26.21	4.17157	0.0323972	0.01	0.0417157
  41	  47	  43	  45	26.40	4.20102	0.0323804	0.01	0.0420102
  42	  48	  44	  46	26.80	4.2646	0.0323449	0.01	0.042646
  43	  49	  45	  47	26.12	4.15656	0.0324058	0.01	0.0415656
  44	  50	  46	  48	25.36	4.03649	0.0324774	0.01	0.0403649
  45	  51	  47	  49	25.55	4.067	0.0324588	0.01	0.04067
  46	  52	  48	  50	25.94	4.12784	0.0324226	0.01	0.0412784
  48	  54	  50	  52	25.53	4.06277	0.0324614	0.01	0.0406277
  49	  55	  51	  53	25.54	4.0652	0.0324599	0.01	0.040652
  50	  56	  52	  54	24.77	3.9428	0.0325363	0.01	0.039428
  51	  57	  53	  55	25.37	4.03855	0.0324761	0.01	0.0403855
  52	  58	  54	  56	26.52	4.22119	0.032369	0.01	0.0422119
  53	  59	  55	  57	25.02	3.98264	0.0325109	0.01	0.0398264
  54	  60	  56	  58	25.20	4.01099	0.0324932	0.01	0.0401099
  55	  61	  57	  59	26.28	4.18266	0.0323908	0.01	0.0418266
  56	  62	  58	  60	26.09	4.15217	0.0324084	0.01	0.0415217
  57	  63	  59	  61	26.88	4.27826	0.0323374	0.01	0.0427826
  58	  64	  60	  62	27.92	4.44292	0.0322508	0.01	0.0444292
  59	  65	  61	  63	27.60	4.39342	0.0322761	0.01	0.0439342
  60	  66	  62	  64	27.45	4.36845	0.0322891	0.01	0.0436845
  61	  67	  63	  65	26.47	4.21284	0.0323737	0.01	0.0421284
  63	  69	  65	  67	29.04	4.62229	0.0321634	0.01	0.0462229
  64	  70	  66	  68	28.49	4.53393	0.0322056	0.01	0.0453393
  65	  71	  67	  69	28.66	4.56178	0.0321921	0.01	0.0456178
  66	  72	  68	  70	31.18	4.96224	0.0320152	0.01	0.0496224
  67	  73	  69	  71	30.92	4.92107	0.0320321	0.01	0.0492107
  68	  74	  70	  72	31.81	5.06269	0.0319752	0.01	0.0506269
  69	  75	  71	  73	33.50	5.33231	0.0318754	0.01	0.0533231
  70	  76	  72	  74	33.20	5.28473	0.0318922	0.01	0.0528473
  71	  77	  73	  75	34.54	5.49689	0.0318192	0.01	0.0549689
  72	  78	  74	  76	36.08	5.7417	0.0317416	0.01	0.057417
  73	  79	  75	  77	35.39	5.63299	0.0317753	0.01	0.0563299
  74	  80	  76	  78	34.95	5.56174	0.031798	0.01	0.0556174
  75	  81	  77	  79	37.16	5.91361	0.031691	0.01	0.0591361
  76	  82	  78	  80	40.37	6.42482	0.0315565	0.01	0.0642482
  77	  83	  79	  81	41.24	6.56399	0.0315235	0.01	0.0656399
  78	  84	  80	  82	39.54	6.29281	0.0315891	0.01	0.0629281
  79	  85	  81	  83	40.54	6.45186	0.0315499	0.01	0.0645186
  80	  86	  82	  84	44.64	7.10536	0.0314074	0.01	0.0710536
  81	  87	  83	  85	44.55	7.09086	0.0314103	0.01	0.0709086
  82	  88	  84	  86	42.98	6.84007	0.031462	0.01	0.0684007
  83	  89	  85	  87	41.97	6.67896	0.0314972	0.01	0.0667896
  84	  90	  86	  88	41.35	6.58061	0.0315196	0.01	0.0658061
  85	  91	  87	  89	42.51	6.76541	0.0314781	0.01	0.0676541
  86	  92	  88	  90	41.86	6.66154	0.0315012	0.01	0.0666154
  87	  93	  89	  91	37.74	6.00616	0.031665	0.01	0.0600616
  88	  94	  90	  92	38.71	6.16142	0.031623	0.01	0.0616142
  89	  95	  91	  93	44.87	7.14149	0.0314003	0.01	0.0714149
  90	  96	  92	  94	43.29	6.88953	0.0314515	0.01	0.0688953
  91	  97	  93	  95	40.30	6.41327	0.0315593	0.01	0.0641327
  92	  98	  94	  96	40.01	6.36835	0.0315703	0.01	0.0636835
  93	  99	  95	  97	41.59	6.61907	0.0315108	0.01	0.0661907
  94	 100	  96	  98	43.89	6.98528	0.0314316	0.01	0.0698528
   1	  10	   4	   7	26.61	2.82354	0.0335417	0.01	0.0282354
   2	  11	   5	   8	26.36	2.79711	0.0335751	0.01	0.0279711
   3	  12	   6	   9	27.00	2.86509	0.0334903	0.01	0.0286509
   4	  13	   7	  10	28.10	2.98102	0.0333546	0.01	0.0298102
   5	  14	   8	  11	28.55	3.02939	0.033301	0.01	0.0302939
   6	  15	   9	  12	28.76	3.05204	0.0332765	0.01	0.0305204
   7	  16	  10	  13	27.40	2.90695	0.03344	0.01	0.0290695
   8	  17	  11	  14	27.71	2.94017	0.0334012	0.01	0.0294017
   9	  18	  12	  15	27.58	2.92643	0.0334171	0.01	0.0292643
  10	  19	  13	  16	30.00	3.18351	0.0331412	0.01	0.0318351
  11	  20	  14	  17	29.87	3.16931	0.0331553	0.01	0.0316931
  12	  21	  15	  18	30.30	3.21527	0.0331102	0.01	0.0321527
  13	  22	  16	  19	28.16	2.988	0.0333467	0.01	0.02988
  14	  23	  17	  20	28.83	3.0587	0.0332694	0.01	0.030587
  15	  24	  18	  21	27.94	2.96481	0.0333729	0.01	0.0296481
  16	  25	  19	  22	29.06	3.08337	0.0332432	0.01	0.0308337
  17	  26	  20	  23	28.53	3.02705	0.0333035	0.01	0.0302705
  18	  27	  21	  24	28.77	3.05277	0.0332757	0.01	0.0305277
  19	  28	  22	  25	28.11	2.98293	0.0333524	0.01	0.0298293
  20	  29	  23	  26	28.42	3.01578	0.0333159	0.01	0.0301578
  21	  30	  24	  27	28.26	2.99819	0.0333353	0.01	0.0299819
  22	  31	  25	  28	29.24	3.10204	0.0332237	0.01	0.0310204
  23	  32	  26	  29	28.66	3.04056	0.0332889	0.01	0.0304056
  24	  33	  27	  30	30.11	3.19508	0.0331298	0.01	0.0319508
  25	  34	  28	  31	29.08	3.08563	0.0332408	0.01	0.0308563
  26	  35	  29	  32	30.50	3.23571	0.0330905	0.01	0.0323571
  27	  36	  30	  33	28.79	3.05453	0.0332738	0.01	0.0305453
  28	  37	  31	  34	31.30	3.3208	0.0330113	0.01	0.033208
  29	  38	  32	  35	30.26	3.21116	0.0331141	0.01	0.0321116
  30	  39	  33	  36	32.56	3.45433	0.0328949	0.01	0.0345433
  31	  40	  34	  37	31.75	3.36889	0.0329683	0.01	0.0336889
  32	  41	  35	  38	33.98	3.60572	0.0327734	0.01	0.0360572
  33	  42	  36	  39	32.62	3.46093	0.0328894	0.01	0.0346093
  34	  43	  37	  40	33.81	3.58747	0.0327875	0.01	0.0358747
  35	  44	  38	  41	33.33	3.53642	0.0328277	0.01	0.0353642
  36	  45	  39	  42	34.59	3.6701	0.0305449	0.05	0.183505
  37	  46	  40	  43	33.05	3.50652	0.0305704	0.05	0.175326
  38	  47	  41	  44	33.99	3.60622	0.0305546	0.05	0.180311
  39	  48	  42	  45	33.09	3.51096	0.0305696	0.05	0.175548
  40	  49	  43	  46	33.95	3.6027	0.0305551	0.05	0.180135
  41	  50	  44	  47	33.09	3.5113	0.0305696	0.05	0.175565
  42	  51	  45	  48	33.50	3.55425	0.0305627	0.05	0.177713
  43	  52	  46	  49	32.06	3.40183	0.0305879	0.05	0.170091
  44	  53	  47	  50	32.44	3.44169	0.0305811	0.05	0.172084
  46	  55	  49	  52	32.04	3.39936	0.0305883	0.05	0.169968
  47	  56	  50	  53	32.05	3.40083	0.0305881	0.05	0.170042
  48	  57	  51	  54	31.63	3.3556	0.030596	0.05	0.16778
  49	  58	  52	  55	32.43	3.44146	0.0305811	0.05	0.172073
  50	  59	  53	  56	32.14	3.4101	0.0305865	0.05	0.170505
  51	  60	  54	  57	32.08	3.40369	0.0305876	0.05	0.170184
  52	  61	  55	  58	31.40	3.33206	0.0306002	0.05	0.166603
  53	  62	  56	  59	31.03	3.29236	0.0306075	0.05	0.164618
  54	  63	  57	  60	31.99	3.39395	0.0305893	0.05	0.169698
  55	  64	  58	  61	32.10	3.40611	0.0305872	0.05	0.170306
  56	  65	  59	  62	34.07	3.61492	0.0305533	0.05	0.180746
  57	  66	  60	  63	32.77	3.47749	0.0305751	0.05	0.173874
  58	  67	  61	  64	33.21	3.52379	0.0305676	0.05	0.17619
  59	  68	  62	  65	31.81	3.37521	0.0305926	0.05	0.16876
  61	  70	  64	  67	33.10	3.51211	0.0305695	0.05	0.175606
  62	  71	  65	  68	34.00	3.60798	0.0305543	0.05	0.180399
  63	  72	  66	  69	34.66	3.6773	0.0305439	0.05	0.183865
  64	  73	  67	  70	34.97	3.71041	0.030539	0.05	0.185521
  65	  74	  68	  71	36.17	3.83812	0.0305211	0.05	0.191906
  66	  75	  69	  72	36.47	3.86934	0.0305169	0.05	0.193467
  67	  76	  70	  73	37.85	4.01618	0.030498	0.05	0.200809
  68	  77	  71	  74	38.20	4.05364	0.0304934	0.05	0.202682
  69	  78	  72	  75	39.72	4.21487	0.0304745	0.05	0.210744
  70	  79	  73	  76	40.67	4.31479	0.0304635	0.05	0.215739
  71	  80	  74	  77	39.94	4.23766	0.030472	0.05	0.211883
  72	  81	  75	  78	40.60	4.30782	0.0304643	0.05	0.215391
  73	  82	  76	  79	41.43	4.39545	0.030455	0.05	0.219772
  74	  83	  77	  80	43.81	4.64835	0.0304303	0.05	0.232418
  75	  84	  78	  81	44.32	4.70297	0.0304253	0.05	0.235149
  76	  85	  79	  82	44.60	4.73228	0.0304226	0.05	0.236614
  77	  86	  80	  83	45.03	4.77767	0.0304186	0.05	0.238884
  78	  87	  81	  84	46.44	4.92761	0.0304059	0.05	0.24638
  79	  88	  82	  85	48.15	5.10925	0.0303914	0.05	0.255463
  80	  89	  83	  86	47.26	5.01441	0.0303989	0.05	0.250721
  81	  90	  84	  87	45.91	4.87137	0.0304106	0.05	0.243569
  82	  91	  85	  88	42.38	4.49675	0.0304448	0.05	0.224838
  83	  92	  86	  89	43.30	4.59436	0.0304353	0.05	0.229718
  84	  93	  87	  90	42.35	4.49376	0.0304451	0.05	0.224688
  85	  94	  88	  91	42.78	4.53858	0.0304407	0.05	0.226929
  86	  95	  89	  92	42.81	4.54201	0.0304403	0.05	0.227101
  87	  96	  90	  93	40.39	4.28526	0.0304667	0.05	0.214263
  88	  97	  91	  94	45.22	4.79775	0.0304169	0.05	0.239888
  89	  98	  92	  95	45.48	4.82547	0.0304145	0.05	0.241274
  90	  99	  93	  96	36.49	3.87223	0.0305165	0.05	0.193612
  91	 100	  94	  97	42.31	4.48948	0.0304455	0.05	0.224474
   1	  13	   5	   9	32.15	2.55823	0.0307818	0.05	0.127911
   2	  14	   6	  10	31.49	2.50565	0.0307982	0.05	0.125282
   3	  15	   7	  11	35.30	2.80881	0.030712	0.05	0.140441
   4	  16	   8	  12	34.33	2.73154	0.0307322	0.05	0.136577
   5	  17	   9	  13	34.33	2.73183	0.0307321	0.05	0.136591
   6	  18	  10	  14	34.12	2.71509	0.0307366	0.05	0.135754
   7	  19	  11	  15	33.82	2.6913	0.0307431	0.05	0.134565
   8	  20	  12	  16	35.07	2.79039	0.0307167	0.05	0.13952
   9	  21	  13	  17	35.95	2.86072	0.0306991	0.05	0.143036
  10	  22	  14	  18	36.25	2.88467	0.0306933	0.05	0.144233
  11	  23	  15	  19	36.08	2.8713	0.0306965	0.05	0.143565
  12	  24	  16	  20	35.10	2.79323	0.030716	0.05	0.139661
  13	  25	  17	  21	34.60	2.75313	0.0307264	0.05	0.137657
  14	  26	  18	  22	34.23	2.72422	0.0307342	0.05	0.136211
  15	  27	  19	  23	34.98	2.78383	0.0307184	0.05	0.139192
  16	  28	  20	  24	34.94	2.78056	0.0307193	0.05	0.139028
  17	  29	  21	  25	35.26	2.80601	0.0307128	0.05	0.140301
  18	  30	  22	  26	34.91	2.77828	0.0307199	0.05	0.138914
  19	  31	  23	  27	35.14	2.79609	0.0307153	0.05	0.139804
  20	  32	  24	  28	35.74	2.8442	0.0307032	0.05	0.14221
  21	  33	  25	  29	35.52	2.82621	0.0307077	0.05	0.141311
  22	  34	  26	  30	36.56	2.90955	0.0306874	0.05	0.145478
  23	  35	  27	  31	36.20	2.88056	0.0306943	0.05	0.144028
  24	  36	  28	  32	35.95	2.86052	0.0306992	0.05	0.143026
  25	  37	  29	  33	36.79	2.92785	0.0306831	0.05	0.146393
  26	  38	  30	  34	36.45	2.90032	0.0306896	0.05	0.145016
  27	  39	  31	  35	37.07	2.9502	0.0306779	0.05	0.14751
  28	  40	  32	  36	38.49	3.06286	0.030653	0.05	0.153143
  29	  41	  33	  37	38.33	3.0501	0.0306557	0.05	0.152505
  30	  42	  34	  38	39.13	3.11368	0.0306423	0.05	0.155684
  31	  43	  35	  39	40.23	3.20175	0.0306247	0.05	0.160087
  32	  44	  36	  40	39.61	3.15236	0.0306344	0.05	0.157618
  34	  46	  38	  42	41.00	3.26244	0.030613	0.05	0.163122
  35	  47	  39	  43	39.67	3.15671	0.0306336	0.05	0.157836
  36	  48	  40	  44	40.40	3.21492	0.0306221	0.05	0.160746
  37	  49	  41	  45	40.17	3.19681	0.0306256	0.05	0.159841
  38	  50	  42	  46	40.01	3.18411	0.0306281	0.05	0.159206
  39	  51	  43	  47	40.29	3.20615	0.0306238	0.05	0.160308
  40	  52	  44	  48	39.87	3.17294	0.0306303	0.05	0.158647
  41	  53	  45	  49	39.33	3.12965	0.030639	0.05	0.156483
  42	  54	  46	  50	39.33	3.12943	0.0306391	0.05	0.156472
  44	  56	  48	  52	38.33	3.04983	0.0306558	0.05	0.152491
  45	  57	  49	  53	39.08	3.10959	0.0306432	0.05	0.155479
  46	  58	  50	  54	37.99	3.02344	0.0306615	0.05	0.151172
  47	  59	  51	  55	38.99	3.10282	0.0306446	0.05	0.155141
  48	  60	  52	  56	38.89	3.09489	0.0306462	0.05	0.154745
  49	  61	  53	  57	37.57	2.98953	0.030669	0.05	0.149476
  50	  62	  54	  58	38.12	3.03345	0.0306593	0.05	0.151673
  51	  63	  55	  59	37.37	2.97357	0.0306726	0.05	0.148679
  52	  64	  56	  60	37.55	2.98822	0.0306693	0.05	0.149411
  53	  65	  57	  61	38.99	3.10312	0.0306445	0.05	0.155156
  54	  66	  58	  62	39.38	3.13411	0.0306381	0.05	0.156705
  55	  67	  59	  63	39.09	3.11057	0.030643	0.05	0.155528
  56	  68	  60	  64	40.06	3.18801	0.0306274	0.05	0.1594
  57	  69	  61	  65	38.43	3.05841	0.0306539	0.05	0.15292
  59	  71	  63	  67	39.27	3.12471	0.0306401	0.05	0.156236
  60	  72	  64	  68	38.52	3.06537	0.0306524	0.05	0.153269
  61	  73	  65	  69	39.93	3.1776	0.0306294	0.05	0.15888
  62	  74	  66	  70	37.03	2.94702	0.0306787	0.05	0.147351
  63	  75	  67	  71	40.62	3.23231	0.0306188	0.05	0.161616
  64	  76	  68	  72	42.39	3.37357	0.0305928	0.05	0.168679
  65	  77	  69	  73	43.07	3.42707	0.0305836	0.05	0.171354
  66	  78	  70	  74	43.39	3.4528	0.0305792	0.05	0.17264
  67	  79	  71	  75	44.85	3.5691	0.0305604	0.05	0.178455
  68	  80	  72	  76	45.19	3.59622	0.0305561	0.05	0.179811
  69	  81	  73	  77	44.46	3.53778	0.0305653	0.05	0.176889
  70	  82	  74	  78	46.11	3.66907	0.0305451	0.05	0.183454
  71	  83	  75	  79	45.58	3.62678	0.0305515	0.05	0.181339
  72	  84	  76	  80	46.62	3.70984	0.0305391	0.05	0.185492
  73	  85	  77	  81	48.11	3.82884	0.0305224	0.05	0.191442
  74	  86	  78	  82	48.23	3.83833	0.0305211	0.05	0.191917
  75	  87	  79	  83	50.67	4.03224	0.030496	0.05	0.201612
  76	  88	  80	  84	51.94	4.13332	0.0304839	0.05	0.206666
  77	  89	  81	  85	51.41	4.09082	0.0304889	0.05	0.204541
  78	  90	  82	  86	51.76	4.11874	0.0304856	0.05	0.205937
  79	  91	  83	  87	50.51	4.01966	0.0304976	0.05	0.200983
  80	  92	  84	  88	47.33	3.7667	0.030531	0.05	0.188335
  81	  93	  85	  89	45.57	3.62642	0.0305515	0.05	0.181321
  82	  94	  86	  90	46.73	3.71869	0.0305378	0.05	0.185934
  83	  95	  87	  91	46.49	3.69973	0.0305406	0.05	0.184986
  84	  96	  88	  92	48.10	3.82806	0.0305225	0.05	0.191403
  85	  97	  89	  93	41.92	3.33598	0.0305995	0.05	0.166799
  86	  98	  90	  94	51.40	4.09	0.030489	0.05	0.2045
  87	  99	  91	  95	40.14	3.19446	0.0306261	0.05	0.159723
  88	 100	  92	  96	50.01	3.97987	0.0305025	0.05	0.198994
   1	  16	   6	  11	40.46	2.57552	0.0307765	0.05	0.128776
   2	  17	   7	  12	40.66	2.58821	0.0307727	0.05	0.12941
   3	  18	   8	  13	39.18	2.49459	0.0308017	0.05	0.124729
   4	  19	   9	  14	40.61	2.58524	0.0307736	0.05	0.129262
   5	  20	  10	  15	41.28	2.62823	0.030761	0.05	0.131412
   6	  21	  11	  16	41.11	2.61689	0.0307643	0.05	0.130845
   7	  22	  12	  17	41.05	2.61343	0.0307653	0.05	0.130672
   8	  23	  13	  18	42.75	2.72179	0.0307348	0.05	0.13609
   9	  24	  14	  19	41.94	2.67016	0.030749	0.05	0.133508
  10	  25	  15	  20	42.10	2.68012	0.0307462	0.05	0.134006
  11	  26	  16	  21	41.08	2.6154	0.0307647	0.05	0.13077
  12	  27	  17	  22	41.15	2.6194	0.0307635	0.05	0.13097
  13	  28	  18	  23	40.24	2.56164	0.0307808	0.05	0.128082
  14	  29	  19	  24	40.87	2.60209	0.0307686	0.05	0.130105
  15	  30	  20	  25	40.69	2.59062	0.030772	0.05	0.129531
  16	  31	  21	  26	41.89	2.66705	0.0307499	0.05	0.133352
  17	  32	  22	  27	41.58	2.64682	0.0307556	0.05	0.132341
  18	  33	  23	  28	42.10	2.68001	0.0307463	0.05	0.134
  19	  34	  24	  29	41.92	2.66877	0.0307494	0.05	0.133438
  20	  35	  25	  30	43.16	2.74734	0.030728	0.05	0.137367
  21	  36	  26	  31	41.67	2.65275	0.0307539	0.05	0.132638
  22	  37	  27	  32	42.69	2.71759	0.0307359	0.05	0.13588
  23	  38	  28	  33	42.76	2.72189	0.0307348	0.05	0.136095
  24	  39	  29	  34	43.28	2.75498	0.030726	0.05	0.137749
  25	  40	  30	  35	41.91	2.66815	0.0307496	0.05	0.133408
  26	  41	  31	  36	44.76	2.8494	0.0307019	0.05	0.14247
  27	  42	  32	  37	43.77	2.78652	0.0307177	0.05	0.139326
  28	  43	  33	  38	44.87	2.8568	0.0307001	0.05	0.14284
  29	  44	  34	  39	45.42	2.89149	0.0306917	0.05	0.144574
  30	  45	  35	  40	47.03	2.99426	0.0306679	0.05	0.149713
  31	  46	  36	  41	45.40	2.88997	0.0334602	0.01	0.0288997
  32	  47	  37	  42	47.34	3.01404	0.0306636	0.05	0.150702
  33	  48	  38	  43	46.80	2.9797	0.0306712	0.05	0.148985
  34	  49	  39	  44	46.54	2.96286	0.030675	0.05	0.148143
  35	  50	  40	  45	45.82	2.91703	0.0306856	0.05	0.145852
  36	  51	  41	  46	47.04	2.99481	0.0306678	0.05	0.149741
  37	  52	  42	  47	45.52	2.89779	0.0306902	0.05	0.14489
  38	  53	  43	  48	45.49	2.89615	0.0306906	0.05	0.144808
  39	  54	  44	  49	45.77	2.91359	0.0306864	0.05	0.145679
  40	  55	  45	  50	45.04	2.86731	0.0306975	0.05	0.143366
  42	  57	  47	  52	44.60	2.83962	0.0307043	0.05	0.141981
  43	  58	  48	  53	44.82	2.85339	0.0307009	0.05	0.14267
  44	  59	  49	  54	44.48	2.83182	0.0307063	0.05	0.141591
  45	  60	  50	  55	44.23	2.81545	0.0307104	0.05	0.140773
  46	  61	  51	  56	44.83	2.85399	0.0307008	0.05	0.1427
  47	  62	  52	  57	41.81	2.6619	0.0307513	0.05	0.133095
  48	  63	  53	  58	43.52	2.7704	0.0307219	0.05	0.13852
  49	  64	  54	  59	43.87	2.79268	0.0307162	0.05	0.139634
  50	  65	  55	  60	44.12	2.80883	0.030712	0.05	0.140442
  51	  66	  56	  61	44.17	2.81183	0.0307113	0.05	0.140592
  52	  67	  57	  62	44.61	2.84001	0.0307042	0.05	0.142
  53	  68	  58	  63	45.32	2.88543	0.0306931	0.05	0.144271
  54	  69	  59	  64	45.94	2.92478	0.0306838	0.05	0.146239
  55	  70	  60	  65	44.64	2.84214	0.0307037	0.05	0.142107
  57	  72	  62	  67	43.94	2.79757	0.0307149	0.05	0.139879
  58	  73	  63	  68	44.14	2.80972	0.0307118	0.05	0.140486
  59	  74	  64	  69	44.52	2.83428	0.0307056	0.05	0.141714
  60	  75	  65	  70	45.95	2.92544	0.0306837	0.05	0.146272
  61	  76	  66	  71	44.05	2.80429	0.0307132	0.05	0.140214
  62	  77	  67	  72	47.12	3.00002	0.0306667	0.05	0.150001
  63	  78	  68	  73	48.49	3.08673	0.0306479	0.05	0.154336
  64	  79	  69	  74	48.76	3.10406	0.0306443	0.05	0.155203
  65	  80	  70	  75	49.03	3.12115	0.0306408	0.05	0.156057
  66	  81	  71	  76	50.05	3.18619	0.0306277	0.05	0.15931
  67	  82	  72	  77	49.83	3.17197	0.0306305	0.05	0.158598
  68	  83	  73	  78	49.49	3.15066	0.0306348	0.05	0.157533
  69	  84	  74	  79	49.68	3.16295	0.0306323	0.05	0.158147
  70	  85	  75	  80	50.35	3.20516	0.030624	0.05	0.160258
  71	  86	  76	  81	51.30	3.26576	0.0306124	0.05	0.163288
  72	  87	  77	  82	52.28	3.3285	0.0306009	0.05	0.166425
  73	  88	  78	  83	54.62	3.47723	0.0305752	0.05	0.173861
  74	  89	  79	  84	56.03	3.56727	0.0305607	0.05	0.178364
  75	  90	  80	  85	55.81	3.55311	0.0305629	0.05	0.177655
  76	  91	  81	  86	55.40	3.52658	0.0305671	0.05	0.176329
  77	  92	  82	  87	53.32	3.39459	0.0305892	0.05	0.169729
  78	  93	  83	  88	49.70	3.16369	0.0306322	0.05	0.158185
  79	  94	  84	  89	50.19	3.19537	0.0306259	0.05	0.159768
  80	  95	  85	  90	50.80	3.23402	0.0306184	0.05	0.161701
  81	  96	  86	  91	50.36	3.20627	0.0306238	0.05	0.160314
  82	  97	  87	  92	50.83	3.23588	0.0306181	0.05	0.161794
  83	  98	  88	  93	54.08	3.44272	0.0305809	0.05	0.172136
  84	  99	  89	  94	45.91	2.92288	0.0306843	0.05	0.146144
  85	 100	  90	  95	57.28	3.64686	0.0305484	0.05	0.182343
   1	  19	   7	  13	45.40	2.40847	0.0308304	0.05	0.120424
   2	  20	   8	  14	45.36	2.40654	0.0308311	0.05	0.120327
   3	  21	   9	  15	46.45	2.46434	0.0308116	0.05	0.123217
   4	  22	  10	  16	47.99	2.54573	0.0307856	0.05	0.127286
   5	  23	  11	  17	47.35	2.51221	0.0307961	0.05	0.12561
   6	  24	  12	  18	47.69	2.53029	0.0307904	0.05	0.126514
   7	  25	  13	  19	47.85	2.53828	0.0307879	0.05	0.126914
   8	  26	  14	  20	48.00	2.54661	0.0307854	0.05	0.127331
   9	  27	  15	  21	47.26	2.507	0.0307978	0.05	0.12535
  10	  28	  16	  22	46.58	2.47133	0.0308093	0.05	0.123567
  11	  29	  17	  23	47.04	2.49577	0.0308014	0.05	0.124788
  12	  30	  18	  24	45.99	2.43967	0.0308198	0.05	0.121984
  13	  31	  19	  25	46.58	2.47105	0.0308094	0.05	0.123553
  14	  32	  20	  26	46.88	2.48693	0.0308042	0.05	0.124346
  15	  33	  21	  27	47.20	2.50406	0.0307987	0.05	0.125203
  16	  34	  22	  28	47.74	2.53257	0.0307897	0.05	0.126629
  17	  35	  23	  29	47.74	2.5329	0.0307896	0.05	0.126645
  18	  36	  24	  30	48.69	2.58286	0.0307743	0.05	0.129143
  19	  37	  25	  31	47.91	2.5417	0.0307869	0.05	0.127085
  20	  38	  26	  32	48.09	2.55126	0.0307839	0.05	0.127563
  21	  39	  27	  33	48.19	2.55636	0.0307824	0.05	0.127818
  22	  40	  28	  34	48.26	2.56031	0.0307812	0.05	0.128016
  23	  41	  29	  35	48.85	2.59162	0.0307717	0.05	0.129581
  24	  42	  30	  36	48.88	2.59333	0.0307712	0.05	0.129666
  25	  43	  31	  37	49.58	2.63011	0.0307604	0.05	0.131505
  26	  44	  32	  38	50.04	2.65455	0.0307534	0.05	0.132727
  27	  45	  33	  39	50.79	2.69463	0.0307422	0.05	0.134732
  28	  46	  34	  40	51.48	2.73085	0.0307324	0.05	0.136542
  29	  47	  35	  41	50.62	2.68549	0.0307447	0.05	0.134274
  30	  48	  36	  42	52.09	2.76349	0.0307237	0.05	0.138175
  31	  49	  37	  43	52.17	2.76779	0.0307226	0.05	0.13839
  32	  50	  38	  44	52.49	2.78462	0.0307182	0.05	0.139231
  33	  51	  39	  45	52.14	2.76605	0.0307231	0.05	0.138302
  34	  52	  40	  46	52.06	2.7621	0.0307241	0.05	0.138105
  35	  53	  41	  47	51.00	2.70565	0.0307392	0.05	0.135282
  36	  54	  42	  48	51.15	2.71334	0.0307371	0.05	0.135667
  37	  55	  43	  49	50.37	2.6722	0.0307484	0.05	0.13361
  38	  56	  44	  50	50.29	2.66815	0.0307496	0.05	0.133407
  40	  58	  46	  52	49.54	2.628	0.030761	0.05	0.1314
  41	  59	  47	  53	50.47	2.67743	0.030747	0.05	0.133871
  42	  60	  48	  54	49.31	2.61621	0.0307645	0.05	0.130811
  43	  61	  49	  55	49.94	2.64918	0.030755	0.05	0.132459
  44	  62	  50	  56	49.33	2.61686	0.0307643	0.05	0.130843
  45	  63	  51	  57	49.22	2.61134	0.0307659	0.05	0.130567
  46	  64	  52	  58	49.53	2.62768	0.0307611	0.05	0.131384
  47	  65	  53	  59	49.02	2.60036	0.0307691	0.05	0.130018
  48	  66	  54	  60	50.20	2.66343	0.0307509	0.05	0.133172
  49	  67	  55	  61	49.79	2.64164	0.0307571	0.05	0.132082
  50	  68	  56	  62	50.85	2.69758	0.0307414	0.05	0.134879
  51	  69	  57	  63	50.67	2.68795	0.0307441	0.05	0.134397
  52	  70	  58	  64	51.01	2.70602	0.0307391	0.05	0.135301
  53	  71	  59	  65	50.58	2.68318	0.0307454	0.05	0.134159
  55	  73	  61	  67	49.76	2.6397	0.0307577	0.05	0.131985
  56	  74	  62	  68	49.00	2.59955	0.0307694	0.05	0.129978
  57	  75	  63	  69	49.76	2.63991	0.0307576	0.05	0.131996
  58	  76	  64	  70	49.51	2.6266	0.0307614	0.05	0.13133
  59	  77	  65	  71	50.93	2.70177	0.0307403	0.05	0.135088
  60	  78	  66	  72	51.12	2.7122	0.0307374	0.05	0.13561
  61	  79	  67	  73	52.42	2.78085	0.0307192	0.05	0.139042
  62	  80	  68	  74	53.63	2.84508	0.030703	0.05	0.142254
  63	  81	  69	  75	53.61	2.84387	0.0307033	0.05	0.142193
  64	  82	  70	  76	55.06	2.92118	0.0306847	0.05	0.146059
  65	  83	  71	  77	53.90	2.85934	0.0306995	0.05	0.142967
  66	  84	  72	  78	53.77	2.8524	0.0307012	0.05	0.14262
  67	  85	  73	  79	53.08	2.81611	0.0307102	0.05	0.140805
  68	  86	  74	  80	54.65	2.8991	0.0306899	0.05	0.144955
  69	  87	  75	  81	55.27	2.93237	0.030682	0.05	0.146619
  70	  88	  76	  82	55.41	2.93975	0.0306803	0.05	0.146987
  71	  89	  77	  83	57.89	3.07102	0.0306513	0.05	0.153551
  72	  90	  78	  84	58.94	3.12691	0.0306396	0.05	0.156346
  73	  91	  79	  85	60.09	3.18782	0.0306274	0.05	0.159391
  74	  92	  80	  86	56.82	3.01422	0.0306635	0.05	0.150711
  75	  93	  81	  87	55.85	2.96281	0.030675	0.05	0.14814
  76	  94	  82	  88	56.88	3.01771	0.0306628	0.05	0.150886
  77	  95	  83	  89	55.81	2.96066	0.0306755	0.05	0.148033
  78	  96	  84	  90	55.20	2.92833	0.030683	0.05	0.146417
  79	  97	  85	  91	53.77	2.85241	0.0307012	0.05	0.142621
  80	  98	  86	  92	54.45	2.88887	0.0306923	0.05	0.144444
  82	 100	  88	  94	58.38	3.09703	0.0306458	0.05	0.154852
   1	  22	   8	  15	50.96	2.31718	0.0308631	0.05	0.115859
   2	  23	   9	  16	52.71	2.39704	0.0308344	0.05	0.119852
   3	  24	  10	  17	53.18	2.41819	0.0308271	0.05	0.120909
   4	  25	  11	  18	53.40	2.42845	0.0308236	0.05	0.121423
   5	  26	  12	  19	52.82	2.40187	0.0308327	0.05	0.120093
   6	  27	  13	  20	53.51	2.43346	0.0308219	0.05	0.121673
   7	  28	  14	  21	53.10	2.41439	0.0308284	0.05	0.120719
   8	  29	  15	  22	53.06	2.41275	0.0308289	0.05	0.120637
   9	  30	  16	  23	51.77	2.35418	0.0308496	0.05	0.117709
  10	  31	  17	  24	51.97	2.36323	0.0308463	0.05	0.118161
  11	  32	  18	  25	51.93	2.3614	0.030847	0.05	0.11807
  12	  33	  19	  26	52.61	2.39224	0.030836	0.05	0.119612
  13	  34	  20	  27	52.03	2.36574	0.0308454	0.05	0.118287
  14	  35	  21	  28	52.79	2.40052	0.0308332	0.05	0.120026
  15	  36	  22	  29	52.29	2.37787	0.0308411	0.05	0.118893
  16	  37	  23	  30	53.71	2.44224	0.0308189	0.05	0.122112
  17	  38	  24	  31	53.23	2.42042	0.0308263	0.05	0.121021
  18	  39	  25	  32	53.74	2.44389	0.0308184	0.05	0.122195
  19	  40	  26	  33	53.00	2.40992	0.0308299	0.05	0.120496
  20	  41	  27	  34	53.97	2.45397	0.030815	0.05	0.122699
  21	  42	  28	  35	52.99	2.4094	0.0308301	0.05	0.12047
  22	  43	  29	  36	54.79	2.49168	0.0308027	0.05	0.124584
  23	  44	  30	  37	53.59	2.43667	0.0308208	0.05	0.121833
  24	  45	  31	  38	55.11	2.50618	0.030798	0.05	0.125309
  25	  46	  32	  39	55.72	2.5338	0.0307893	0.05	0.12669
  26	  47	  33	  40	56.73	2.57945	0.0307754	0.05	0.128973
  27	  48	  34	  41	56.38	2.56389	0.0307801	0.05	0.128195
  28	  49	  35	  42	58.04	2.63947	0.0307577	0.05	0.131973
  29	  50	  36	  43	56.61	2.57425	0.0307769	0.05	0.128712
  30	  51	  37	  44	58.19	2.64585	0.0307559	0.05	0.132292
  31	  52	  38	  45	57.20	2.60119	0.0307689	0.05	0.130059
  32	  53	  39	  46	56.95	2.5898	0.0307723	0.05	0.12949
  33	  54	  40	  47	56.49	2.56868	0.0307786	0.05	0.128434
  34	  55	  41	  48	56.05	2.54884	0.0307847	0.05	0.127442
  35	  56	  42	  49	54.78	2.4911	0.0308029	0.05	0.124555
  36	  57	  43	  50	55.78	2.53635	0.0307885	0.05	0.126818
  38	  59	  45	  52	54.80	2.49198	0.0308026	0.05	0.124599
  39	  60	  46	  53	54.77	2.49067	0.030803	0.05	0.124533
  40	  61	  47	  54	54.09	2.4594	0.0308132	0.05	0.12297
  41	  62	  48	  55	54.13	2.46151	0.0308125	0.05	0.123076
  42	  63	  49	  56	54.79	2.4914	0.0308028	0.05	0.12457
  43	  64	  50	  57	53.47	2.43163	0.0308225	0.05	0.121582
  44	  65	  51	  58	54.86	2.49471	0.0308017	0.05	0.124735
  45	  66	  52	  59	54.66	2.48567	0.0308046	0.05	0.124284
  46	  67	  53	  60	54.92	2.49735	0.0308008	0.05	0.124868
  47	  68	  54	  61	55.95	2.54415	0.0307861	0.05	0.127208
  48	  69	  55	  62	56.02	2.54722	0.0307852	0.05	0.127361
  49	  70	  56	  63	55.29	2.51406	0.0307955	0.05	0.125703
  50	  71	  57	  64	56.35	2.56238	0.0307805	0.05	0.128119
  51	  72	  58	  65	55.04	2.50304	0.030799	0.05	0.125152
  53	  74	  60	  67	55.55	2.52613	0.0307917	0.05	0.126306
  54	  75	  61	  68	53.97	2.45437	0.0308149	0.05	0.122718
  55	  76	  62	  69	54.18	2.46384	0.0308117	0.05	0.123192
  56	  77	  63	  70	55.17	2.50851	0.0307973	0.05	0.125426
  57	  78	  64	  71	54.79	2.49135	0.0308028	0.05	0.124568
  58	  79	  65	  72	56.00	2.54663	0.0307854	0.05	0.127332
  59	  80	  66	  73	55.68	2.53214	0.0307898	0.05	0.126607
  60	  81	  67	  74	56.45	2.56712	0.0307791	0.05	0.128356
  61	  82	  68	  75	58.40	2.65553	0.0307531	0.05	0.132777
  62	  83	  69	  76	58.57	2.66321	0.030751	0.05	0.133161
  63	  84	  70	  77	57.49	2.61402	0.0307651	0.05	0.130701
  64	  85	  71	  78	57.87	2.63133	0.0307601	0.05	0.131567
  65	  86	  72	  79	57.58	2.61842	0.0307638	0.05	0.130921
  66	  87	  73	  80	58.16	2.64475	0.0307562	0.05	0.132238
  67	  88	  74	  81	59.24	2.69359	0.0307425	0.05	0.13468
  68	  89	  75	  82	58.97	2.68143	0.0307459	0.05	0.134071
  69	  90	  76	  83	60.20	2.73742	0.0307306	0.05	0.136871
  70	  91	  77	  84	61.78	2.80944	0.0307119	0.05	0.140472
  71	  92	  78	  85	60.84	2.76659	0.0307229	0.05	0.13833
  72	  93	  79	  86	60.15	2.73522	0.0307312	0.05	0.136761
  73	  94	  80	  87	60.66	2.75822	0.0307251	0.05	0.137911
  74	  95	  81	  88	60.20	2.73734	0.0307306	0.05	0.136867
  75	  96	  82	  89	61.08	2.77741	0.0307201	0.05	0.138871
  76	  97	  83	  90	60.32	2.74279	0.0307292	0.05	0.13714
  77	  98	  84	  91	58.00	2.63744	0.0307583	0.05	0.131872
  78	  99	  85	  92	57.27	2.60444	0.0307679	0.05	0.130222
  79	 100	  86	  93	58.86	2.67657	0.0307472	0.05	0.133828
   1	  25	   9	  17	57.49	2.28729	0.0308744	0.05	0.114364
   2	  26	  10	  18	58.60	2.33155	0.0308578	0.05	0.116578
   3	  27	  11	  19	57.27	2.27859	0.0308777	0.05	0.113929
   4	  28	  12	  20	57.83	2.30102	0.0308692	0.05	0.115051
   5	  29	  13	  21	58.47	2.32656	0.0308596	0.05	0.116328
   6	  30	  14	  22	58.35	2.32156	0.0308615	0.05	0.116078
   7	  31	  15	  23	58.30	2.31984	0.0308621	0.05	0.115992
   8	  32	  16	  24	57.63	2.29317	0.0308722	0.05	0.114658
   9	  33	  17	  25	57.15	2.27401	0.0308795	0.05	0.113701
  10	  34	  18	  26	56.64	2.25376	0.0308874	0.05	0.112688
  11	  35	  19	  27	57.25	2.27775	0.0308781	0.05	0.113887
  12	  36	  20	  28	57.02	2.26875	0.0308815	0.05	0.113437
  13	  37	  21	  29	57.09	2.27169	0.0308804	0.05	0.113585
  14	  38	  22	  30	57.90	2.30381	0.0308681	0.05	0.115191
  15	  39	  23	  31	57.33	2.28114	0.0308768	0.05	0.114057
  16	  40	  24	  32	57.89	2.30355	0.0308682	0.05	0.115178
  17	  41	  25	  33	58.19	2.3154	0.0308638	0.05	0.11577
  18	  42	  26	  34	58.09	2.31117	0.0308654	0.05	0.115558
  19	  43	  27	  35	57.70	2.2958	0.0308712	0.05	0.11479
  20	  44	  28	  36	59.01	2.34785	0.0308518	0.05	0.117393
  21	  45	  29	  37	58.87	2.34253	0.0308538	0.05	0.117127
  22	  46	  30	  38	58.82	2.34041	0.0308546	0.05	0.11702
  23	  47	  31	  39	60.44	2.40491	0.0308316	0.05	0.120246
  24	  48	  32	  40	60.97	2.42608	0.0308244	0.05	0.121304
  25	  49	  33	  41	61.16	2.43336	0.0308219	0.05	0.121668
  26	  50	  34	  42	62.48	2.48588	0.0308045	0.05	0.124294
  27	  51	  35	  43	62.48	2.48603	0.0308045	0.05	0.124301
  28	  52	  36	  44	61.56	2.44924	0.0308166	0.05	0.122462
  29	  53	  37	  45	61.74	2.45672	0.0308141	0.05	0.122836
  30	  54	  38	  46	63.22	2.51542	0.0339755	0.01	0.0251542
  31	  55	  39	  47	61.20	2.43504	0.0308213	0.05	0.121752
  32	  56	  40	  48	60.68	2.41429	0.0308284	0.05	0.120715
  33	  57	  41	  49	60.72	2.41584	0.0308279	0.05	0.120792
  34	  58	  42	  50	59.51	2.36793	0.0308446	0.05	0.118396
  36	  60	  44	  52	58.95	2.34545	0.0308527	0.05	0.117273
  37	  61	  45	  53	59.19	2.35498	0.0308493	0.05	0.117749
  38	  62	  46	  54	57.54	2.28944	0.0308736	0.05	0.114472
  39	  63	  47	  55	58.99	2.34704	0.0308521	0.05	0.117352
  40	  64	  48	  56	58.53	2.32899	0.0308587	0.05	0.11645
  41	  65	  49	  57	58.85	2.34154	0.0308541	0.05	0.117077
  42	  66	  50	  58	58.68	2.33493	0.0308566	0.05	0.116746
  43	  67	  51	  59	58.93	2.34489	0.0308529	0.05	0.117245
  44	  68	  52	  60	60.05	2.38943	0.030837	0.05	0.119471
  45	  69	  53	  61	59.91	2.38394	0.0308389	0.05	0.119197
  46	  70	  54	  62	61.06	2.42943	0.0308232	0.05	0.121471
  47	  71	  55	  63	60.36	2.40184	0.0308327	0.05	0.120092
  48	  72	  56	  64	60.30	2.39928	0.0308336	0.05	0.119964
  49	  73	  57	  65	59.57	2.37018	0.0308438	0.05	0.118509
  51	  75	  59	  67	59.97	2.3862	0.0308382	0.05	0.11931
  52	  76	  60	  68	58.87	2.3423	0.0308539	0.05	0.117115
  53	  77	  61	  69	60.06	2.38989	0.0308369	0.05	0.119494
  54	  78	  62	  70	58.48	2.32681	0.0308595	0.05	0.11634
  55	  79	  63	  71	59.73	2.37664	0.0308415	0.05	0.118832
  56	  80	  64	  72	59.31	2.35982	0.0308475	0.05	0.117991
  57	  81	  65	  73	60.70	2.41505	0.0308281	0.05	0.120753
  58	  82	  66	  74	60.60	2.41115	0.0308295	0.05	0.120558
  59	  83	  67	  75	60.71	2.41573	0.0308279	0.05	0.120787
  60	  84	  68	  76	61.62	2.45171	0.0308158	0.05	0.122586
  61	  85	  69	  77	60.77	2.41777	0.0308272	0.05	0.120888
  62	  86	  70	  78	61.61	2.45154	0.0308158	0.05	0.122577
  63	  87	  71	  79	61.10	2.43103	0.0308227	0.05	0.121551
  64	  88	  72	  80	62.73	2.49577	0.0308014	0.05	0.124788
  65	  89	  73	  81	62.15	2.47287	0.0308088	0.05	0.123644
  66	  90	  74	  82	62.64	2.49246	0.0308024	0.05	0.124623
  67	  91	  75	  83	63.22	2.51534	0.0307951	0.05	0.125767
  68	  92	  76	  84	62.38	2.48201	0.0308058	0.05	0.124101
  69	  93	  77	  85	62.76	2.49727	0.0308009	0.05	0.124863
  70	  94	  78	  86	63.76	2.53687	0.0307884	0.05	0.126844
  71	  95	  79	  87	64.25	2.5563	0.0307824	0.05	0.127815
  73	  97	  81	  89	64.27	2.55709	0.0307821	0.05	0.127854
  74	  98	  82	  90	64.22	2.55516	0.0307827	0.05	0.127758
  75	  99	  83	  91	62.63	2.49181	0.0308026	0.05	0.124591
  76	 100	  84	  92	61.25	2.43723	0.0308206	0.05	0.121861
   1	  28	  10	  19	62.40	2.20688	0.0309063	0.05	0.110344
   2	  29	  11	  20	61.87	2.1882	0.030914	0.05	0.10941
   3	  30	  12	  21	62.16	2.19852	0.0309097	0.05	0.109926
   4	  31	  13	  22	63.69	2.25263	0.0308879	0.05	0.112632
   5	  32	  14	  23	63.65	2.25104	0.0308885	0.05	0.112552
   6	  33	  15	  24	63.10	2.23166	0.0308962	0.05	0.111583
   7	  34	  16	  25	61.95	2.19092	0.0309129	0.05	0.109546
   8	  35	  17	  26	62.14	2.19772	0.03091	0.05	0.109886
   9	  36	  18	  27	60.60	2.1432	0.0309332	0.05	0.10716
  10	  37	  19	  28	61.54	2.17649	0.0309189	0.05	0.108824
  11	  38	  20	  29	61.66	2.1807	0.0309171	0.05	0.109035
  12	  39	  21	  30	62.09	2.19583	0.0309108	0.05	0.109791
  13	  40	  22	  31	60.73	2.1479	0.0309311	0.05	0.107395
  14	  41	  23	  32	61.80	2.18588	0.030915	0.05	0.109294
  15	  42	  24	  33	61.58	2.17781	0.0309184	0.05	0.10889
  16	  43	  25	  34	62.30	2.20344	0.0309077	0.05	0.110172
  17	  44	  26	  35	61.58	2.17806	0.0309183	0.05	0.108903
  18	  45	  27	  36	63.37	2.24126	0.0308924	0.05	0.112063
  19	  46	  28	  37	62.47	2.20938	0.0309052	0.05	0.110469
  20	  47	  29	  38	63.62	2.25004	0.0308889	0.05	0.112502
  21	  48	  30	  39	63.67	2.2518	0.0308882	0.05	0.11259
  22	  49	  31	  40	65.45	2.31472	0.030864	0.05	0.115736
  23	  50	  32	  41	65.16	2.30439	0.0308679	0.05	0.11522
  24	  51	  33	  42	66.75	2.36091	0.0308471	0.05	0.118046
  25	  52	  34	  43	66.00	2.33433	0.0308568	0.05	0.116717
  26	  53	  35	  44	66.67	2.35809	0.0308481	0.05	0.117905
  27	  54	  36	  45	65.89	2.33034	0.0308582	0.05	0.116517
  28	  55	  37	  46	66.18	2.34067	0.0308545	0.05	0.117033
  29	  56	  38	  47	65.52	2.31742	0.030863	0.05	0.115871
  30	  57	  39	  48	65.78	2.32662	0.0308596	0.05	0.116331
  31	  58	  40	  49	64.59	2.28456	0.0308754	0.05	0.114228
  32	  59	  41	  50	64.77	2.29068	0.0308731	0.05	0.114534
  34	  61	  43	  52	63.07	2.23052	0.0308967	0.05	0.111526
  35	  62	  44	  53	62.38	2.20616	0.0309066	0.05	0.110308
  36	  63	  45	  54	62.49	2.21006	0.030905	0.05	0.110503
  37	  64	  46	  55	61.53	2.17635	0.030919	0.05	0.108817
  38	  65	  47	  56	62.93	2.22569	0.0308986	0.05	0.111284
  39	  66	  48	  57	62.65	2.21582	0.0309026	0.05	0.110791
  40	  67	  49	  58	62.78	2.22025	0.0309008	0.05	0.111013
  41	  68	  50	  59	63.13	2.23269	0.0308958	0.05	0.111635
  42	  69	  51	  60	63.46	2.24447	0.0308911	0.05	0.112224
  43	  70	  52	  61	63.61	2.24957	0.0308891	0.05	0.112478
  44	  71	  53	  62	64.43	2.27879	0.0308777	0.05	0.11394
  45	  72	  54	  63	64.44	2.27922	0.0308775	0.05	0.113961
  46	  73	  55	  64	64.51	2.2815	0.0308766	0.05	0.114075
  47	  74	  56	  65	63.38	2.2416	0.0308922	0.05	0.11208
  49	  76	  58	  67	63.89	2.25958	0.0308851	0.05	0.112979
  50	  77	  59	  68	63.89	2.25966	0.0308851	0.05	0.112983
  51	  78	  60	  69	64.05	2.26544	0.0308828	0.05	0.113272
  52	  79	  61	  70	63.53	2.24677	0.0308902	0.05	0.112339
  53	  80	  62	  71	63.02	2.22886	0.0308973	0.05	0.111443
  54	  81	  63	  72	63.44	2.24379	0.0308913	0.05	0.11219
  55	  82	  64	  73	63.64	2.25097	0.0308885	0.05	0.112548
  56	  83	  65	  74	63.74	2.25426	0.0308872	0.05	0.112713
  57	  84	  66	  75	63.77	2.25528	0.0308868	0.05	0.112764
  58	  85	  67	  76	63.68	2.25236	0.030888	0.05	0.112618
  59	  86	  68	  77	64.00	2.26348	0.0308836	0.05	0.113174
  60	  87	  69	  78	64.14	2.26866	0.0308816	0.05	0.113433
  61	  88	  70	  79	64.73	2.2892	0.0308737	0.05	0.11446
  62	  89	  71	  80	65.81	2.32768	0.0308592	0.05	0.116384
  63	  90	  72	  81	65.71	2.32408	0.0308606	0.05	0.116204
  64	  91	  73	  82	65.50	2.31649	0.0308634	0.05	0.115824
  65	  92	  74	  83	64.96	2.2974	0.0308706	0.05	0.11487
  66	  93	  75	  84	64.95	2.2972	0.0308706	0.05	0.11486
  67	  94	  76	  85	66.19	2.34114	0.0308543	0.05	0.117057
  68	  95	  77	  86	66.85	2.36435	0.0308459	0.05	0.118218
  69	  96	  78	  87	67.24	2.37826	0.030841	0.05	0.118913
  71	  98	  80	  89	66.83	2.36359	0.0308462	0.05	0.118179
  72	  99	  81	  90	66.57	2.35434	0.0308495	0.05	0.117717
  73	 100	  82	  91	66.19	2.34116	0.0308543	0.05	0.117058
   1	  31	  11	  21	66.40	2.11344	0.0309463	0.05	0.105672
   2	  32	  12	  22	66.87	2.12866	0.0309396	0.05	0.106433
   3	  33	  13	  23	67.86	2.16008	0.0309259	0.05	0.108004
   4	  34	  14	  24	67.77	2.15734	0.0309271	0.05	0.107867
   5	  35	  15	  25	67.61	2.15198	0.0309294	0.05	0.107599
   6	  36	  16	  26	66.23	2.10816	0.0309487	0.05	0.105408
   7	  37	  17	  27	65.86	2.09637	0.030954	0.05	0.104819
   8	  38	  18	  28	65.39	2.08139	0.0309609	0.05	0.104069
   9	  39	  19	  29	65.07	2.0712	0.0309656	0.05	0.10356
  10	  40	  20	  30	65.77	2.09359	0.0309553	0.05	0.10468
  11	  41	  21	  31	65.23	2.0763	0.0309633	0.05	0.103815
  12	  42	  22	  32	65.03	2.06998	0.0309662	0.05	0.103499
  13	  43	  23	  33	64.95	2.06728	0.0309675	0.05	0.103364
  14	  44	  24	  34	65.31	2.07877	0.0309621	0.05	0.103939
  15	  45	  25	  35	65.45	2.0834	0.03096	0.05	0.10417
  16	  46	  26	  36	66.81	2.12653	0.0309405	0.05	0.106327
  17	  47	  27	  37	66.67	2.12206	0.0309425	0.05	0.106103
  18	  48	  28	  38	67.41	2.14565	0.0309321	0.05	0.107282
  19	  49	  29	  39	68.18	2.17031	0.0309215	0.05	0.108516
  20	  50	  30	  40	68.35	2.17552	0.0309193	0.05	0.108776
  21	  51	  31	  41	69.47	2.21137	0.0309044	0.05	0.110568
  22	  52	  32	  42	69.93	2.22584	0.0308985	0.05	0.111292
  23	  53	  33	  43	69.95	2.22643	0.0308983	0.05	0.111322
  24	  54	  34	  44	70.65	2.24872	0.0308894	0.05	0.112436
  25	  55	  35	  45	70.40	2.24093	0.0308925	0.05	0.112046
  27	  57	  37	  47	70.32	2.23826	0.0308936	0.05	0.111913
  28	  58	  38	  48	69.90	2.22499	0.0308989	0.05	0.11125
  29	  59	  39	  49	68.69	2.18643	0.0309147	0.05	0.109322
  30	  60	  40	  50	68.84	2.1912	0.0309127	0.05	0.10956
  32	  62	  42	  52	66.68	2.12248	0.0309423	0.05	0.106124
  33	  63	  43	  53	66.99	2.13241	0.0309379	0.05	0.106621
  34	  64	  44	  54	65.50	2.08481	0.0309593	0.05	0.104241
  35	  65	  45	  55	65.91	2.09801	0.0309533	0.05	0.1049
  36	  66	  46	  56	66.42	2.11411	0.030946	0.05	0.105706
  37	  67	  47	  57	65.70	2.09125	0.0309564	0.05	0.104563
  38	  68	  48	  58	66.31	2.11062	0.0309476	0.05	0.105531
  39	  69	  49	  59	66.74	2.12451	0.0309414	0.05	0.106226
  40	  70	  50	  60	66.55	2.11836	0.0309441	0.05	0.105918
  41	  71	  51	  61	67.25	2.14068	0.0309343	0.05	0.107034
  42	  72	  52	  62	68.43	2.17824	0.0309182	0.05	0.108912
  43	  73	  53	  63	67.39	2.14522	0.0309323	0.05	0.107261
  44	  74	  54	  64	68.42	2.17793	0.0309183	0.05	0.108896
  45	  75	  55	  65	66.93	2.13035	0.0309388	0.05	0.106518
  47	  77	  57	  67	67.43	2.14622	0.0309319	0.05	0.107311
  48	  78	  58	  68	66.84	2.12771	0.03094	0.05	0.106385
  49	  79	  59	  69	67.76	2.15678	0.0309273	0.05	0.107839
  50	  80	  60	  70	67.48	2.14801	0.0309311	0.05	0.107401
  51	  81	  61	  71	67.12	2.13635	0.0309362	0.05	0.106818
  52	  82	  62	  72	66.58	2.11946	0.0309436	0.05	0.105973
  53	  83	  63	  73	67.17	2.13805	0.0309354	0.05	0.106902
  54	  84	  64	  74	65.97	2.10002	0.0309524	0.05	0.105001
  55	  85	  65	  75	66.68	2.12254	0.0309423	0.05	0.106127
  56	  86	  66	  76	66.81	2.12653	0.0309405	0.05	0.106326
  57	  87	  67	  77	66.00	2.10071	0.0309521	0.05	0.105035
  58	  88	  68	  78	67.34	2.14342	0.0309331	0.05	0.107171
  59	  89	  69	  79	66.86	2.12823	0.0309397	0.05	0.106411
  60	  90	  70	  80	67.92	2.16182	0.0309251	0.05	0.108091
  61	  91	  71	  81	68.15	2.16919	0.030922	0.05	0.108459
  62	  92	  72	  82	67.13	2.13691	0.0309359	0.05	0.106845
  63	  93	  73	  83	67.22	2.13975	0.0309347	0.05	0.106988
  64	  94	  74	  84	69.24	2.20406	0.0309074	0.05	0.110203
  65	  95	  75	  85	69.40	2.20899	0.0309054	0.05	0.110449
  66	  96	  76	  86	69.38	2.20856	0.0309056	0.05	0.110428
  67	  97	  77	  87	70.42	2.24166	0.0308922	0.05	0.112083
  68	  98	  78	  88	69.83	2.22263	0.0308998	0.05	0.111131
  69	  99	  79	  89	70.06	2.22996	0.0308969	0.05	0.111498
  70	 100	  80	  90	69.12	2.20021	0.030909	0.05	0.110011
   1	  34	  12	  23	70.86	2.05051	0.0309754	0.05	0.102526
   2	  35	  13	  24	71.56	2.0707	0.0309659	0.05	0.103535
   3	  36	  14	  25	70.98	2.05399	0.0309737	0.05	0.1027
   4	  37	  15	  26	71.22	2.06106	0.0309704	0.05	0.103053
   5	  38	  16	  27	70.56	2.04182	0.0309795	0.05	0.102091
   6	  39	  17	  28	69.54	2.01236	0.0309939	0.05	0.100618
   7	  40	  18	  29	68.32	1.97714	0.0310116	0.05	0.0988569
   8	  41	  19	  30	69.70	2.01683	0.0309917	0.05	0.100841
   9	  42	  20	  31	68.23	1.97431	0.031013	0.05	0.0987154
  10	  43	  21	  32	68.47	1.98148	0.0310093	0.05	0.0990739
  11	  44	  22	  33	68.40	1.97938	0.0310104	0.05	0.098969
  12	  45	  23	  34	68.64	1.98631	0.0310069	0.05	0.0993153
  13	  46	  24	  35	68.07	1.96989	0.0310153	0.05	0.0984946
  14	  47	  25	  36	69.50	2.01103	0.0309945	0.05	0.100552
  15	  48	  26	  37	69.44	2.00938	0.0309953	0.05	0.100469
  16	  49	  27	  38	70.93	2.05243	0.0309745	0.05	0.102622
  17	  50	  28	  39	71.48	2.06843	0.0309669	0.05	0.103422
  18	  51	  29	  40	72.94	2.11068	0.0309476	0.05	0.105534
  19	  52	  30	  41	71.95	2.08208	0.0309606	0.05	0.104104
  20	  53	  31	  42	73.33	2.12189	0.0309426	0.05	0.106095
  21	  54	  32	  43	73.59	2.12956	0.0309392	0.05	0.106478
  22	  55	  33	  44	73.96	2.14016	0.0309345	0.05	0.107008
  23	  56	  34	  45	73.81	2.13589	0.0309364	0.05	0.106795
  24	  57	  35	  46	74.57	2.15795	0.0309268	0.05	0.107897
  25	  58	  36	  47	73.08	2.11474	0.0309457	0.05	0.105737
  26	  59	  37	  48	73.91	2.13876	0.0309351	0.05	0.106938
  27	  60	  38	  49	73.14	2.11657	0.0309449	0.05	0.105828
  28	  61	  39	  50	72.28	2.09167	0.0309562	0.05	0.104583
  30	  63	  41	  52	70.45	2.03872	0.030981	0.05	0.101936
  31	  64	  42	  53	69.95	2.02424	0.030988	0.05	0.101212
  32	  65	  43	  54	69.84	2.02095	0.0309896	0.05	0.101048
  33	  66	  44	  55	69.84	2.02091	0.0309897	0.05	0.101046
  34	  67	  45	  56	69.89	2.02249	0.0309889	0.05	0.101124
  35	  68	  46	  57	68.90	1.99372	0.0310032	0.05	0.0996859
  36	  69	  47	  58	69.62	2.01461	0.0309927	0.05	0.10073
  37	  70	  48	  59	69.15	2.00091	0.0309995	0.05	0.100045
  38	  71	  49	  60	69.67	2.01615	0.030992	0.05	0.100807
  39	  72	  50	  61	69.99	2.02534	0.0309875	0.05	0.101267
  40	  73	  51	  62	70.49	2.03991	0.0309804	0.05	0.101996
  41	  74	  52	  63	70.73	2.04676	0.0309772	0.05	0.102338
  42	  75	  53	  64	70.64	2.04424	0.0309784	0.05	0.102212
  43	  76	  54	  65	69.96	2.02439	0.030988	0.05	0.101219
  45	  78	  56	  67	70.57	2.04196	0.0309795	0.05	0.102098
  46	  79	  57	  68	70.59	2.0428	0.0309791	0.05	0.10214
  47	  80	  58	  69	70.55	2.04145	0.0309797	0.05	0.102072
  48	  81	  59	  70	70.45	2.03858	0.0309811	0.05	0.101929
  49	  82	  60	  71	70.65	2.04437	0.0309783	0.05	0.102219
  50	  83	  61	  72	69.96	2.02441	0.0309879	0.05	0.101221
  51	  84	  62	  73	69.32	2.00605	0.030997	0.05	0.100303
  52	  85	  63	  74	68.97	1.99569	0.0310022	0.05	0.0997845
  53	  86	  64	  75	69.18	2.00188	0.0309991	0.05	0.100094
  54	  87	  65	  76	69.50	2.01112	0.0309945	0.05	0.100556
  55	  88	  66	  77	69.38	2.00759	0.0309962	0.05	0.100379
  56	  89	  67	  78	69.17	2.00162	0.0309992	0.05	0.100081
  57	  90	  68	  79	69.68	2.01627	0.0309919	0.05	0.100813
  58	  91	  69	  80	69.84	2.02101	0.0309896	0.05	0.101051
  59	  92	  70	  81	68.65	1.98643	0.0310068	0.05	0.0993216
  60	  93	  71	  82	68.99	1.99635	0.0310018	0.05	0.0998174
  61	  94	  72	  83	70.85	2.05033	0.0309755	0.05	0.102517
  62	  95	  73	  84	72.03	2.08446	0.0309595	0.05	0.104223
  63	  96	  74	  85	72.68	2.10307	0.030951	0.05	0.105153
  64	  97	  75	  86	72.77	2.10578	0.0309498	0.05	0.105289
  65	  98	  76	  87	71.83	2.07853	0.0309622	0.05	0.103927
  66	  99	  77	  88	72.65	2.10216	0.0309514	0.05	0.105108
  67	 100	  78	  89	72.73	2.10463	0.0309503	0.05	0.105232
   1	  37	  13	  25	74.76	1.98315	0.0310085	0.05	0.0991576
   2	  38	  14	  26	74.66	1.98048	0.0310099	0.05	0.0990241
   3	  39	  15	  27	74.09	1.96539	0.0310176	0.05	0.0982694
   4	  40	  16	  28	73.26	1.94319	0.0310292	0.05	0.0971597
   5	  41	  17	  29	72.97	1.93571	0.0310332	0.05	0.0967855
   6	  42	  18	  30	72.52	1.92361	0.0310397	0.05	0.0961804
   7	  43	  19	  31	71.67	1.90106	0.031052	0.05	0.0950529
   8	  44	  20	  32	71.41	1.89425	0.0310558	0.05	0.0947125
   9	  45	  21	  33	71.55	1.89791	0.0310538	0.05	0.0948955
  10	  46	  22	  34	72.06	1.91143	0.0310463	0.05	0.0955713
  11	  47	  23	  35	71.39	1.89359	0.0310562	0.05	0.0946794
  12	  48	  24	  36	72.90	1.93361	0.0310343	0.05	0.0966804
  13	  49	  25	  37	72.59	1.92559	0.0310386	0.05	0.0962795
  14	  50	  26	  38	73.28	1.94374	0.0310289	0.05	0.097187
  15	  51	  27	  39	74.76	1.983	0.0310086	0.05	0.0991501
  16	  52	  28	  40	75.41	2.00028	0.0309999	0.05	0.100014
  17	  53	  29	  41	75.83	2.01151	0.0309943	0.05	0.100575
  18	  54	  30	  42	76.23	2.02206	0.0309891	0.05	0.101103
  19	  55	  31	  43	76.52	2.02967	0.0309854	0.05	0.101483
  20	  56	  32	  44	76.86	2.03889	0.0309809	0.05	0.101944
  21	  57	  33	  45	77.44	2.05414	0.0309736	0.05	0.102707
  22	  58	  34	  46	77.67	2.06018	0.0309708	0.05	0.103009
  23	  59	  35	  47	77.94	2.06735	0.0309674	0.05	0.103368
  24	  60	  36	  48	76.48	2.0286	0.0309859	0.05	0.10143
  25	  61	  37	  49	76.55	2.03058	0.0309849	0.05	0.101529
  26	  62	  38	  50	76.18	2.02079	0.0309897	0.05	0.101039
  28	  64	  40	  52	74.05	1.96434	0.0310182	0.05	0.0982169
  29	  65	  41	  53	74.33	1.97154	0.0310144	0.05	0.0985772
  30	  66	  42	  54	73.47	1.94874	0.0310263	0.05	0.097437
  31	  67	  43	  55	73.00	1.93637	0.0310329	0.05	0.0968183
  32	  68	  44	  56	73.21	1.94208	0.0310298	0.05	0.0971041
  33	  69	  45	  57	72.52	1.92364	0.0310397	0.05	0.0961821
  34	  70	  46	  58	71.97	1.90919	0.0310476	0.05	0.0954593
  35	  71	  47	  59	71.92	1.90769	0.0310484	0.05	0.0953844
  36	  72	  48	  60	72.60	1.92574	0.0310386	0.05	0.096287
  37	  73	  49	  61	72.59	1.92542	0.0310387	0.05	0.0962711
  38	  74	  50	  62	73.12	1.93945	0.0310312	0.05	0.0969724
  39	  75	  51	  63	73.26	1.94317	0.0310292	0.05	0.0971587
  40	  76	  52	  64	73.51	1.95003	0.0310256	0.05	0.0975015
  41	  77	  53	  65	72.76	1.92998	0.0310363	0.05	0.096499
  43	  79	  55	  67	73.06	1.93794	0.031032	0.05	0.0968968
  44	  80	  56	  68	72.49	1.92294	0.0310401	0.05	0.0961471
  45	  81	  57	  69	73.37	1.94627	0.0310276	0.05	0.0973137
  46	  82	  58	  70	73.68	1.95439	0.0310233	0.05	0.0977193
  47	  83	  59	  71	73.27	1.94352	0.0310291	0.05	0.0971762
  48	  84	  60	  72	72.38	1.9199	0.0310417	0.05	0.0959952
  49	  85	  61	  73	71.96	1.90883	0.0310478	0.05	0.0954413
  50	  86	  62	  74	71.56	1.89826	0.0310536	0.05	0.0949128
  51	  87	  63	  75	71.91	1.90738	0.0310486	0.05	0.0953689
  52	  88	  64	  76	71.85	1.90598	0.0310493	0.05	0.0952992
  53	  89	  65	  77	71.71	1.90221	0.0310514	0.05	0.0951104
  54	  90	  66	  78	71.44	1.89503	0.0310554	0.05	0.0947517
  55	  91	  67	  79	71.24	1.88976	0.0310583	0.05	0.0944882
  56	  92	  68	  80	71.58	1.89883	0.0310533	0.05	0.0949417
  57	  93	  69	  81	71.19	1.88842	0.0310591	0.05	0.0944208
  58	  94	  70	  82	72.08	1.91207	0.031046	0.05	0.0956033
  59	  95	  71	  83	73.17	1.94091	0.0310304	0.05	0.0970454
  60	  96	  72	  84	74.46	1.97515	0.0310126	0.05	0.0987573
  61	  97	  73	  85	74.97	1.98866	0.0310057	0.05	0.0994328
  62	  98	  74	  86	75.19	1.99451	0.0310028	0.05	0.0997253
  63	  99	  75	  87	74.75	1.98292	0.0310086	0.05	0.0991461
  64	 100	  76	  88	74.42	1.97407	0.0310131	0.05	0.0987036
   1	  40	  14	  27	76.95	1.88425	0.0310614	0.05	0.0942126
   2	  41	  15	  28	77.30	1.89278	0.0310566	0.05	0.094639
   3	  42	  16	  29	75.71	1.85377	0.0310789	0.05	0.0926887
   4	  43	  17	  30	76.41	1.8709	0.031069	0.05	0.0935448
   5	  44	  18	  31	74.49	1.82385	0.0310966	0.05	0.0911926
   6	  45	  19	  32	74.89	1.8337	0.0310907	0.05	0.0916848
   7	  46	  20	  33	74.50	1.82415	0.0310964	0.05	0.0912074
   8	  47	  21	  34	74.93	1.83459	0.0310902	0.05	0.0917296
   9	  48	  22	  35	74.00	1.81195	0.0311038	0.05	0.0905975
  10	  49	  23	  36	75.57	1.85043	0.0310808	0.05	0.0925215
  11	  50	  24	  37	75.58	1.8507	0.0310807	0.05	0.092535
  12	  51	  25	  38	76.61	1.87579	0.0310662	0.05	0.0937896
  13	  52	  26	  39	76.63	1.87624	0.031066	0.05	0.0938118
  14	  53	  27	  40	77.61	1.90019	0.0310525	0.05	0.0950097
  15	  54	  28	  41	78.02	1.91029	0.031047	0.05	0.0955145
  16	  55	  29	  42	79.24	1.94015	0.0310308	0.05	0.0970077
  17	  56	  30	  43	78.50	1.92206	0.0310406	0.05	0.0961029
  18	  57	  31	  44	80.48	1.97061	0.0310149	0.05	0.0985305
  19	  58	  32	  45	80.31	1.96634	0.0310171	0.05	0.0983168
  20	  59	  33	  46	80.74	1.97692	0.0310117	0.05	0.0988458
  21	  60	  34	  47	80.11	1.96161	0.0310196	0.05	0.0980804
  22	  61	  35	  48	80.50	1.97095	0.0310147	0.05	0.0985476
  23	  62	  36	  49	78.95	1.93323	0.0310345	0.05	0.0966614
  24	  63	  37	  50	79.88	1.95584	0.0310226	0.05	0.0977919
  26	  65	  39	  52	78.15	1.91365	0.0310451	0.05	0.0956824
  27	  66	  40	  53	77.46	1.89657	0.0310545	0.05	0.0948284
  28	  67	  41	  54	76.62	1.87605	0.0310661	0.05	0.0938025
  29	  68	  42	  55	76.20	1.86572	0.031072	0.05	0.0932862
  30	  69	  43	  56	77.03	1.88614	0.0310604	0.05	0.0943071
  31	  70	  44	  57	75.20	1.84129	0.0310862	0.05	0.0920643
  32	  71	  45	  58	75.22	1.84184	0.0310859	0.05	0.0920921
  33	  72	  46	  59	73.96	1.81105	0.0311043	0.05	0.0905526
  34	  73	  47	  60	75.00	1.83647	0.031089	0.05	0.0918235
  35	  74	  48	  61	74.25	1.81807	0.0311001	0.05	0.0909037
  36	  75	  49	  62	75.44	1.84724	0.0310827	0.05	0.092362
  37	  76	  50	  63	74.78	1.83109	0.0310922	0.05	0.0915543
  38	  77	  51	  64	75.87	1.85773	0.0310766	0.05	0.0928865
  39	  78	  52	  65	75.80	1.85608	0.0310775	0.05	0.092804
  41	  80	  54	  67	75.59	1.85093	0.0310805	0.05	0.0925465
  42	  81	  55	  68	74.86	1.83289	0.0310912	0.05	0.0916443
  43	  82	  56	  69	75.46	1.84762	0.0310825	0.05	0.0923809
  44	  83	  57	  70	74.84	1.83241	0.0310915	0.05	0.0916206
  45	  84	  58	  71	74.90	1.83404	0.0310905	0.05	0.0917021
  46	  85	  59	  72	75.25	1.84252	0.0310855	0.05	0.092126
  47	  86	  60	  73	74.87	1.83316	0.031091	0.05	0.0916579
  48	  87	  61	  74	74.33	1.81998	0.0310989	0.05	0.090999
  49	  88	  62	  75	73.99	1.81158	0.031104	0.05	0.0905791
  50	  89	  63	  76	75.09	1.83869	0.0310877	0.05	0.0919343
  51	  90	  64	  77	73.56	1.8011	0.0311104	0.05	0.0900548
  52	  91	  65	  78	73.63	1.8029	0.0311093	0.05	0.0901448
  53	  92	  66	  79	72.70	1.78002	0.0311236	0.05	0.089001
  54	  93	  67	  80	72.82	1.78301	0.0311217	0.05	0.0891503
  55	  94	  68	  81	74.24	1.81783	0.0311002	0.05	0.0908915
  56	  95	  69	  82	74.92	1.83447	0.0310902	0.05	0.0917234
  57	  96	  70	  83	75.73	1.85431	0.0310786	0.05	0.0927153
  58	  97	  71	  84	76.67	1.87735	0.0310653	0.05	0.0938673
  59	  98	  72	  85	77.17	1.88944	0.0310585	0.05	0.0944719
  60	  99	  73	  86	76.96	1.88434	0.0310614	0.05	0.0942171
  61	 100	  74	  87	77.19	1.88998	0.0310582	0.05	0.094499
   1	  43	  15	  29	79.42	1.80572	0.0311076	0.05	0.0902861
   2	  44	  16	  30	79.11	1.79868	0.0311119	0.05	0.0899342
   3	  45	  17	  31	78.04	1.77438	0.0311272	0.05	0.088719
   4	  46	  18	  32	77.32	1.75793	0.0311377	0.05	0.0878965
   5	  47	  19	  33	77.68	1.76606	0.0311325	0.05	0.0883031
   6	  48	  20	  34	77.60	1.76424	0.0311336	0.05	0.088212
   7	  49	  21	  35	77.37	1.75911	0.0311369	0.05	0.0879556
   8	  50	  22	  36	78.63	1.7877	0.0311188	0.05	0.089385
   9	  51	  23	  37	78.31	1.78055	0.0311232	0.05	0.0890277
  10	  52	  24	  38	79.03	1.79687	0.031113	0.05	0.0898433
  11	  53	  25	  39	79.30	1.80294	0.0311093	0.05	0.0901468
  12	  54	  26	  40	80.47	1.82957	0.0310932	0.05	0.0914786
  13	  55	  27	  41	80.34	1.82671	0.0310949	0.05	0.0913353
  14	  56	  28	  42	80.93	1.84017	0.0310869	0.05	0.0920084
  15	  57	  29	  43	82.36	1.87254	0.0310681	0.05	0.093627
  16	  58	  30	  44	82.11	1.86697	0.0310713	0.05	0.0933487
  17	  59	  31	  45	82.75	1.88135	0.0310631	0.05	0.0940677
  18	  60	  32	  46	83.34	1.89485	0.0310555	0.05	0.0947427
  19	  61	  33	  47	82.79	1.88246	0.0310624	0.05	0.094123
  20	  62	  34	  48	82.36	1.87261	0.031068	0.05	0.0936305
  21	  63	  35	  49	82.95	1.88593	0.0310605	0.05	0.0942966
  22	  64	  36	  50	81.61	1.85543	0.0310779	0.05	0.0927713
  24	  66	  38	  52	81.64	1.85609	0.0310775	0.05	0.0928047
  25	  67	  39	  53	81.11	1.8442	0.0310845	0.05	0.0922102
  26	  68	  40	  54	79.74	1.81293	0.0311032	0.05	0.0906465
  27	  69	  41	  55	79.68	1.81161	0.031104	0.05	0.0905803
  28	  70	  42	  56	79.01	1.79639	0.0311133	0.05	0.0898196
  29	  71	  43	  57	77.91	1.77147	0.031129	0.05	0.0885737
  30	  72	  44	  58	77.50	1.76216	0.031135	0.05	0.0881081
  31	  73	  45	  59	76.90	1.74852	0.0311438	0.05	0.087426
  32	  74	  46	  60	77.37	1.75902	0.031137	0.05	0.0879512
  33	  75	  47	  61	76.99	1.75038	0.0311426	0.05	0.0875189
  34	  76	  48	  62	77.67	1.76587	0.0311326	0.05	0.0882933
  35	  77	  49	  63	76.88	1.74786	0.0311443	0.05	0.0873932
  36	  78	  50	  64	77.76	1.76797	0.0311312	0.05	0.0883987
  37	  79	  51	  65	77.19	1.75504	0.0311396	0.05	0.0877522
  39	  81	  53	  67	76.87	1.74764	0.0311444	0.05	0.0873822
  40	  82	  54	  68	77.20	1.75529	0.0311394	0.05	0.0877647
  41	  83	  55	  69	77.10	1.75288	0.031141	0.05	0.0876442
  42	  84	  56	  70	76.18	1.73216	0.0311546	0.05	0.0866079
  43	  85	  57	  71	76.10	1.73024	0.0311559	0.05	0.0865119
  44	  86	  58	  72	76.20	1.73251	0.0311544	0.05	0.0866253
  45	  87	  59	  73	77.15	1.75413	0.0311402	0.05	0.0877065
  46	  88	  60	  74	76.90	1.74839	0.0311439	0.05	0.0874194
  47	  89	  61	  75	76.59	1.7414	0.0311485	0.05	0.0870701
  48	  90	  62	  76	76.52	1.73982	0.0311495	0.05	0.0869912
  49	  91	  63	  77	75.76	1.72262	0.031161	0.05	0.0861312
  50	  92	  64	  78	74.51	1.69415	0.0311805	0.05	0.0847074
  51	  93	  65	  79	74.83	1.70138	0.0311755	0.05	0.0850689
  52	  94	  66	  80	75.38	1.71378	0.031167	0.05	0.0856892
  53	  95	  67	  81	76.58	1.74118	0.0311486	0.05	0.0870592
  54	  96	  68	  82	76.68	1.74348	0.0311471	0.05	0.0871742
  55	  97	  69	  83	77.77	1.76815	0.0311311	0.05	0.0884073
  56	  98	  70	  84	79.07	1.79769	0.0311125	0.05	0.0898846
  57	  99	  71	  85	78.74	1.79026	0.0311172	0.05	0.089513
  58	 100	  72	  86	79.26	1.80205	0.0311098	0.05	0.0901026
   1	  46	  16	  31	80.77	1.71392	0.0311669	0.05	0.085696
   2	  47	  17	  32	80.52	1.70874	0.0311705	0.05	0.0854372
   3	  48	  18	  33	80.05	1.69869	0.0311774	0.05	0.0849343
   4	  49	  19	  34	80.70	1.71255	0.0311678	0.05	0.0856275
   5	  50	  20	  35	80.30	1.70404	0.0311737	0.05	0.0852019
   6	  51	  21	  36	81.27	1.72465	0.0311597	0.05	0.0862326
   7	  52	  22	  37	80.74	1.71346	0.0311672	0.05	0.085673
   8	  53	  23	  38	81.33	1.72579	0.0311589	0.05	0.0862895
   9	  54	  24	  39	82.14	1.74312	0.0311474	0.05	0.0871558
  10	  55	  25	  40	82.20	1.74436	0.0311466	0.05	0.0872179
  11	  56	  26	  41	82.46	1.74992	0.0311429	0.05	0.0874961
  12	  57	  27	  42	84.02	1.78291	0.0311218	0.05	0.0891453
  13	  58	  28	  43	83.75	1.77731	0.0311253	0.05	0.0888653
  14	  59	  29	  44	84.55	1.79417	0.0311147	0.05	0.0897087
  15	  60	  30	  45	84.05	1.7835	0.0311214	0.05	0.0891749
  16	  61	  31	  46	85.60	1.81657	0.031101	0.05	0.0908285
  17	  62	  32	  47	84.75	1.79852	0.031112	0.05	0.089926
  18	  63	  33	  48	85.74	1.81942	0.0310993	0.05	0.0909711
  19	  64	  34	  49	84.87	1.80094	0.0311105	0.05	0.0900468
  20	  65	  35	  50	85.64	1.8174	0.0311005	0.05	0.0908702
  22	  67	  37	  52	84.52	1.79365	0.031115	0.05	0.0896825
  23	  68	  38	  53	84.07	1.78409	0.031121	0.05	0.0892043
  24	  69	  39	  54	82.78	1.75655	0.0311386	0.05	0.0878273
  25	  70	  40	  55	82.20	1.74439	0.0311465	0.05	0.0872194
  26	  71	  41	  56	82.20	1.7443	0.0311466	0.05	0.0872148
  27	  72	  42	  57	80.66	1.71159	0.0311685	0.05	0.0855797
  28	  73	  43	  58	79.68	1.69086	0.0311828	0.05	0.084543
  29	  74	  44	  59	79.51	1.68733	0.0311853	0.05	0.0843664
  30	  75	  45	  60	79.43	1.68553	0.0311866	0.05	0.0842764
  31	  76	  46	  61	78.91	1.67456	0.0311943	0.05	0.0837281
  32	  77	  47	  62	79.83	1.69405	0.0311806	0.05	0.0847023
  33	  78	  48	  63	79.08	1.67813	0.0311918	0.05	0.0839067
  34	  79	  49	  64	79.40	1.68498	0.031187	0.05	0.0842488
  35	  80	  50	  65	78.12	1.65776	0.0312064	0.05	0.0828881
  37	  82	  52	  67	78.81	1.67231	0.031196	0.05	0.0836154
  38	  83	  53	  68	77.68	1.64843	0.0312133	0.05	0.0824214
  39	  84	  54	  69	78.30	1.66166	0.0312036	0.05	0.083083
  40	  85	  55	  70	77.56	1.64592	0.0312151	0.05	0.0822962
  41	  86	  56	  71	77.56	1.64596	0.0312151	0.05	0.0822981
  42	  87	  57	  72	78.24	1.6603	0.0312046	0.05	0.0830152
  43	  88	  58	  73	79.18	1.68026	0.0311903	0.05	0.0840131
  44	  89	  59	  74	78.91	1.67457	0.0311943	0.05	0.0837285
  45	  90	  60	  75	78.50	1.6658	0.0312006	0.05	0.0832899
  46	  91	  61	  76	78.63	1.66861	0.0311986	0.05	0.0834303
  47	  92	  62	  77	76.62	1.62598	0.03123	0.05	0.0812989
  48	  93	  63	  78	76.60	1.62541	0.0312305	0.05	0.0812707
  49	  94	  64	  79	76.73	1.62823	0.0312283	0.05	0.0814115
  50	  95	  65	  80	78.31	1.66173	0.0312036	0.05	0.0830865
  51	  96	  66	  81	78.69	1.6698	0.0311977	0.05	0.08349
  52	  97	  67	  82	78.98	1.67599	0.0311933	0.05	0.0837993
  53	  98	  68	  83	80.03	1.6982	0.0311777	0.05	0.0849098
  54	  99	  69	  84	80.73	1.71305	0.0311675	0.05	0.0856527
  55	 100	  70	  85	80.74	1.71337	0.0311673	0.05	0.0856686
   1	  49	  17	  33	82.70	1.64531	0.0312156	0.05	0.0822656
   2	  50	  18	  34	82.42	1.63972	0.0312197	0.05	0.0819859
   3	  51	  19	  35	83.13	1.6539	0.0312093	0.05	0.082695
   4	  52	  20	  36	83.20	1.65525	0.0312083	0.05	0.0827627
   5	  53	  21	  37	83.52	1.66159	0.0312037	0.05	0.0830797
   6	  54	  22	  38	83.48	1.66088	0.0312042	0.05	0.0830438
   7	  55	  23	  39	83.93	1.66978	0.0311978	0.05	0.0834891
   8	  56	  24	  40	84.68	1.68469	0.0311872	0.05	0.0842346
   9	  57	  25	  41	84.96	1.69019	0.0311833	0.05	0.0845095
  10	  58	  26	  42	85.82	1.70736	0.0311714	0.05	0.0853681
  11	  59	  27	  43	86.50	1.72095	0.0311622	0.05	0.0860473
  12	  60	  28	  44	86.35	1.71795	0.0311642	0.05	0.0858974
  13	  61	  29	  45	86.50	1.72094	0.0311622	0.05	0.086047
  14	  62	  30	  46	86.15	1.71395	0.0311669	0.05	0.0856974
  15	  63	  31	  47	86.88	1.72837	0.0311572	0.05	0.0864184
  16	  64	  32	  48	87.13	1.73334	0.0311538	0.05	0.0866668
  17	  65	  33	  49	87.52	1.74123	0.0311486	0.05	0.0870613
  18	  66	  34	  50	87.99	1.75054	0.0311425	0.05	0.0875271
  20	  68	  36	  52	86.80	1.72686	0.0311582	0.05	0.086343
  21	  69	  37	  53	87.05	1.73176	0.0311549	0.05	0.086588
  22	  70	  38	  54	85.50	1.70103	0.0311758	0.05	0.0850515
  23	  71	  39	  55	85.07	1.69251	0.0311817	0.05	0.0846254
  24	  72	  40	  56	84.20	1.67506	0.031194	0.05	0.0837528
  25	  73	  41	  57	83.48	1.66075	0.0312043	0.05	0.0830375
  26	  74	  42	  58	82.18	1.63492	0.0312233	0.05	0.0817459
  27	  75	  43	  59	81.77	1.62678	0.0312294	0.05	0.0813391
  28	  76	  44	  60	81.99	1.63108	0.0312262	0.05	0.081554
  29	  77	  45	  61	81.66	1.62461	0.0312311	0.05	0.0812306
  30	  78	  46	  62	81.30	1.61736	0.0312366	0.05	0.0808678
  31	  79	  47	  63	81.63	1.62398	0.0312315	0.05	0.081199
  32	  80	  48	  64	81.09	1.61323	0.0312398	0.05	0.0806614
  33	  81	  49	  65	79.84	1.58843	0.0312591	0.05	0.0794216
  35	  83	  51	  67	78.14	1.55447	0.0312866	0.05	0.0777237
  36	  84	  52	  68	79.29	1.57741	0.0312679	0.05	0.0788704
  37	  85	  53	  69	78.81	1.56789	0.0312756	0.05	0.0783946
  38	  86	  54	  70	79.43	1.58018	0.0312657	0.05	0.0790092
  39	  87	  55	  71	79.12	1.57413	0.0312705	0.05	0.0787064
  40	  88	  56	  72	79.30	1.57764	0.0312677	0.05	0.0788819
  41	  89	  57	  73	80.12	1.59401	0.0312547	0.05	0.0797007
  42	  90	  58	  74	79.89	1.58932	0.0312584	0.05	0.079466
  43	  91	  59	  75	80.30	1.59748	0.031252	0.05	0.0798738
  44	  92	  60	  76	79.53	1.58215	0.0312641	0.05	0.0791073
  45	  93	  61	  77	78.62	1.56404	0.0312787	0.05	0.0782022
  46	  94	  62	  78	79.53	1.58224	0.031264	0.05	0.0791122
  47	  95	  63	  79	79.28	1.57723	0.031268	0.05	0.0788617
  48	  96	  64	  80	79.55	1.58259	0.0312638	0.05	0.0791293
  49	  97	  65	  81	80.40	1.59954	0.0312504	0.05	0.0799768
  50	  98	  66	  82	80.61	1.60359	0.0312472	0.05	0.0801797
  51	  99	  67	  83	81.20	1.61538	0.0312381	0.05	0.0807688
  52	 100	  68	  84	82.72	1.64564	0.0312153	0.05	0.082282
   1	  52	  18	  35	84.18	1.57615	0.0312689	0.05	0.0788075
   2	  53	  19	  36	85.37	1.59847	0.0312512	0.05	0.0799233
   3	  54	  20	  37	85.46	1.60015	0.0312499	0.05	0.0800075
   4	  55	  21	  38	85.90	1.60832	0.0312435	0.05	0.0804162
   5	  56	  22	  39	86.70	1.62329	0.0312321	0.05	0.0811647
   6	  57	  23	  40	87.61	1.64046	0.0312192	0.05	0.0820232
   7	  58	  24	  41	86.89	1.62692	0.0312293	0.05	0.0813462
   8	  59	  25	  42	88.51	1.65723	0.0312068	0.05	0.0828614
   9	  60	  26	  43	87.97	1.64718	0.0312142	0.05	0.0823592
  10	  61	  27	  44	88.51	1.65723	0.0312068	0.05	0.0828616
  11	  62	  28	  45	88.25	1.65235	0.0312104	0.05	0.0826176
  12	  63	  29	  46	89.26	1.67139	0.0311966	0.05	0.0835696
  13	  64	  30	  47	87.74	1.64281	0.0312174	0.05	0.0821405
  14	  65	  31	  48	89.19	1.66999	0.0311976	0.05	0.0834997
  15	  66	  32	  49	89.12	1.66863	0.0311986	0.05	0.0834314
  16	  67	  33	  50	89.66	1.67878	0.0311913	0.05	0.0839388
  18	  69	  35	  52	89.89	1.68311	0.0311883	0.05	0.0841553
  19	  70	  36	  53	88.25	1.65239	0.0312104	0.05	0.0826196
  20	  71	  37	  54	88.44	1.65597	0.0312078	0.05	0.0827984
  21	  72	  38	  55	87.68	1.6417	0.0312182	0.05	0.082085
  22	  73	  39	  56	86.78	1.62484	0.0312309	0.05	0.0812419
  23	  74	  40	  57	85.85	1.6074	0.0312442	0.05	0.0803702
  24	  75	  41	  58	84.96	1.59082	0.0312572	0.05	0.0795412
  25	  76	  42	  59	83.75	1.56814	0.0312754	0.05	0.0784072
  26	  77	  43	  60	83.97	1.57229	0.031272	0.05	0.0786145
  27	  78	  44	  61	84.00	1.57288	0.0312716	0.05	0.0786441
  28	  79	  45	  62	84.08	1.57432	0.0312704	0.05	0.0787161
  29	  80	  46	  63	82.64	1.54734	0.0312925	0.05	0.0773672
  30	  81	  47	  64	83.14	1.55679	0.0312847	0.05	0.0778397
  31	  82	  48	  65	81.91	1.53365	0.0313041	0.05	0.0766827
  33	  84	  50	  67	80.78	1.51245	0.0313224	0.05	0.0756224
  34	  85	  51	  68	80.11	1.49998	0.0313334	0.05	0.0749988
  35	  86	  52	  69	80.09	1.49954	0.0313337	0.05	0.0749768
  36	  87	  53	  70	80.65	1.51005	0.0313245	0.05	0.0755027
  37	  88	  54	  71	80.61	1.50934	0.0313251	0.05	0.075467
  38	  89	  55	  72	80.17	1.50106	0.0313324	0.05	0.0750531
  39	  90	  56	  73	80.62	1.50946	0.031325	0.05	0.0754731
  40	  91	  57	  74	80.84	1.51356	0.0313214	0.05	0.0756782
  41	  92	  58	  75	80.49	1.50717	0.031327	0.05	0.0753585
  42	  93	  59	  76	80.86	1.51394	0.0313211	0.05	0.075697
  43	  94	  60	  77	80.83	1.51349	0.0313215	0.05	0.0756743
  44	  95	  61	  78	80.76	1.51219	0.0313226	0.05	0.0756097
  45	  96	  62	  79	80.07	1.49917	0.0313341	0.05	0.0749586
  46	  97	  63	  80	81.28	1.52185	0.0313142	0.05	0.0760925
  47	  98	  64	  81	82.12	1.53764	0.0313007	0.05	0.0768822
  48	  99	  65	  82	82.38	1.54245	0.0312966	0.05	0.0771227
  49	 100	  66	  83	82.48	1.54442	0.031295	0.05	0.0772212
   1	  55	  19	  37	87.59	1.54894	0.0312912	0.05	0.0774472
   2	  56	  20	  38	87.65	1.54997	0.0312903	0.05	0.0774987
   3	  57	  21	  39	88.95	1.57299	0.0312715	0.05	0.0786495
   4	  58	  22	  40	89.52	1.58314	0.0312633	0.05	0.0791571
   5	  59	  23	  41	90.38	1.59832	0.0312513	0.05	0.0799159
   6	  60	  24	  42	89.89	1.58961	0.0312582	0.05	0.0794807
   7	  61	  25	  43	89.91	1.59003	0.0312578	0.05	0.0795013
   8	  62	  26	  44	90.22	1.59552	0.0312535	0.05	0.0797759
   9	  63	  27	  45	90.43	1.5991	0.0312507	0.05	0.0799551
  10	  64	  28	  46	90.05	1.59249	0.0312559	0.05	0.0796246
  11	  65	  29	  47	91.26	1.61381	0.0312393	0.05	0.0806906
  12	  66	  30	  48	90.94	1.60813	0.0312437	0.05	0.0804065
  13	  67	  31	  49	90.80	1.60573	0.0312455	0.05	0.0802864
  14	  68	  32	  50	90.76	1.60497	0.0312461	0.05	0.0802485
  16	  70	  34	  52	90.38	1.59833	0.0312513	0.05	0.0799166
  17	  71	  35	  53	91.19	1.6126	0.0312402	0.05	0.0806298
  18	  72	  36	  54	89.85	1.58893	0.0312587	0.05	0.0794465
  19	  73	  37	  55	89.53	1.58332	0.0312632	0.05	0.0791662
  20	  74	  38	  56	89.02	1.57424	0.0312705	0.05	0.0787119
  21	  75	  39	  57	87.39	1.54531	0.0312942	0.05	0.0772654
  22	  76	  40	  58	87.00	1.53858	0.0312999	0.05	0.0769292
  23	  77	  41	  59	86.56	1.53076	0.0313065	0.05	0.0765378
  24	  78	  42	  60	86.04	1.5216	0.0313144	0.05	0.0760801
  25	  79	  43	  61	85.90	1.51908	0.0313166	0.05	0.0759542
  26	  80	  44	  62	85.25	1.50754	0.0313267	0.05	0.0753769
  27	  81	  45	  63	84.91	1.5015	0.031332	0.05	0.075075
  28	  82	  46	  64	84.48	1.49388	0.0313388	0.05	0.0746942
  29	  83	  47	  65	83.29	1.47284	0.0313579	0.05	0.0736422
  31	  85	  49	  67	81.89	1.44819	0.031381	0.05	0.0724097
  32	  86	  50	  68	81.41	1.43957	0.0313893	0.05	0.0719785
  33	  87	  51	  69	81.83	1.44711	0.0313821	0.05	0.0723554
  34	  88	  52	  70	81.98	1.44968	0.0313796	0.05	0.0724838
  35	  89	  53	  71	80.92	1.43105	0.0313976	0.05	0.0715524
  36	  90	  54	  72	81.57	1.44241	0.0313866	0.05	0.0721204
  37	  91	  55	  73	81.27	1.43722	0.0313916	0.05	0.0718608
  38	  92	  56	  74	80.46	1.42291	0.0314056	0.05	0.0711456
  39	  93	  57	  75	81.07	1.43369	0.031395	0.05	0.0716845
  40	  94	  58	  76	82.75	1.46329	0.0313668	0.05	0.0731647
  41	  95	  59	  77	82.42	1.45744	0.0313723	0.05	0.072872
  42	  96	  60	  78	82.42	1.45756	0.0313722	0.05	0.0728781
  43	  97	  61	  79	82.30	1.45534	0.0313742	0.05	0.0727672
  44	  98	  62	  80	82.77	1.46374	0.0313664	0.05	0.0731871
  45	  99	  63	  81	83.15	1.47039	0.0313602	0.05	0.0735197
  46	 100	  64	  82	83.35	1.47403	0.0313568	0.05	0.0737016
   1	  58	  20	  39	90.37	1.51406	0.0313209	0.05	0.0757032
   2	  59	  21	  40	91.13	1.52668	0.03131	0.05	0.0763338
   3	  60	  22	  41	90.64	1.51853	0.0313171	0.05	0.0759267
   4	  61	  23	  42	91.95	1.54037	0.0312984	0.05	0.0770186
   5	  62	  24	  43	92.14	1.54371	0.0312956	0.05	0.0771855
   6	  63	  25	  44	91.75	1.53707	0.0313012	0.05	0.0768533
   7	  64	  26	  45	91.07	1.52564	0.0313109	0.05	0.0762821
   8	  65	  27	  46	92.00	1.5413	0.0312976	0.05	0.0770651
   9	  66	  28	  47	92.71	1.55311	0.0312877	0.05	0.0776554
  10	  67	  29	  48	92.89	1.55617	0.0312852	0.05	0.0778085
  11	  68	  30	  49	92.34	1.54704	0.0312928	0.05	0.077352
  12	  69	  31	  50	92.48	1.54926	0.0312909	0.05	0.0774629
  14	  71	  33	  52	91.71	1.53642	0.0313017	0.05	0.0768212
  15	  72	  34	  53	92.01	1.54139	0.0312975	0.05	0.0770693
  16	  73	  35	  54	91.83	1.53847	0.0313	0.05	0.0769237
  17	  74	  36	  55	90.69	1.51942	0.0313163	0.05	0.0759711
  18	  75	  37	  56	91.08	1.52586	0.0313107	0.05	0.0762931
  19	  76	  38	  57	87.32	1.46288	0.0313672	0.05	0.0731438
  20	  77	  39	  58	89.64	1.50172	0.0313318	0.05	0.0750859
  21	  78	  40	  59	88.20	1.47764	0.0313535	0.05	0.0738819
  22	  79	  41	  60	88.51	1.48289	0.0313487	0.05	0.0741444
  23	  80	  42	  61	87.80	1.47095	0.0313597	0.05	0.0735477
  24	  81	  43	  62	87.30	1.46262	0.0313674	0.05	0.0731309
  25	  82	  44	  63	86.95	1.45671	0.031373	0.05	0.0728354
  26	  83	  45	  64	86.12	1.44282	0.0313862	0.05	0.0721408
  27	  84	  46	  65	84.58	1.41694	0.0314115	0.05	0.070847
  29	  86	  48	  67	83.27	1.39508	0.0314336	0.05	0.0697542
  30	  87	  49	  68	83.00	1.39057	0.0314383	0.05	0.0695285
  31	  88	  50	  69	82.91	1.38905	0.0314398	0.05	0.0694527
  32	  89	  51	  70	83.05	1.3914	0.0314374	0.05	0.0695699
  33	  90	  52	  71	82.72	1.38588	0.0314431	0.05	0.0692941
  34	  91	  53	  72	82.37	1.37993	0.0314493	0.05	0.0689966
  35	  92	  54	  73	82.00	1.37374	0.0314559	0.05	0.0686869
  36	  93	  55	  74	81.13	1.35912	0.0314715	0.05	0.0679559
  37	  94	  56	  75	82.50	1.38206	0.0314471	0.05	0.0691028
  38	  95	  57	  76	82.93	1.38931	0.0314396	0.05	0.0694657
  39	  96	  58	  77	82.86	1.38815	0.0314408	0.05	0.0694077
  40	  97	  59	  78	84.17	1.41006	0.0314184	0.05	0.0705032
  41	  98	  60	  79	83.89	1.40546	0.031423	0.05	0.0702731
  42	  99	  61	  80	83.76	1.40326	0.0314253	0.05	0.0701631
  43	 100	  62	  81	83.32	1.3958	0.0314329	0.05	0.0697902
   1	  61	  21	  41	93.07	1.48127	0.0313502	0.05	0.0740635
   2	  62	  22	  42	93.13	1.48217	0.0313494	0.05	0.0741084
   3	  63	  23	  43	93.45	1.48724	0.0313448	0.05	0.074362
   4	  64	  24	  44	95.30	1.5167	0.0313186	0.05	0.0758352
   5	  65	  25	  45	94.53	1.50454	0.0313293	0.05	0.0752268
   6	  66	  26	  46	94.39	1.50229	0.0313313	0.05	0.0751143
   7	  67	  27	  47	94.56	1.5049	0.031329	0.05	0.075245
   8	  68	  28	  48	93.95	1.49522	0.0313376	0.05	0.0747612
   9	  69	  29	  49	93.56	1.48904	0.0313432	0.05	0.0744518
  10	  70	  30	  50	93.64	1.49034	0.031342	0.05	0.0745168
  12	  72	  32	  52	92.78	1.47664	0.0313544	0.05	0.0738322
  13	  73	  33	  53	93.23	1.48388	0.0313478	0.05	0.074194
  14	  74	  34	  54	92.40	1.47061	0.03136	0.05	0.0735304
  15	  75	  35	  55	92.65	1.47452	0.0313564	0.05	0.073726
  16	  76	  36	  56	92.24	1.46807	0.0313623	0.05	0.0734034
  17	  77	  37	  57	91.78	1.46078	0.0313691	0.05	0.0730389
  18	  78	  38	  58	92.55	1.47305	0.0313577	0.05	0.0736527
  19	  79	  39	  59	91.23	1.45199	0.0313774	0.05	0.0725995
  20	  80	  40	  60	89.29	1.42106	0.0314074	0.05	0.071053
  21	  81	  41	  61	89.59	1.42583	0.0314027	0.05	0.0712917
  22	  82	  42	  62	90.64	1.44254	0.0313864	0.05	0.0721268
  23	  83	  43	  63	89.07	1.41752	0.0314109	0.05	0.0708758
  24	  84	  44	  64	87.03	1.38505	0.031444	0.05	0.0692525
  25	  85	  45	  65	86.43	1.37563	0.0314539	0.05	0.0687813
  27	  87	  47	  67	84.15	1.33923	0.0314934	0.05	0.0669615
  28	  88	  48	  68	85.54	1.36143	0.031469	0.05	0.0680716
  29	  89	  49	  69	82.57	1.31415	0.0315219	0.05	0.0657076
  30	  90	  50	  70	82.69	1.31608	0.0315197	0.05	0.065804
  31	  91	  51	  71	84.60	1.3464	0.0314854	0.05	0.0673198
  32	  92	  52	  72	81.89	1.30337	0.0315345	0.05	0.0651685
  33	  93	  53	  73	84.09	1.33828	0.0314945	0.05	0.0669142
  34	  94	  54	  74	82.03	1.30547	0.031532	0.05	0.0652736
  35	  95	  55	  75	83.41	1.32757	0.0315065	0.05	0.0663786
  36	  96	  56	  76	83.86	1.33472	0.0314984	0.05	0.066736
  37	  97	  57	  77	84.39	1.34311	0.0314891	0.05	0.0671554
  38	  98	  58	  78	83.93	1.3358	0.0314972	0.05	0.0667902
  39	  99	  59	  79	85.06	1.35376	0.0314774	0.05	0.0676881
  40	 100	  60	  80	85.34	1.35828	0.0314724	0.05	0.0679141
   1	  64	  22	  43	93.75	1.421	0.0314075	0.05	0.0710501
   2	  65	  23	  44	95.01	1.44011	0.0313888	0.05	0.0720055
   3	  66	  24	  45	95.45	1.44687	0.0313823	0.05	0.0723433
   4	  67	  25	  46	87.68	1.32904	0.0315048	0.05	0.0664521
   5	  68	  26	  47	96.09	1.45656	0.0313731	0.05	0.0728278
   6	  69	  27	  48	95.45	1.44684	0.0313823	0.05	0.0723421
   7	  70	  28	  49	95.38	1.44568	0.0313834	0.05	0.0722842
   8	  71	  29	  50	95.09	1.44139	0.0313876	0.05	0.0720694
  10	  73	  31	  52	95.56	1.44851	0.0313807	0.05	0.0724256
  11	  74	  32	  53	94.36	1.43024	0.0313984	0.05	0.0715121
  12	  75	  33	  54	94.45	1.43168	0.031397	0.05	0.0715841
  13	  76	  34	  55	93.57	1.41828	0.0314102	0.05	0.070914
  14	  77	  35	  56	93.44	1.41638	0.031412	0.05	0.0708192
  15	  78	  36	  57	88.20	1.33696	0.0314959	0.05	0.0668478
  16	  79	  37	  58	93.35	1.4149	0.0314135	0.05	0.0707449
  17	  80	  38	  59	91.90	1.39291	0.0314358	0.05	0.0696456
  18	  81	  39	  60	92.41	1.40075	0.0314278	0.05	0.0700376
  19	  82	  40	  61	91.46	1.38635	0.0314426	0.05	0.0693173
  20	  83	  41	  62	89.95	1.36339	0.0314669	0.05	0.0681693
  21	  84	  42	  63	89.15	1.35134	0.03148	0.05	0.0675668
  22	  85	  43	  64	88.94	1.34811	0.0314836	0.05	0.0674053
  23	  86	  44	  65	85.70	1.29896	0.0315397	0.05	0.0649479
  25	  88	  46	  67	85.56	1.29683	0.0315422	0.05	0.0648414
  26	  89	  47	  68	85.24	1.29202	0.031548	0.05	0.0646011
  27	  90	  48	  69	85.82	1.30084	0.0315375	0.05	0.0650418
  28	  91	  49	  70	84.88	1.28653	0.0315546	0.05	0.0643263
  29	  92	  50	  71	83.54	1.26623	0.0315795	0.05	0.0633117
  30	  93	  51	  72	84.53	1.28125	0.031561	0.05	0.0640623
  31	  94	  52	  73	83.76	1.26955	0.0315754	0.05	0.0634776
  32	  95	  53	  74	83.34	1.2632	0.0315833	0.05	0.0631602
  33	  96	  54	  75	85.43	1.29489	0.0315445	0.05	0.0647443
  34	  97	  55	  76	84.38	1.27894	0.0315638	0.05	0.0639469
  35	  98	  56	  77	84.37	1.2788	0.031564	0.05	0.0639399
  36	  99	  57	  78	85.77	1.3	0.0315385	0.05	0.0649998
  37	 100	  58	  79	84.95	1.28771	0.0315531	0.05	0.0643857
   1	  67	  23	  45	96.42	1.39501	0.0314337	0.05	0.0697506
   2	  68	  24	  46	97.21	1.40645	0.031422	0.05	0.0703227
   3	  69	  25	  47	96.55	1.39694	0.0314317	0.05	0.069847
   4	  70	  26	  48	97.41	1.40944	0.031419	0.05	0.0704722
   5	  71	  27	  49	96.38	1.39442	0.0314343	0.05	0.0697211
   6	  72	  28	  50	95.69	1.38448	0.0314446	0.05	0.0692241
   8	  74	  30	  52	95.58	1.38296	0.0314462	0.05	0.0691481
   9	  75	  31	  53	96.31	1.39348	0.0314353	0.05	0.0696742
  10	  76	  32	  54	94.84	1.37214	0.0314576	0.05	0.068607
  11	  77	  33	  55	95.58	1.38297	0.0314462	0.05	0.0691486
  12	  78	  34	  56	95.36	1.37974	0.0314496	0.05	0.0689869
  13	  79	  35	  57	93.98	1.35978	0.0314708	0.05	0.0679892
  14	  80	  36	  58	92.56	1.33928	0.0314933	0.05	0.0669638
  15	  81	  37	  59	93.70	1.35576	0.0314752	0.05	0.0677879
  16	  82	  38	  60	93.80	1.35713	0.0314737	0.05	0.0678567
  17	  83	  39	  61	92.50	1.33838	0.0314943	0.05	0.0669191
  18	  84	  40	  62	92.04	1.33163	0.0315019	0.05	0.0665814
  19	  85	  41	  63	90.49	1.30932	0.0315275	0.05	0.0654658
  20	  86	  42	  64	89.58	1.29609	0.0315431	0.05	0.0648047
  21	  87	  43	  65	88.82	1.28506	0.0315563	0.05	0.0642531
  23	  89	  45	  67	87.63	1.26787	0.0315774	0.05	0.0633935
  24	  90	  46	  68	86.56	1.25238	0.031597	0.05	0.0626191
  25	  91	  47	  69	85.94	1.24345	0.0316084	0.05	0.0621723
  26	  92	  48	  70	85.20	1.23277	0.0316224	0.05	0.0616385
  27	  93	  49	  71	85.27	1.23373	0.0316211	0.05	0.0616864
  28	  94	  50	  72	84.99	1.2297	0.0316264	0.05	0.061485
  29	  95	  51	  73	85.52	1.23735	0.0316164	0.05	0.0618677
  30	  96	  52	  74	85.53	1.23753	0.0316161	0.05	0.0618767
  31	  97	  53	  75	84.81	1.22704	0.0316299	0.05	0.0613522
  32	  98	  54	  76	86.32	1.24888	0.0316014	0.05	0.0624442
  33	  99	  55	  77	84.64	1.22463	0.0316331	0.05	0.0612314
  34	 100	  56	  78	85.64	1.23911	0.0316141	0.05	0.0619553
   1	  70	  24	  47	97.84	1.354	0.0314771	0.05	0.0677002
   2	  71	  25	  48	98.24	1.35959	0.031471	0.05	0.0679797
   3	  72	  26	  49	98.07	1.35731	0.0314735	0.05	0.0678654
   4	  73	  27	  50	97.57	1.35034	0.0314811	0.05	0.0675172
   6	  75	  29	  52	96.98	1.34211	0.0314902	0.05	0.0671054
   7	  76	  30	  53	95.81	1.3259	0.0315084	0.05	0.066295
   8	  77	  31	  54	96.68	1.33807	0.0314947	0.05	0.0669034
   9	  78	  32	  55	96.03	1.32897	0.0315049	0.05	0.0664483
  10	  79	  33	  56	95.58	1.32277	0.031512	0.05	0.0661387
  11	  80	  34	  57	95.85	1.32653	0.0315077	0.05	0.0663266
  12	  81	  35	  58	94.91	1.31353	0.0315226	0.05	0.0656765
  13	  82	  36	  59	94.30	1.30514	0.0315324	0.05	0.0652569
  14	  83	  37	  60	93.48	1.29375	0.0315459	0.05	0.0646875
  15	  84	  38	  61	90.53	1.25283	0.0315964	0.05	0.0626417
  16	  85	  39	  62	93.68	1.29651	0.0315426	0.05	0.0648257
  17	  86	  40	  63	90.62	1.25419	0.0315947	0.05	0.0627095
  18	  87	  41	  64	91.58	1.26748	0.0315779	0.05	0.0633741
  19	  88	  42	  65	88.78	1.22861	0.0316279	0.05	0.0614306
  21	  90	  44	  67	87.82	1.21545	0.0316455	0.05	0.0607724
  22	  91	  45	  68	87.51	1.21112	0.0316514	0.05	0.0605562
  23	  92	  46	  69	86.49	1.19704	0.0316708	0.05	0.0598521
  24	  93	  47	  70	86.95	1.2034	0.031662	0.05	0.0601701
  25	  94	  48	  71	87.21	1.207	0.031657	0.05	0.0603498
  26	  95	  49	  72	87.67	1.2133	0.0316484	0.05	0.0606648
  27	  96	  50	  73	87.05	1.2048	0.03166	0.05	0.0602399
  28	  97	  51	  74	85.70	1.186	0.0316863	0.05	0.0592999
  29	  98	  52	  75	86.19	1.19281	0.0316767	0.05	0.0596404
  30	  99	  53	  76	85.52	1.18363	0.0316897	0.05	0.0591814
  31	 100	  54	  77	86.88	1.20232	0.0316634	0.05	0.0601162
   1	  73	  25	  49	97.49	1.29305	0.0315467	0.05	0.0646527
   2	  74	  26	  50	99.35	1.31768	0.0315178	0.05	0.0658838
   4	  76	  28	  52	97.17	1.2888	0.0315518	0.05	0.06444
   5	  77	  29	  53	97.22	1.28936	0.0315512	0.05	0.064468
   6	  78	  30	  54	97.46	1.29261	0.0315473	0.05	0.0646306
   7	  79	  31	  55	97.24	1.28972	0.0315507	0.05	0.064486
   8	  80	  32	  56	95.74	1.26973	0.0315751	0.05	0.0634867
   9	  81	  33	  57	97.32	1.29074	0.0315495	0.05	0.064537
  10	  82	  34	  58	95.71	1.26935	0.0315756	0.05	0.0634677
  11	  83	  35	  59	95.65	1.26853	0.0315766	0.05	0.0634267
  12	  84	  36	  60	94.24	1.24993	0.0316001	0.05	0.0624964
  13	  85	  37	  61	94.07	1.24767	0.031603	0.05	0.0623837
  14	  86	  38	  62	94.81	1.25746	0.0315905	0.05	0.0628731
  15	  87	  39	  63	91.67	1.21587	0.0316449	0.05	0.0607935
  16	  88	  40	  64	92.92	1.23232	0.0316229	0.05	0.0616162
  17	  89	  41	  65	90.15	1.19571	0.0316727	0.05	0.0597853
  19	  91	  43	  67	90.01	1.19384	0.0316753	0.05	0.0596918
  20	  92	  44	  68	88.42	1.17269	0.0317055	0.05	0.0586343
  21	  93	  45	  69	89.19	1.18286	0.0316908	0.05	0.0591431
  22	  94	  46	  70	87.89	1.1657	0.0317157	0.05	0.0582848
  23	  95	  47	  71	88.53	1.17414	0.0317034	0.05	0.0587072
  24	  96	  48	  72	88.44	1.17296	0.0317051	0.05	0.0586482
  25	  97	  49	  73	86.48	1.14691	0.0317438	0.05	0.0573456
  26	  98	  50	  74	88.50	1.1737	0.031704	0.05	0.0586851
  27	  99	  51	  75	86.40	1.14595	0.0317453	0.05	0.0572974
  28	 100	  52	  76	86.32	1.14492	0.0317468	0.05	0.057246
   2	  77	  27	  52	99.54	1.26733	0.0315781	0.05	0.0633664
   3	  78	  28	  53	99.29	1.26418	0.0315821	0.05	0.0632088
   4	  79	  29	  54	99.70	1.26938	0.0315756	0.05	0.0634691
   5	  80	  30	  55	98.71	1.25682	0.0315913	0.05	0.0628408
   6	  81	  31	  56	99.02	1.26072	0.0315864	0.05	0.0630361
   7	  82	  32	  57	96.16	1.22438	0.0316335	0.05	0.0612191
   8	  83	  33	  58	96.32	1.22644	0.0316307	0.05	0.061322
   9	  84	  34	  59	94.95	1.20896	0.0316543	0.05	0.0604479
  10	  85	  35	  60	94.15	1.1988	0.0316683	0.05	0.0599399
  12	  87	  37	  62	95.62	1.21746	0.0316428	0.05	0.060873
  13	  88	  38	  63	92.99	1.18404	0.0316891	0.05	0.0592018
  14	  89	  39	  64	94.23	1.19971	0.0316671	0.05	0.0599855
  15	  90	  40	  65	90.35	1.15033	0.0317386	0.05	0.0575163
  17	  92	  42	  67	90.02	1.14612	0.031745	0.05	0.0573059
  18	  93	  43	  68	89.05	1.13384	0.0317639	0.05	0.0566921
  19	  94	  44	  69	89.77	1.14297	0.0317498	0.05	0.0571485
  20	  95	  45	  70	89.29	1.13688	0.0317592	0.05	0.0568438
  21	  96	  46	  71	89.25	1.13632	0.0317601	0.05	0.0568158
  22	  97	  47	  72	89.71	1.1422	0.031751	0.05	0.05711
  23	  98	  48	  73	88.49	1.12675	0.031775	0.05	0.0563373
  24	  99	  49	  74	88.68	1.12912	0.0317713	0.05	0.0564561
  25	 100	  50	  75	88.44	1.12609	0.0317761	0.05	0.0563044
   1	  79	  27	  53	98.78	1.20932	0.0316538	0.05	0.0604661
   2	  80	  28	  54	99.42	1.21715	0.0316432	0.05	0.0608576
   3	  81	  29	  55	99.61	1.21946	0.0316401	0.05	0.0609728
   4	  82	  30	  56	98.87	1.21042	0.0316523	0.05	0.060521
   5	  83	  31	  57	98.60	1.20713	0.0316568	0.05	0.0603565
   6	  84	  32	  58	96.80	1.18512	0.0316876	0.05	0.0592558
   7	  85	  33	  59	95.19	1.16543	0.0317161	0.05	0.0582715
   8	  86	  34	  60	97.74	1.19656	0.0316715	0.05	0.0598279
   9	  87	  35	  61	98.01	1.19989	0.0316668	0.05	0.0599945
  10	  88	  36	  62	95.36	1.1674	0.0317132	0.05	0.0583702
  11	  89	  37	  63	93.19	1.14087	0.0317531	0.05	0.0570433
  12	  90	  38	  64	92.76	1.13562	0.0317612	0.05	0.0567809
  13	  91	  39	  65	93.98	1.15051	0.0317384	0.05	0.0575257
  15	  93	  41	  67	91.79	1.12372	0.0317798	0.05	0.0561858
  16	  94	  42	  68	90.34	1.10604	0.0318083	0.05	0.0553019
  17	  95	  43	  69	91.90	1.12506	0.0317777	0.05	0.0562532
  18	  96	  44	  70	92.39	1.13106	0.0317683	0.05	0.0565529
  19	  97	  45	  71	89.30	1.09327	0.0318294	0.05	0.0546633
  20	  98	  46	  72	90.80	1.11164	0.0317992	0.05	0.0555818
  21	  99	  47	  73	88.05	1.07795	0.0318554	0.05	0.0538973
  22	 100	  48	  74	88.00	1.07738	0.0318564	0.05	0.0538691
   1	  82	  28	  55	99.23	1.1698	0.0317097	0.05	0.0584898
   2	  83	  29	  56	97.04	1.14405	0.0317482	0.05	0.0572027
   3	  84	  30	  57	99.10	1.16835	0.0317118	0.05	0.0584173
   4	  85	  31	  58	100.02	1.17914	0.0316962	0.05	0.0589569
   5	  86	  32	  59	95.20	1.12238	0.0317819	0.05	0.056119
   6	  87	  33	  60	96.53	1.13796	0.0317575	0.05	0.0568981
   7	  88	  34	  61	96.37	1.13608	0.0317604	0.05	0.0568041
   8	  89	  35	  62	95.22	1.12256	0.0317816	0.05	0.0561282
   9	  90	  36	  63	96.49	1.13754	0.0317582	0.05	0.0568769
  10	  91	  37	  64	97.40	1.14833	0.0317417	0.05	0.0574164
  11	  92	  38	  65	92.68	1.09259	0.0318305	0.05	0.0546295
  13	  94	  40	  67	91.58	1.07971	0.0318523	0.05	0.0539857
  14	  95	  41	  68	91.56	1.07946	0.0318528	0.05	0.0539728
  15	  96	  42	  69	92.00	1.08465	0.0318439	0.05	0.0542326
  16	  97	  43	  70	91.30	1.0763	0.0318582	0.05	0.0538151
  17	  98	  44	  71	91.24	1.07561	0.0318594	0.05	0.0537806
  18	  99	  45	  72	90.82	1.07067	0.031868	0.05	0.0535334
  19	 100	  46	  73	90.52	1.06721	0.031874	0.05	0.0533606
   1	  85	  29	  57	98.57	1.12051	0.0317849	0.05	0.0560256
   2	  86	  30	  58	97.45	1.10786	0.0318053	0.05	0.0553932
   3	  87	  31	  59	97.81	1.11191	0.0317987	0.05	0.0555957
   4	  88	  32	  60	98.19	1.11626	0.0317917	0.05	0.0558128
   5	  89	  33	  61	97.68	1.11047	0.031801	0.05	0.0555233
   6	  90	  34	  62	97.28	1.10587	0.0318085	0.05	0.0552933
   7	  91	  35	  63	96.15	1.09303	0.0318298	0.05	0.0546514
   8	  92	  36	  64	95.18	1.08205	0.0318483	0.05	0.0541027
   9	  93	  37	  65	94.85	1.07826	0.0318548	0.05	0.0539129
  11	  95	  39	  67	93.91	1.0676	0.0318734	0.05	0.05338
  12	  96	  40	  68	93.27	1.06032	0.0318862	0.05	0.053016
  13	  97	  41	  69	92.47	1.05121	0.0319026	0.05	0.0525607
  14	  98	  42	  70	92.27	1.04892	0.0319067	0.05	0.0524459
  15	  99	  43	  71	91.55	1.0408	0.0319216	0.05	0.0520401
  16	 100	  44	  72	92.01	1.04598	0.0319121	0.05	0.0522992
   1	  88	  30	  59	97.92	1.07478	0.0318608	0.05	0.0537389
   2	  89	  31	  60	97.41	1.06923	0.0318705	0.05	0.0534617
   3	  90	  32	  61	98.36	1.0796	0.0318525	0.05	0.0539798
   4	  91	  33	  62	98.23	1.07815	0.031855	0.05	0.0539073
   5	  92	  34	  63	96.77	1.0622	0.0318829	0.05	0.05311
   6	  93	  35	  64	97.48	1.06992	0.0318693	0.05	0.0534962
   7	  94	  36	  65	95.47	1.04794	0.0319085	0.05	0.0523972
   9	  96	  38	  67	94.89	1.04156	0.0319202	0.05	0.0520781
  10	  97	  39	  68	93.57	1.02707	0.0319473	0.05	0.0513536
  11	  98	  40	  69	92.98	1.02057	0.0319597	0.05	0.0510283
  12	  99	  41	  70	93.26	1.02368	0.0319537	0.05	0.0511841
  13	 100	  42	  71	92.33	1.01341	0.0319735	0.05	0.0506707
   1	  91	  31	  61	98.58	1.046	0.031912	0.05	0.0523001
   2	  92	  32	  62	98.82	1.0485	0.0319075	0.05	0.0524251
   3	  93	  33	  63	95.66	1.01502	0.0319704	0.05	0.0507512
   4	  94	  34	  64	97.66	1.03615	0.0319302	0.05	0.0518077
   5	  95	  35	  65	96.17	1.02042	0.03196	0.05	0.0510208
   7	  97	  37	  67	94.55	1.00318	0.0319937	0.05	0.0501589
   8	  98	  38	  68	97.36	1.03304	0.031936	0.05	0.0516521
   9	  99	  39	  69	95.20	1.01013	0.0319799	0.05	0.0505064
  10	 100	  40	  70	94.49	1.00262	0.0319948	0.05	0.050131
   1	  94	  32	  63	97.54	1.00153	0.0319969	0.05	0.0500767
   2	  95	  33	  64	98.05	1.00677	0.0319866	0.05	0.0503384
   3	  96	  34	  65	94.73	0.972688	0.0320562	0.05	0.0486344
   5	  98	  36	  67	99.61	1.02281	0.0319554	0.05	0.0511405
   6	  99	  37	  68	96.14	0.987122	0.0320261	0.05	0.0493561
   7	 100	  38	  69	89.32	0.917128	0.0321807	0.05	0.0458564
   1	  97	  33	  65	97.85	0.973376	0.0320547	0.05	0.0486688
   3	  99	  35	  67	98.27	0.97752	0.032046	0.05	0.048876
   4	 100	  36	  68	95.25	0.947494	0.0321108	0.05	0.0473747
   1	 100	  34	  67	96.13	0.927216	0.032157	0.05	0.0463608
100 # Number of topographical points
# x z positions for each topo point
75	0
75.5	0
76	0
76.5	0
77	0
77.5	0
78	0
78.5	0
79	0
79.5	0
80	0
80.5	0
81	0
81.5	0
82	0
82.5	0
83	0
83.5	0
84	0
84.5	0
85	0
85.5	0
86	0
86.5	0
87	0
87.5	0
88	0
88.5	0
89	0
89.5	0
90	0
90.5	0
91	0
91.5	0
92	0
92.5	0
93	0
93.5	0
94	0
94.5	0
95	0
95.5	0
96	0
96.5	0
97	0
97.5	0
98	0
98.5	0
99	0
99.5	0
100	0
100.5	0
101	0
101.5	0
102	0
102.5	0
103	0
103.5	0
104	0
104.5	0
105	0
105.5	0
106	0
106.5	0
107	0
107.5	0
108	0
108.5	0
109	0
109.5	0
110	0
110.5	0
111	0
111.5	0
112	0
112.5	0
113	0
113.5	0
114	0
114.5	0
115	0
115.5	0
116	0
116.5	0
117	0
117.5	0
118	0
118.5	0
119	0
119.5	0
120	0
120.5	0
121	0
121.5	0
122	0
122.5	0
123	0
123.5	0
124	0
124.5	0
