89
# x y z
150	0	0
150.5	0	0
151	0	0
151.5	0	0
152	0	0
152.5	0	0
153	0	0
153.5	0	0
154	0	0
154.5	0	0
155	0	0
155.5	0	0
156	0	0
156.5	0	0
157	0	0
157.5	0	0
158	0	0
158.5	0	0
159	0	0
159.5	0	0
160	0	0
160.5	0	0
161	0	0
161.5	0	0
162	0	0
162.5	0	0
163	0	0
163.5	0	0
164	0	0
164.5	0	0
165	0	0
165.5	0	0
166	0	0
166.5	0	0
167	0	0
167.5	0	0
168	0	0
168.5	0	0
169	0	0
169.5	0	0
170	0	0
170.5	0	0
171	0	0
171.5	0	0
172	0	0
172.5	0	0
173	0	0
173.5	0	0
174	0	0
174.5	0	0
175	0	0
175.5	0	0
176	0	0
176.5	0	0
177	0	0
177.5	0	0
178	0	0
178.5	0	0
179	0	0
179.5	0	0
180	0	0
180.5	0	0
181	0	0
181.5	0	0
182	0	0
182.5	0	0
183	0	0
183.5	0	0
184	0	0
184.5	0	0
185	0	0
185.5	0	0
186	0	0
186.5	0	0
187	0	0
187.5	0	0
188	0	0
188.5	0	0
189	0	0
189.5	0	0
190	0	0
190.5	0	0
191	0	0
191.5	0	0
192	0	0
192.5	0	0
193	0	0
193.5	0	0
194	0	0
1216
# a b m n u i
2	5	3	4	1.13626900000000e-01	1.00000000000000e-02
3	6	4	5	1.46446100000000e-01	1.00000000000000e-02
4	7	5	6	1.36186000000000e-01	1.00000000000000e-02
5	8	6	7	1.43630800000000e-01	1.00000000000000e-02
6	9	7	8	1.27918700000000e-01	1.00000000000000e-02
7	10	8	9	1.47022900000000e-01	1.00000000000000e-02
8	11	9	10	1.27318800000000e-01	1.00000000000000e-02
10	13	11	12	1.30474200000000e-01	1.00000000000000e-02
11	14	12	13	1.26467500000000e-01	1.00000000000000e-02
12	15	13	14	1.33314200000000e-01	1.00000000000000e-02
13	16	14	15	1.20996800000000e-01	1.00000000000000e-02
14	17	15	16	1.30030600000000e-01	1.00000000000000e-02
15	18	16	17	1.24122200000000e-01	1.00000000000000e-02
16	19	17	18	1.32423100000000e-01	1.00000000000000e-02
17	20	18	19	1.36669600000000e-01	1.00000000000000e-02
18	21	19	20	1.38001600000000e-01	1.00000000000000e-02
19	22	20	21	1.37447700000000e-01	1.00000000000000e-02
20	23	21	22	1.31710900000000e-01	1.00000000000000e-02
21	24	22	23	1.41253200000000e-01	1.00000000000000e-02
22	25	23	24	1.25045800000000e-01	1.00000000000000e-02
23	26	24	25	1.39062600000000e-01	1.00000000000000e-02
24	27	25	26	1.30143500000000e-01	1.00000000000000e-02
25	28	26	27	1.38008600000000e-01	1.00000000000000e-02
26	29	27	28	1.43929600000000e-01	1.00000000000000e-02
27	30	28	29	1.55422500000000e-01	1.00000000000000e-02
28	31	29	30	1.70921400000000e-01	1.00000000000000e-02
29	32	30	31	1.77636000000000e-01	1.00000000000000e-02
30	33	31	32	1.75159000000000e-01	1.00000000000000e-02
31	34	32	33	1.78780100000000e-01	1.00000000000000e-02
32	35	33	34	1.68370800000000e-01	1.00000000000000e-02
33	36	34	35	1.67769700000000e-01	1.00000000000000e-02
34	37	35	36	1.66832200000000e-01	1.00000000000000e-02
35	38	36	37	1.83414800000000e-01	1.00000000000000e-02
36	39	37	38	1.45105900000000e-01	1.00000000000000e-02
37	40	38	39	1.73261000000000e-01	1.00000000000000e-02
38	41	39	40	1.36647500000000e-01	1.00000000000000e-02
39	42	40	41	1.38385000000000e-01	1.00000000000000e-02
40	43	41	42	1.16708200000000e-01	1.00000000000000e-02
41	44	42	43	1.35195600000000e-01	1.00000000000000e-02
42	45	43	44	1.19176900000000e-01	1.00000000000000e-02
43	46	44	45	1.18582800000000e-01	1.00000000000000e-02
44	47	45	46	1.33027900000000e-01	1.00000000000000e-02
45	48	46	47	1.18708200000000e-01	1.00000000000000e-02
46	49	47	48	1.27660600000000e-01	1.00000000000000e-02
47	50	48	49	1.23610100000000e-01	1.00000000000000e-02
48	51	49	50	1.11155900000000e-01	1.00000000000000e-02
49	52	50	51	1.03318900000000e-01	1.00000000000000e-02
50	53	51	52	1.18167500000000e-01	1.00000000000000e-02
51	54	52	53	1.13792100000000e-01	1.00000000000000e-02
52	55	53	54	1.11285400000000e-01	1.00000000000000e-02
53	56	54	55	1.15655700000000e-01	1.00000000000000e-02
54	57	55	56	1.36742300000000e-01	1.00000000000000e-02
55	58	56	57	1.30618400000000e-01	1.00000000000000e-02
56	59	57	58	1.45648500000000e-01	1.00000000000000e-02
57	60	58	59	1.58141900000000e-01	1.00000000000000e-02
58	61	59	60	1.73448400000000e-01	1.00000000000000e-02
59	62	60	61	1.74739800000000e-01	1.00000000000000e-02
60	63	61	62	1.76717500000000e-01	1.00000000000000e-02
61	64	62	63	1.86165400000000e-01	1.00000000000000e-02
62	65	63	64	1.90159400000000e-01	1.00000000000000e-02
63	66	64	65	1.91535700000000e-01	1.00000000000000e-02
64	67	65	66	1.70485300000000e-01	1.00000000000000e-02
66	69	67	68	1.29854500000000e-01	1.00000000000000e-02
67	70	68	69	1.64024800000000e-01	1.00000000000000e-02
68	71	69	70	1.36907500000000e-01	1.00000000000000e-02
69	72	70	71	1.46125600000000e-01	1.00000000000000e-02
70	73	71	72	1.45246600000000e-01	1.00000000000000e-02
71	74	72	73	1.59002700000000e-01	1.00000000000000e-02
72	75	73	74	1.28923800000000e-01	1.00000000000000e-02
73	76	74	75	1.68306300000000e-01	1.00000000000000e-02
74	77	75	76	2.21322200000000e-01	1.00000000000000e-02
75	78	76	77	2.14045300000000e-01	1.00000000000000e-02
76	79	77	78	2.41440000000000e-01	1.00000000000000e-02
77	80	78	79	2.78280600000000e-01	1.00000000000000e-02
78	81	79	80	3.39416400000000e-01	1.00000000000000e-02
79	82	80	81	3.39416400000000e-01	1.00000000000000e-02
81	84	82	83	3.39416400000000e-01	1.00000000000000e-02
82	85	83	84	3.39416400000000e-01	1.00000000000000e-02
83	86	84	85	3.39416400000000e-01	1.00000000000000e-02
84	87	85	86	3.39416400000000e-01	1.00000000000000e-02
85	88	86	87	3.39416400000000e-01	1.00000000000000e-02
86	89	87	88	3.39416400000000e-01	1.00000000000000e-02
1	7	3	5	7.07207000000000e-02	1.00000000000000e-02
2	8	4	6	7.36506000000000e-02	1.00000000000000e-02
3	9	5	7	7.51697000000000e-02	1.00000000000000e-02
4	10	6	8	7.40825000000000e-02	1.00000000000000e-02
5	11	7	9	7.46134000000000e-02	1.00000000000000e-02
6	12	8	10	7.70091000000000e-02	1.00000000000000e-02
7	13	9	11	7.59101000000000e-02	1.00000000000000e-02
8	14	10	12	7.27262000000000e-02	1.00000000000000e-02
9	15	11	13	7.06209000000000e-02	1.00000000000000e-02
10	16	12	14	7.04711000000000e-02	1.00000000000000e-02
11	17	13	15	7.02532000000000e-02	1.00000000000000e-02
12	18	14	16	6.99135000000000e-02	1.00000000000000e-02
13	19	15	17	6.80120000000000e-02	1.00000000000000e-02
14	20	16	18	6.75211000000000e-02	1.00000000000000e-02
15	21	17	19	6.97107000000000e-02	1.00000000000000e-02
16	22	18	20	7.34650000000000e-02	1.00000000000000e-02
17	23	19	21	7.21267000000000e-02	1.00000000000000e-02
18	24	20	22	7.26540000000000e-02	1.00000000000000e-02
19	25	21	23	6.27659000000000e-02	1.00000000000000e-02
20	26	22	24	7.40720000000000e-02	1.00000000000000e-02
21	27	23	25	7.23709000000000e-02	1.00000000000000e-02
22	28	24	26	7.21366000000000e-02	1.00000000000000e-02
23	29	25	27	7.33607000000000e-02	1.00000000000000e-02
24	30	26	28	7.28064000000000e-02	1.00000000000000e-02
25	31	27	29	7.63727000000000e-02	1.00000000000000e-02
26	32	28	30	7.79983000000000e-02	1.00000000000000e-02
27	33	29	31	7.66923000000000e-02	1.00000000000000e-02
28	34	30	32	7.46171000000000e-02	1.00000000000000e-02
29	35	31	33	7.81593000000000e-02	1.00000000000000e-02
30	36	32	34	7.84857000000000e-02	1.00000000000000e-02
31	37	33	35	7.49121000000000e-02	1.00000000000000e-02
32	38	34	36	7.67597000000000e-02	1.00000000000000e-02
33	39	35	37	7.42010000000000e-02	1.00000000000000e-02
34	40	36	38	6.80359000000000e-02	1.00000000000000e-02
35	41	37	39	6.57542000000000e-02	1.00000000000000e-02
36	42	38	40	6.72477000000000e-02	1.00000000000000e-02
37	43	39	41	6.22756000000000e-02	1.00000000000000e-02
38	44	40	42	5.83833000000000e-02	1.00000000000000e-02
39	45	41	43	6.21140000000000e-02	1.00000000000000e-02
40	46	42	44	5.54416000000000e-02	1.00000000000000e-02
41	47	43	45	4.60363000000000e-02	1.00000000000000e-02
42	48	44	46	4.50611000000000e-02	1.00000000000000e-02
43	49	45	47	5.48467000000000e-02	1.00000000000000e-02
44	50	46	48	6.51871000000000e-02	1.00000000000000e-02
45	51	47	49	6.71484000000000e-02	1.00000000000000e-02
46	52	48	50	5.11022000000000e-02	1.00000000000000e-02
48	54	50	52	4.92602000000000e-02	1.00000000000000e-02
49	55	51	53	6.15029000000000e-02	1.00000000000000e-02
50	56	52	54	6.11989000000000e-02	1.00000000000000e-02
51	57	53	55	6.31461000000000e-02	1.00000000000000e-02
52	58	54	56	6.67038000000000e-02	1.00000000000000e-02
53	59	55	57	6.37227000000000e-02	1.00000000000000e-02
54	60	56	58	6.62589000000000e-02	1.00000000000000e-02
55	61	57	59	6.87395000000000e-02	1.00000000000000e-02
56	62	58	60	7.44965000000000e-02	1.00000000000000e-02
57	63	59	61	7.95315000000000e-02	1.00000000000000e-02
58	64	60	62	7.79410000000000e-02	1.00000000000000e-02
59	65	61	63	7.46523000000000e-02	1.00000000000000e-02
60	66	62	64	8.04096000000000e-02	1.00000000000000e-02
61	67	63	65	8.16422000000000e-02	1.00000000000000e-02
62	68	64	66	7.82094000000000e-02	1.00000000000000e-02
64	70	66	68	7.81381000000000e-02	1.00000000000000e-02
65	71	67	69	7.17517000000000e-02	1.00000000000000e-02
66	72	68	70	6.91655000000000e-02	1.00000000000000e-02
67	73	69	71	7.14748000000000e-02	1.00000000000000e-02
68	74	70	72	7.32750000000000e-02	1.00000000000000e-02
69	75	71	73	7.26653000000000e-02	1.00000000000000e-02
71	77	73	75	7.92605000000000e-02	1.00000000000000e-02
72	78	74	76	8.33946000000000e-02	1.00000000000000e-02
73	79	75	77	8.64260000000000e-02	1.00000000000000e-02
74	80	76	78	7.76243000000000e-02	1.00000000000000e-02
75	81	77	79	7.83512000000000e-02	1.00000000000000e-02
76	82	78	80	1.08453100000000e-01	1.00000000000000e-02
78	84	80	82	6.88851000000000e-02	1.00000000000000e-02
79	85	81	83	8.30895000000000e-02	1.00000000000000e-02
80	86	82	84	1.44942800000000e-01	1.00000000000000e-02
81	87	83	85	1.24278800000000e-01	1.00000000000000e-02
82	88	84	86	7.24015000000000e-02	1.00000000000000e-02
1	10	4	7	5.63278000000000e-02	1.00000000000000e-02
2	11	5	8	5.49711000000000e-02	1.00000000000000e-02
3	12	6	9	5.73297000000000e-02	1.00000000000000e-02
4	13	7	10	5.74480000000000e-02	1.00000000000000e-02
5	14	8	11	5.85757000000000e-02	1.00000000000000e-02
6	15	9	12	5.59043000000000e-02	1.00000000000000e-02
7	16	10	13	5.32837000000000e-02	1.00000000000000e-02
8	17	11	14	5.10749000000000e-02	1.00000000000000e-02
9	18	12	15	5.50997000000000e-02	1.00000000000000e-02
10	19	13	16	5.52145000000000e-02	1.00000000000000e-02
11	20	14	17	5.37756000000000e-02	1.00000000000000e-02
12	21	15	18	5.39088000000000e-02	1.00000000000000e-02
13	22	16	19	5.41852000000000e-02	1.00000000000000e-02
14	23	17	20	5.54450000000000e-02	1.00000000000000e-02
15	24	18	21	5.59850000000000e-02	1.00000000000000e-02
16	25	19	22	5.58871000000000e-02	1.00000000000000e-02
17	26	20	23	5.81481000000000e-02	1.00000000000000e-02
18	27	21	24	5.75136000000000e-02	1.00000000000000e-02
19	28	22	25	5.77125000000000e-02	1.00000000000000e-02
20	29	23	26	5.54084000000000e-02	1.00000000000000e-02
21	30	24	27	5.56070000000000e-02	1.00000000000000e-02
22	31	25	28	5.66383000000000e-02	1.00000000000000e-02
23	32	26	29	5.89798000000000e-02	1.00000000000000e-02
24	33	27	30	5.76942000000000e-02	1.00000000000000e-02
25	34	28	31	5.69345000000000e-02	1.00000000000000e-02
26	35	29	32	5.60680000000000e-02	1.00000000000000e-02
27	36	30	33	5.56679000000000e-02	1.00000000000000e-02
28	37	31	34	5.59191000000000e-02	1.00000000000000e-02
29	38	32	35	5.67449000000000e-02	1.00000000000000e-02
30	39	33	36	5.50206000000000e-02	1.00000000000000e-02
31	40	34	37	5.40597000000000e-02	1.00000000000000e-02
32	41	35	38	5.02876000000000e-02	1.00000000000000e-02
33	42	36	39	4.87816000000000e-02	1.00000000000000e-02
34	43	37	40	4.65620000000000e-02	1.00000000000000e-02
35	44	38	41	4.95676000000000e-02	1.00000000000000e-02
36	45	39	42	4.75073000000000e-02	1.00000000000000e-02
37	46	40	43	4.85796000000000e-02	1.00000000000000e-02
38	47	41	44	4.27040000000000e-02	1.00000000000000e-02
39	48	42	45	3.62279000000000e-02	1.00000000000000e-02
40	49	43	46	3.45573000000000e-02	1.00000000000000e-02
41	50	44	47	3.88576000000000e-02	1.00000000000000e-02
42	51	45	48	5.01361000000000e-02	1.00000000000000e-02
43	52	46	49	5.49780000000000e-02	1.00000000000000e-02
44	53	47	50	4.61326000000000e-02	1.00000000000000e-02
45	54	48	51	3.53933000000000e-02	1.00000000000000e-02
46	55	49	52	3.33965000000000e-02	1.00000000000000e-02
47	56	50	53	3.90090000000000e-02	1.00000000000000e-02
48	57	51	54	4.93993000000000e-02	1.00000000000000e-02
49	58	52	55	5.56194000000000e-02	1.00000000000000e-02
50	59	53	56	5.39663000000000e-02	1.00000000000000e-02
51	60	54	57	5.15300000000000e-02	1.00000000000000e-02
52	61	55	58	5.08987000000000e-02	1.00000000000000e-02
53	62	56	59	4.99313000000000e-02	1.00000000000000e-02
54	63	57	60	5.25998000000000e-02	1.00000000000000e-02
55	64	58	61	5.50777000000000e-02	1.00000000000000e-02
56	65	59	62	5.63084000000000e-02	1.00000000000000e-02
57	66	60	63	5.62260000000000e-02	1.00000000000000e-02
58	67	61	64	5.61054000000000e-02	1.00000000000000e-02
59	68	62	65	5.69035000000000e-02	1.00000000000000e-02
60	69	63	66	5.71839000000000e-02	1.00000000000000e-02
62	71	65	68	5.56203000000000e-02	1.00000000000000e-02
63	72	66	69	5.47433000000000e-02	1.00000000000000e-02
64	73	67	70	5.24821000000000e-02	1.00000000000000e-02
65	74	68	71	5.44174000000000e-02	1.00000000000000e-02
66	75	69	72	5.23978000000000e-02	1.00000000000000e-02
67	76	70	73	5.37540000000000e-02	1.00000000000000e-02
68	77	71	74	4.88113000000000e-02	1.00000000000000e-02
69	78	72	75	5.51479000000000e-02	1.00000000000000e-02
70	79	73	76	5.81642000000000e-02	1.00000000000000e-02
71	80	74	77	5.07597000000000e-02	1.00000000000000e-02
72	81	75	78	5.13282000000000e-02	1.00000000000000e-02
73	82	76	79	4.96978000000000e-02	1.00000000000000e-02
75	84	78	81	4.87648000000000e-02	1.00000000000000e-02
76	85	79	82	5.10173000000000e-02	1.00000000000000e-02
77	86	80	83	5.20828000000000e-02	1.00000000000000e-02
78	87	81	84	5.60717000000000e-02	1.00000000000000e-02
79	88	82	85	5.01903000000000e-02	1.00000000000000e-02
80	89	83	86	4.54483000000000e-02	1.00000000000000e-02
1	13	5	9	4.73440000000000e-02	1.00000000000000e-02
2	14	6	10	4.76951000000000e-02	1.00000000000000e-02
4	16	8	12	2.37247800000000e-01	5.00000000000000e-02
5	17	9	13	2.35864600000000e-01	5.00000000000000e-02
6	18	10	14	2.32700600000000e-01	5.00000000000000e-02
7	19	11	15	1.91102200000000e-01	5.00000000000000e-02
8	20	12	16	2.25079500000000e-01	5.00000000000000e-02
9	21	13	17	2.28835900000000e-01	5.00000000000000e-02
10	22	14	18	2.06343100000000e-01	5.00000000000000e-02
11	23	15	19	2.27102700000000e-01	5.00000000000000e-02
12	24	16	20	2.28999700000000e-01	5.00000000000000e-02
13	25	17	21	2.34502100000000e-01	5.00000000000000e-02
14	26	18	22	2.40272400000000e-01	5.00000000000000e-02
15	27	19	23	2.05782800000000e-01	5.00000000000000e-02
16	28	20	24	2.39079400000000e-01	5.00000000000000e-02
17	29	21	25	2.05498400000000e-01	5.00000000000000e-02
18	30	22	26	2.01561600000000e-01	5.00000000000000e-02
19	31	23	27	2.31526500000000e-01	5.00000000000000e-02
20	32	24	28	2.35667200000000e-01	5.00000000000000e-02
21	33	25	29	2.35176400000000e-01	5.00000000000000e-02
22	34	26	30	2.38079200000000e-01	5.00000000000000e-02
23	35	27	31	2.37039100000000e-01	5.00000000000000e-02
24	36	28	32	2.32005900000000e-01	5.00000000000000e-02
25	37	29	33	2.31012700000000e-01	5.00000000000000e-02
26	38	30	34	2.33966900000000e-01	5.00000000000000e-02
27	39	31	35	2.07700200000000e-01	5.00000000000000e-02
28	40	32	36	2.28821600000000e-01	5.00000000000000e-02
29	41	33	37	2.20374000000000e-01	5.00000000000000e-02
30	42	34	38	2.06197300000000e-01	5.00000000000000e-02
31	43	35	39	2.06434000000000e-01	5.00000000000000e-02
32	44	36	40	2.05779000000000e-01	5.00000000000000e-02
33	45	37	41	2.12396300000000e-01	5.00000000000000e-02
34	46	38	42	2.13018600000000e-01	5.00000000000000e-02
35	47	39	43	2.04277900000000e-01	5.00000000000000e-02
36	48	40	44	1.87858400000000e-01	5.00000000000000e-02
37	49	41	45	1.65556500000000e-01	5.00000000000000e-02
38	50	42	46	1.26838000000000e-01	5.00000000000000e-02
39	51	43	47	1.10977900000000e-01	5.00000000000000e-02
40	52	44	48	2.10567500000000e-01	5.00000000000000e-02
41	53	45	49	2.28376000000000e-01	5.00000000000000e-02
42	54	46	50	1.75655300000000e-01	5.00000000000000e-02
43	55	47	51	1.77939200000000e-01	5.00000000000000e-02
44	56	48	52	1.58378200000000e-01	5.00000000000000e-02
45	57	49	53	1.53348400000000e-01	5.00000000000000e-02
47	59	51	55	2.05100300000000e-01	5.00000000000000e-02
48	60	52	56	2.37317000000000e-01	5.00000000000000e-02
49	61	53	57	2.41030800000000e-01	5.00000000000000e-02
50	62	54	58	2.19679100000000e-01	5.00000000000000e-02
51	63	55	59	2.12749100000000e-01	5.00000000000000e-02
52	64	56	60	2.12013900000000e-01	5.00000000000000e-02
53	65	57	61	2.16920700000000e-01	5.00000000000000e-02
54	66	58	62	2.20630300000000e-01	5.00000000000000e-02
55	67	59	63	2.24013800000000e-01	5.00000000000000e-02
56	68	60	64	2.30550700000000e-01	5.00000000000000e-02
57	69	61	65	2.31545800000000e-01	5.00000000000000e-02
58	70	62	66	2.31481700000000e-01	5.00000000000000e-02
60	72	64	68	2.31749200000000e-01	5.00000000000000e-02
61	73	65	69	2.27571900000000e-01	5.00000000000000e-02
62	74	66	70	2.25815200000000e-01	5.00000000000000e-02
63	75	67	71	1.81399500000000e-01	5.00000000000000e-02
64	76	68	72	2.14334700000000e-01	5.00000000000000e-02
65	77	69	73	2.12738200000000e-01	5.00000000000000e-02
66	78	70	74	1.49155200000000e-01	5.00000000000000e-02
69	81	73	77	1.68088400000000e-01	5.00000000000000e-02
70	82	74	78	1.55986200000000e-01	5.00000000000000e-02
72	84	76	80	3.80359000000000e-02	1.00000000000000e-02
73	85	77	81	3.76798000000000e-02	1.00000000000000e-02
74	86	78	82	3.72095000000000e-02	1.00000000000000e-02
75	87	79	83	4.20697000000000e-02	1.00000000000000e-02
76	88	80	84	4.05578000000000e-02	1.00000000000000e-02
77	89	81	85	3.85936000000000e-02	1.00000000000000e-02
1	16	6	11	4.02636000000000e-02	1.00000000000000e-02
2	17	7	12	4.11703000000000e-02	1.00000000000000e-02
3	18	8	13	4.17905000000000e-02	1.00000000000000e-02
4	19	9	14	4.11048000000000e-02	1.00000000000000e-02
5	20	10	15	4.03531000000000e-02	1.00000000000000e-02
6	21	11	16	3.89277000000000e-02	1.00000000000000e-02
7	22	12	17	3.95636000000000e-02	1.00000000000000e-02
8	23	13	18	3.89347000000000e-02	1.00000000000000e-02
9	24	14	19	3.98082000000000e-02	1.00000000000000e-02
10	25	15	20	4.04583000000000e-02	1.00000000000000e-02
11	26	16	21	4.08408000000000e-02	1.00000000000000e-02
12	27	17	22	4.14388000000000e-02	1.00000000000000e-02
13	28	18	23	4.26894000000000e-02	1.00000000000000e-02
14	29	19	24	4.20010000000000e-02	1.00000000000000e-02
15	30	20	25	4.13847000000000e-02	1.00000000000000e-02
16	31	21	26	4.09847000000000e-02	1.00000000000000e-02
17	32	22	27	4.08278000000000e-02	1.00000000000000e-02
18	33	23	28	4.00514000000000e-02	1.00000000000000e-02
19	34	24	29	4.01767000000000e-02	1.00000000000000e-02
20	35	25	30	4.04179000000000e-02	1.00000000000000e-02
21	36	26	31	4.03167000000000e-02	1.00000000000000e-02
22	37	27	32	4.05852000000000e-02	1.00000000000000e-02
23	38	28	33	4.11533000000000e-02	1.00000000000000e-02
24	39	29	34	4.02250000000000e-02	1.00000000000000e-02
25	40	30	35	3.94843000000000e-02	1.00000000000000e-02
26	41	31	36	3.88624000000000e-02	1.00000000000000e-02
27	42	32	37	3.82941000000000e-02	1.00000000000000e-02
28	43	33	38	3.68798000000000e-02	1.00000000000000e-02
29	44	34	39	3.68221000000000e-02	1.00000000000000e-02
30	45	35	40	3.75869000000000e-02	1.00000000000000e-02
31	46	36	41	3.80330000000000e-02	1.00000000000000e-02
32	47	37	42	3.68907000000000e-02	1.00000000000000e-02
33	48	38	43	3.67069000000000e-02	1.00000000000000e-02
34	49	39	44	3.35767000000000e-02	1.00000000000000e-02
35	50	40	45	3.20358000000000e-02	1.00000000000000e-02
36	51	41	46	3.20073000000000e-02	1.00000000000000e-02
37	52	42	47	3.23806000000000e-02	1.00000000000000e-02
38	53	43	48	3.56720000000000e-02	1.00000000000000e-02
39	54	44	49	3.70500000000000e-02	1.00000000000000e-02
40	55	45	50	3.48593000000000e-02	1.00000000000000e-02
41	56	46	51	3.22780000000000e-02	1.00000000000000e-02
42	57	47	52	3.12402000000000e-02	1.00000000000000e-02
43	58	48	53	2.94956000000000e-02	1.00000000000000e-02
44	59	49	54	2.92703000000000e-02	1.00000000000000e-02
45	60	50	55	3.27161000000000e-02	1.00000000000000e-02
46	61	51	56	3.67726000000000e-02	1.00000000000000e-02
47	62	52	57	3.87909000000000e-02	1.00000000000000e-02
48	63	53	58	4.14146000000000e-02	1.00000000000000e-02
49	64	54	59	4.10615000000000e-02	1.00000000000000e-02
50	65	55	60	3.83929000000000e-02	1.00000000000000e-02
51	66	56	61	3.72927000000000e-02	1.00000000000000e-02
52	67	57	62	3.67689000000000e-02	1.00000000000000e-02
53	68	58	63	3.72562000000000e-02	1.00000000000000e-02
54	69	59	64	3.82632000000000e-02	1.00000000000000e-02
55	70	60	65	3.94742000000000e-02	1.00000000000000e-02
56	71	61	66	3.93234000000000e-02	1.00000000000000e-02
58	73	63	68	3.92988000000000e-02	1.00000000000000e-02
59	74	64	69	3.88808000000000e-02	1.00000000000000e-02
60	75	65	70	3.77399000000000e-02	1.00000000000000e-02
61	76	66	71	3.75435000000000e-02	1.00000000000000e-02
62	77	67	72	3.63169000000000e-02	1.00000000000000e-02
63	78	68	73	3.59161000000000e-02	1.00000000000000e-02
64	79	69	74	3.71914000000000e-02	1.00000000000000e-02
65	80	70	75	3.85253000000000e-02	1.00000000000000e-02
66	81	71	76	3.85086000000000e-02	1.00000000000000e-02
67	82	72	77	3.88989000000000e-02	1.00000000000000e-02
69	84	74	79	3.45698000000000e-02	1.00000000000000e-02
70	85	75	80	3.42492000000000e-02	1.00000000000000e-02
71	86	76	81	3.30702000000000e-02	1.00000000000000e-02
72	87	77	82	3.13168000000000e-02	1.00000000000000e-02
73	88	78	83	3.25491000000000e-02	1.00000000000000e-02
74	89	79	84	3.46892000000000e-02	1.00000000000000e-02
1	19	7	13	3.57065000000000e-02	1.00000000000000e-02
2	20	8	14	3.67013000000000e-02	1.00000000000000e-02
3	21	9	15	3.62364000000000e-02	1.00000000000000e-02
4	22	10	16	3.53686000000000e-02	1.00000000000000e-02
5	23	11	17	3.39953000000000e-02	1.00000000000000e-02
6	24	12	18	3.48694000000000e-02	1.00000000000000e-02
7	25	13	19	3.53065000000000e-02	1.00000000000000e-02
8	26	14	20	3.50413000000000e-02	1.00000000000000e-02
9	27	15	21	3.58342000000000e-02	1.00000000000000e-02
10	28	16	22	3.66394000000000e-02	1.00000000000000e-02
11	29	17	23	3.73654000000000e-02	1.00000000000000e-02
12	30	18	24	3.66421000000000e-02	1.00000000000000e-02
13	31	19	25	3.68568000000000e-02	1.00000000000000e-02
14	32	20	26	3.63470000000000e-02	1.00000000000000e-02
15	33	21	27	3.61139000000000e-02	1.00000000000000e-02
16	34	22	28	3.58882000000000e-02	1.00000000000000e-02
17	35	23	29	3.49782000000000e-02	1.00000000000000e-02
18	36	24	30	3.48569000000000e-02	1.00000000000000e-02
19	37	25	31	3.50660000000000e-02	1.00000000000000e-02
20	38	26	32	3.54900000000000e-02	1.00000000000000e-02
21	39	27	33	3.54934000000000e-02	1.00000000000000e-02
22	40	28	34	3.53738000000000e-02	1.00000000000000e-02
23	41	29	35	3.46633000000000e-02	1.00000000000000e-02
24	42	30	36	3.37203000000000e-02	1.00000000000000e-02
25	43	31	37	3.39143000000000e-02	1.00000000000000e-02
26	44	32	38	3.37649000000000e-02	1.00000000000000e-02
27	45	33	39	3.42919000000000e-02	1.00000000000000e-02
28	46	34	40	3.42603000000000e-02	1.00000000000000e-02
29	47	35	41	3.43489000000000e-02	1.00000000000000e-02
30	48	36	42	3.28011000000000e-02	1.00000000000000e-02
31	49	37	43	3.17061000000000e-02	1.00000000000000e-02
32	50	38	44	3.19108000000000e-02	1.00000000000000e-02
33	51	39	45	3.05644000000000e-02	1.00000000000000e-02
34	52	40	46	3.05923000000000e-02	1.00000000000000e-02
35	53	41	47	3.00527000000000e-02	1.00000000000000e-02
36	54	42	48	3.11917000000000e-02	1.00000000000000e-02
37	55	43	49	3.19540000000000e-02	1.00000000000000e-02
38	56	44	50	2.95660000000000e-02	1.00000000000000e-02
39	57	45	51	2.90898000000000e-02	1.00000000000000e-02
40	58	46	52	2.92685000000000e-02	1.00000000000000e-02
41	59	47	53	2.94413000000000e-02	1.00000000000000e-02
42	60	48	54	2.80698000000000e-02	1.00000000000000e-02
43	61	49	55	2.88316000000000e-02	1.00000000000000e-02
44	62	50	56	3.07374000000000e-02	1.00000000000000e-02
45	63	51	57	3.24910000000000e-02	1.00000000000000e-02
46	64	52	58	3.38216000000000e-02	1.00000000000000e-02
47	65	53	59	3.41717000000000e-02	1.00000000000000e-02
48	66	54	60	3.58156000000000e-02	1.00000000000000e-02
49	67	55	61	3.16216000000000e-02	1.00000000000000e-02
50	68	56	62	3.37237000000000e-02	1.00000000000000e-02
51	69	57	63	3.15260000000000e-02	1.00000000000000e-02
52	70	58	64	3.33275000000000e-02	1.00000000000000e-02
53	71	59	65	3.37521000000000e-02	1.00000000000000e-02
54	72	60	66	3.41214000000000e-02	1.00000000000000e-02
56	74	62	68	3.49383000000000e-02	1.00000000000000e-02
57	75	63	69	3.40993000000000e-02	1.00000000000000e-02
58	76	64	70	3.29340000000000e-02	1.00000000000000e-02
59	77	65	71	3.19318000000000e-02	1.00000000000000e-02
60	78	66	72	3.19812000000000e-02	1.00000000000000e-02
61	79	67	73	3.19202000000000e-02	1.00000000000000e-02
62	80	68	74	3.03166000000000e-02	1.00000000000000e-02
63	81	69	75	3.27078000000000e-02	1.00000000000000e-02
64	82	70	76	3.40125000000000e-02	1.00000000000000e-02
66	84	72	78	3.13655000000000e-02	1.00000000000000e-02
67	85	73	79	3.81694000000000e-02	1.00000000000000e-02
68	86	74	80	2.86469000000000e-02	1.00000000000000e-02
69	87	75	81	3.12038000000000e-02	1.00000000000000e-02
70	88	76	82	2.77500000000000e-02	1.00000000000000e-02
71	89	77	83	2.81980000000000e-02	1.00000000000000e-02
1	22	8	15	3.26474000000000e-02	1.00000000000000e-02
2	23	9	16	3.18922000000000e-02	1.00000000000000e-02
3	24	10	17	3.10774000000000e-02	1.00000000000000e-02
4	25	11	18	3.09193000000000e-02	1.00000000000000e-02
5	26	12	19	3.15908000000000e-02	1.00000000000000e-02
6	27	13	20	3.16976000000000e-02	1.00000000000000e-02
7	28	14	21	3.19058000000000e-02	1.00000000000000e-02
8	29	15	22	3.22073000000000e-02	1.00000000000000e-02
9	30	16	23	3.24727000000000e-02	1.00000000000000e-02
10	31	17	24	3.28764000000000e-02	1.00000000000000e-02
11	32	18	25	3.36257000000000e-02	1.00000000000000e-02
12	33	19	26	3.24996000000000e-02	1.00000000000000e-02
13	34	20	27	3.19866000000000e-02	1.00000000000000e-02
14	35	21	28	3.22356000000000e-02	1.00000000000000e-02
15	36	22	29	3.16254000000000e-02	1.00000000000000e-02
16	37	23	30	3.11980000000000e-02	1.00000000000000e-02
17	38	24	31	3.14092000000000e-02	1.00000000000000e-02
18	39	25	32	3.10948000000000e-02	1.00000000000000e-02
19	40	26	33	3.11490000000000e-02	1.00000000000000e-02
20	41	27	34	3.09843000000000e-02	1.00000000000000e-02
21	42	28	35	3.05132000000000e-02	1.00000000000000e-02
22	43	29	36	3.08399000000000e-02	1.00000000000000e-02
23	44	30	37	3.14171000000000e-02	1.00000000000000e-02
24	45	31	38	3.12666000000000e-02	1.00000000000000e-02
25	46	32	39	3.16635000000000e-02	1.00000000000000e-02
26	47	33	40	3.12521000000000e-02	1.00000000000000e-02
27	48	34	41	3.07204000000000e-02	1.00000000000000e-02
28	49	35	42	3.00372000000000e-02	1.00000000000000e-02
29	50	36	43	2.99488000000000e-02	1.00000000000000e-02
30	51	37	44	2.92483000000000e-02	1.00000000000000e-02
31	52	38	45	2.85856000000000e-02	1.00000000000000e-02
32	53	39	46	2.80874000000000e-02	1.00000000000000e-02
33	54	40	47	2.81505000000000e-02	1.00000000000000e-02
34	55	41	48	2.86806000000000e-02	1.00000000000000e-02
35	56	42	49	2.79601000000000e-02	1.00000000000000e-02
36	57	43	50	2.62954000000000e-02	1.00000000000000e-02
37	58	44	51	2.56738000000000e-02	1.00000000000000e-02
38	59	45	52	2.58765000000000e-02	1.00000000000000e-02
39	60	46	53	2.70109000000000e-02	1.00000000000000e-02
40	61	47	54	2.70567000000000e-02	1.00000000000000e-02
41	62	48	55	2.70312000000000e-02	1.00000000000000e-02
42	63	49	56	2.70705000000000e-02	1.00000000000000e-02
43	64	50	57	2.78441000000000e-02	1.00000000000000e-02
44	65	51	58	2.98424000000000e-02	1.00000000000000e-02
45	66	52	59	2.96133000000000e-02	1.00000000000000e-02
46	67	53	60	3.02497000000000e-02	1.00000000000000e-02
47	68	54	61	3.10616000000000e-02	1.00000000000000e-02
48	69	55	62	3.18557000000000e-02	1.00000000000000e-02
49	70	56	63	3.14991000000000e-02	1.00000000000000e-02
50	71	57	64	3.06234000000000e-02	1.00000000000000e-02
51	72	58	65	3.02469000000000e-02	1.00000000000000e-02
52	73	59	66	3.04420000000000e-02	1.00000000000000e-02
54	75	61	68	2.91529000000000e-02	1.00000000000000e-02
55	76	62	69	2.94867000000000e-02	1.00000000000000e-02
56	77	63	70	2.92170000000000e-02	1.00000000000000e-02
57	78	64	71	2.91551000000000e-02	1.00000000000000e-02
58	79	65	72	2.87476000000000e-02	1.00000000000000e-02
59	80	66	73	2.81812000000000e-02	1.00000000000000e-02
60	81	67	74	2.80282000000000e-02	1.00000000000000e-02
61	82	68	75	2.92301000000000e-02	1.00000000000000e-02
63	84	70	77	2.81728000000000e-02	1.00000000000000e-02
64	85	71	78	2.78002000000000e-02	1.00000000000000e-02
65	86	72	79	2.75348000000000e-02	1.00000000000000e-02
66	87	73	80	2.80871000000000e-02	1.00000000000000e-02
67	88	74	81	2.73045000000000e-02	1.00000000000000e-02
68	89	75	82	2.58360000000000e-02	1.00000000000000e-02
1	25	9	17	2.84695000000000e-02	1.00000000000000e-02
2	26	10	18	2.81859000000000e-02	1.00000000000000e-02
3	27	11	19	2.47177000000000e-02	1.00000000000000e-02
4	28	12	20	2.85275000000000e-02	1.00000000000000e-02
5	29	13	21	2.88037000000000e-02	1.00000000000000e-02
6	30	14	22	2.80534000000000e-02	1.00000000000000e-02
7	31	15	23	2.92949000000000e-02	1.00000000000000e-02
8	32	16	24	2.89100000000000e-02	1.00000000000000e-02
9	33	17	25	2.93543000000000e-02	1.00000000000000e-02
10	34	18	26	2.92473000000000e-02	1.00000000000000e-02
11	35	19	27	2.90328000000000e-02	1.00000000000000e-02
12	36	20	28	2.89406000000000e-02	1.00000000000000e-02
13	37	21	29	2.88961000000000e-02	1.00000000000000e-02
14	38	22	30	2.89188000000000e-02	1.00000000000000e-02
15	39	23	31	2.79183000000000e-02	1.00000000000000e-02
16	40	24	32	2.75025000000000e-02	1.00000000000000e-02
17	41	25	33	2.79201000000000e-02	1.00000000000000e-02
18	42	26	34	2.77966000000000e-02	1.00000000000000e-02
19	43	27	35	2.76365000000000e-02	1.00000000000000e-02
20	44	28	36	2.82707000000000e-02	1.00000000000000e-02
21	45	29	37	2.87131000000000e-02	1.00000000000000e-02
22	46	30	38	2.85765000000000e-02	1.00000000000000e-02
23	47	31	39	2.90432000000000e-02	1.00000000000000e-02
24	48	32	40	2.86875000000000e-02	1.00000000000000e-02
25	49	33	41	2.82063000000000e-02	1.00000000000000e-02
26	50	34	42	2.81663000000000e-02	1.00000000000000e-02
27	51	35	43	2.83417000000000e-02	1.00000000000000e-02
28	52	36	44	2.77986000000000e-02	1.00000000000000e-02
29	53	37	45	2.60990000000000e-02	1.00000000000000e-02
30	54	38	46	2.60088000000000e-02	1.00000000000000e-02
31	55	39	47	2.53932000000000e-02	1.00000000000000e-02
32	56	40	48	2.64387000000000e-02	1.00000000000000e-02
33	57	41	49	2.58843000000000e-02	1.00000000000000e-02
34	58	42	50	2.40947000000000e-02	1.00000000000000e-02
35	59	43	51	2.31852000000000e-02	1.00000000000000e-02
36	60	44	52	2.32417000000000e-02	1.00000000000000e-02
37	61	45	53	2.42859000000000e-02	1.00000000000000e-02
38	62	46	54	2.47441000000000e-02	1.00000000000000e-02
39	63	47	55	2.56489000000000e-02	1.00000000000000e-02
40	64	48	56	2.50600000000000e-02	1.00000000000000e-02
41	65	49	57	2.46840000000000e-02	1.00000000000000e-02
42	66	50	58	2.61595000000000e-02	1.00000000000000e-02
43	67	51	59	2.70722000000000e-02	1.00000000000000e-02
44	68	52	60	2.76894000000000e-02	1.00000000000000e-02
45	69	53	61	2.78838000000000e-02	1.00000000000000e-02
46	70	54	62	2.80735000000000e-02	1.00000000000000e-02
47	71	55	63	2.81373000000000e-02	1.00000000000000e-02
48	72	56	64	2.86575000000000e-02	1.00000000000000e-02
49	73	57	65	2.94152000000000e-02	1.00000000000000e-02
50	74	58	66	2.81412000000000e-02	1.00000000000000e-02
52	76	60	68	1.33958000000000e-01	5.00000000000000e-02
53	77	61	69	1.31706100000000e-01	5.00000000000000e-02
54	78	62	70	1.30079900000000e-01	5.00000000000000e-02
57	81	65	73	6.89226000000000e-02	5.00000000000000e-02
60	84	68	76	2.51688000000000e-02	1.00000000000000e-02
61	85	69	77	2.50977000000000e-02	1.00000000000000e-02
62	86	70	78	2.50756000000000e-02	1.00000000000000e-02
63	87	71	79	2.45679000000000e-02	1.00000000000000e-02
64	88	72	80	2.46941000000000e-02	1.00000000000000e-02
65	89	73	81	2.44367000000000e-02	1.00000000000000e-02
1	28	10	19	2.57499000000000e-02	1.00000000000000e-02
2	29	11	20	2.56682000000000e-02	1.00000000000000e-02
3	30	12	21	2.58974000000000e-02	1.00000000000000e-02
4	31	13	22	2.61509000000000e-02	1.00000000000000e-02
5	32	14	23	2.65811000000000e-02	1.00000000000000e-02
6	33	15	24	2.65678000000000e-02	1.00000000000000e-02
7	34	16	25	2.63922000000000e-02	1.00000000000000e-02
8	35	17	26	2.61536000000000e-02	1.00000000000000e-02
9	36	18	27	2.64812000000000e-02	1.00000000000000e-02
10	37	19	28	2.66574000000000e-02	1.00000000000000e-02
11	38	20	29	2.63423000000000e-02	1.00000000000000e-02
12	39	21	30	2.63421000000000e-02	1.00000000000000e-02
13	40	22	31	2.60244000000000e-02	1.00000000000000e-02
14	41	23	32	2.53761000000000e-02	1.00000000000000e-02
15	42	24	33	2.50460000000000e-02	1.00000000000000e-02
16	43	25	34	2.55236000000000e-02	1.00000000000000e-02
17	44	26	35	2.51906000000000e-02	1.00000000000000e-02
18	45	27	36	2.60576000000000e-02	1.00000000000000e-02
19	46	28	37	2.63445000000000e-02	1.00000000000000e-02
20	47	29	38	2.63079000000000e-02	1.00000000000000e-02
21	48	30	39	2.61899000000000e-02	1.00000000000000e-02
22	49	31	40	2.59751000000000e-02	1.00000000000000e-02
23	50	32	41	2.68951000000000e-02	1.00000000000000e-02
24	51	33	42	2.71819000000000e-02	1.00000000000000e-02
25	52	34	43	2.66239000000000e-02	1.00000000000000e-02
26	53	35	44	2.56124000000000e-02	1.00000000000000e-02
27	54	36	45	2.42181000000000e-02	1.00000000000000e-02
28	55	37	46	2.39539000000000e-02	1.00000000000000e-02
29	56	38	47	2.38734000000000e-02	1.00000000000000e-02
30	57	39	48	2.46149000000000e-02	1.00000000000000e-02
31	58	40	49	2.42782000000000e-02	1.00000000000000e-02
32	59	41	50	2.24341000000000e-02	1.00000000000000e-02
33	60	42	51	2.11306000000000e-02	1.00000000000000e-02
34	61	43	52	2.11037000000000e-02	1.00000000000000e-02
35	62	44	53	2.18272000000000e-02	1.00000000000000e-02
36	63	45	54	2.25467000000000e-02	1.00000000000000e-02
37	64	46	55	2.28103000000000e-02	1.00000000000000e-02
38	65	47	56	2.34820000000000e-02	1.00000000000000e-02
39	66	48	57	2.31608000000000e-02	1.00000000000000e-02
40	67	49	58	2.27944000000000e-02	1.00000000000000e-02
41	68	50	59	2.39958000000000e-02	1.00000000000000e-02
42	69	51	60	2.53205000000000e-02	1.00000000000000e-02
43	70	52	61	2.62141000000000e-02	1.00000000000000e-02
44	71	53	62	2.58913000000000e-02	1.00000000000000e-02
45	72	54	63	2.54481000000000e-02	1.00000000000000e-02
46	73	55	64	2.59497000000000e-02	1.00000000000000e-02
47	74	56	65	2.59881000000000e-02	1.00000000000000e-02
48	75	57	66	2.64436000000000e-02	1.00000000000000e-02
50	77	59	68	2.52988000000000e-02	1.00000000000000e-02
51	78	60	69	2.45456000000000e-02	1.00000000000000e-02
52	79	61	70	2.40414000000000e-02	1.00000000000000e-02
53	80	62	71	2.35398000000000e-02	1.00000000000000e-02
54	81	63	72	2.36168000000000e-02	1.00000000000000e-02
55	82	64	73	2.34608000000000e-02	1.00000000000000e-02
57	84	66	75	2.26695000000000e-02	1.00000000000000e-02
58	85	67	76	2.26709000000000e-02	1.00000000000000e-02
59	86	68	77	2.24039000000000e-02	1.00000000000000e-02
60	87	69	78	2.24028000000000e-02	1.00000000000000e-02
61	88	70	79	2.21136000000000e-02	1.00000000000000e-02
62	89	71	80	2.23615000000000e-02	1.00000000000000e-02
1	31	11	21	2.34371000000000e-02	1.00000000000000e-02
2	32	12	22	2.39780000000000e-02	1.00000000000000e-02
3	33	13	23	2.40971000000000e-02	1.00000000000000e-02
4	34	14	24	2.37749000000000e-02	1.00000000000000e-02
5	35	15	25	2.39049000000000e-02	1.00000000000000e-02
6	36	16	26	2.40319000000000e-02	1.00000000000000e-02
7	37	17	27	2.41592000000000e-02	1.00000000000000e-02
8	38	18	28	2.43019000000000e-02	1.00000000000000e-02
9	39	19	29	2.43522000000000e-02	1.00000000000000e-02
10	40	20	30	2.41761000000000e-02	1.00000000000000e-02
11	41	21	31	2.39507000000000e-02	1.00000000000000e-02
12	42	22	32	2.36477000000000e-02	1.00000000000000e-02
13	43	23	33	2.35384000000000e-02	1.00000000000000e-02
14	44	24	34	2.38727000000000e-02	1.00000000000000e-02
15	45	25	35	2.43107000000000e-02	1.00000000000000e-02
16	46	26	36	2.44850000000000e-02	1.00000000000000e-02
17	47	27	37	2.43954000000000e-02	1.00000000000000e-02
18	48	28	38	2.39376000000000e-02	1.00000000000000e-02
19	49	29	39	2.38596000000000e-02	1.00000000000000e-02
20	50	30	40	2.46137000000000e-02	1.00000000000000e-02
21	51	31	41	2.54277000000000e-02	1.00000000000000e-02
22	52	32	42	2.55098000000000e-02	1.00000000000000e-02
23	53	33	43	2.50200000000000e-02	1.00000000000000e-02
24	54	34	44	2.39579000000000e-02	1.00000000000000e-02
25	55	35	45	2.25948000000000e-02	1.00000000000000e-02
26	56	36	46	2.23311000000000e-02	1.00000000000000e-02
27	57	37	47	2.21418000000000e-02	1.00000000000000e-02
28	58	38	48	2.27550000000000e-02	1.00000000000000e-02
29	59	39	49	2.26245000000000e-02	1.00000000000000e-02
30	60	40	50	2.11776000000000e-02	1.00000000000000e-02
31	61	41	51	1.99546000000000e-02	1.00000000000000e-02
32	62	42	52	1.93630000000000e-02	1.00000000000000e-02
33	63	43	53	1.94105000000000e-02	1.00000000000000e-02
34	64	44	54	2.04073000000000e-02	1.00000000000000e-02
35	65	45	55	2.12273000000000e-02	1.00000000000000e-02
36	66	46	56	2.17469000000000e-02	1.00000000000000e-02
37	67	47	57	2.16773000000000e-02	1.00000000000000e-02
38	68	48	58	2.10160000000000e-02	1.00000000000000e-02
39	69	49	59	2.11315000000000e-02	1.00000000000000e-02
40	70	50	60	2.24696000000000e-02	1.00000000000000e-02
41	71	51	61	2.39625000000000e-02	1.00000000000000e-02
42	72	52	62	2.44387000000000e-02	1.00000000000000e-02
43	73	53	63	2.46734000000000e-02	1.00000000000000e-02
44	74	54	64	2.45420000000000e-02	1.00000000000000e-02
45	75	55	65	2.37116000000000e-02	1.00000000000000e-02
46	76	56	66	2.29976000000000e-02	1.00000000000000e-02
48	78	58	68	2.37277000000000e-02	1.00000000000000e-02
49	79	59	69	2.40138000000000e-02	1.00000000000000e-02
50	80	60	70	2.25903000000000e-02	1.00000000000000e-02
51	81	61	71	2.18543000000000e-02	1.00000000000000e-02
52	82	62	72	2.16303000000000e-02	1.00000000000000e-02
54	84	64	74	2.07269000000000e-02	1.00000000000000e-02
55	85	65	75	2.09059000000000e-02	1.00000000000000e-02
56	86	66	76	2.11783000000000e-02	1.00000000000000e-02
57	87	67	77	2.03760000000000e-02	1.00000000000000e-02
58	88	68	78	2.01836000000000e-02	1.00000000000000e-02
59	89	69	79	1.97960000000000e-02	1.00000000000000e-02
1	34	12	23	2.17996000000000e-02	1.00000000000000e-02
2	35	13	24	2.17984000000000e-02	1.00000000000000e-02
3	36	14	25	2.18793000000000e-02	1.00000000000000e-02
4	37	15	26	2.17208000000000e-02	1.00000000000000e-02
5	38	16	27	2.22430000000000e-02	1.00000000000000e-02
6	39	17	28	2.23095000000000e-02	1.00000000000000e-02
7	40	18	29	2.27071000000000e-02	1.00000000000000e-02
8	41	19	30	2.19564000000000e-02	1.00000000000000e-02
9	42	20	31	2.20543000000000e-02	1.00000000000000e-02
10	43	21	32	2.22744000000000e-02	1.00000000000000e-02
11	44	22	33	2.26711000000000e-02	1.00000000000000e-02
12	45	23	34	2.24208000000000e-02	1.00000000000000e-02
13	46	24	35	2.27678000000000e-02	1.00000000000000e-02
14	47	25	36	2.26263000000000e-02	1.00000000000000e-02
15	48	26	37	2.26565000000000e-02	1.00000000000000e-02
16	49	27	38	2.19567000000000e-02	1.00000000000000e-02
17	50	28	39	2.27226000000000e-02	1.00000000000000e-02
18	51	29	40	2.33047000000000e-02	1.00000000000000e-02
19	52	30	41	2.31916000000000e-02	1.00000000000000e-02
20	53	31	42	2.36178000000000e-02	1.00000000000000e-02
21	54	32	43	2.29913000000000e-02	1.00000000000000e-02
22	55	33	44	2.20699000000000e-02	1.00000000000000e-02
23	56	34	45	2.13635000000000e-02	1.00000000000000e-02
24	57	35	46	2.08196000000000e-02	1.00000000000000e-02
25	58	36	47	2.05975000000000e-02	1.00000000000000e-02
26	59	37	48	2.10667000000000e-02	1.00000000000000e-02
27	60	38	49	2.13145000000000e-02	1.00000000000000e-02
28	61	39	50	2.01428000000000e-02	1.00000000000000e-02
29	62	40	51	1.89848000000000e-02	1.00000000000000e-02
30	63	41	52	1.81056000000000e-02	1.00000000000000e-02
31	64	42	53	1.78326000000000e-02	1.00000000000000e-02
32	65	43	54	1.81309000000000e-02	1.00000000000000e-02
33	66	44	55	1.88143000000000e-02	1.00000000000000e-02
34	67	45	56	1.98917000000000e-02	1.00000000000000e-02
35	68	46	57	2.00745000000000e-02	1.00000000000000e-02
36	69	47	58	2.03836000000000e-02	1.00000000000000e-02
37	70	48	59	1.98630000000000e-02	1.00000000000000e-02
38	71	49	60	1.98174000000000e-02	1.00000000000000e-02
39	72	50	61	2.08880000000000e-02	1.00000000000000e-02
40	73	51	62	2.21392000000000e-02	1.00000000000000e-02
41	74	52	63	2.29874000000000e-02	1.00000000000000e-02
42	75	53	64	2.29175000000000e-02	1.00000000000000e-02
43	76	54	65	2.25989000000000e-02	1.00000000000000e-02
44	77	55	66	2.17787000000000e-02	1.00000000000000e-02
46	79	57	68	2.14092000000000e-02	1.00000000000000e-02
47	80	58	69	2.14214000000000e-02	1.00000000000000e-02
48	81	59	70	2.18808000000000e-02	1.00000000000000e-02
49	82	60	71	2.17697000000000e-02	1.00000000000000e-02
51	84	62	73	1.93872000000000e-02	1.00000000000000e-02
52	85	63	74	1.67256000000000e-02	1.00000000000000e-02
53	86	64	75	1.94802000000000e-02	1.00000000000000e-02
54	87	65	76	1.93690000000000e-02	1.00000000000000e-02
55	88	66	77	1.90138000000000e-02	1.00000000000000e-02
56	89	67	78	1.88954000000000e-02	1.00000000000000e-02
1	37	13	25	2.02614000000000e-02	1.00000000000000e-02
2	38	14	26	2.02147000000000e-02	1.00000000000000e-02
3	39	15	27	2.01148000000000e-02	1.00000000000000e-02
4	40	16	28	2.03152000000000e-02	1.00000000000000e-02
5	41	17	29	2.03534000000000e-02	1.00000000000000e-02
6	42	18	30	2.04492000000000e-02	1.00000000000000e-02
7	43	19	31	2.06678000000000e-02	1.00000000000000e-02
8	44	20	32	2.07076000000000e-02	1.00000000000000e-02
9	45	21	33	2.15157000000000e-02	1.00000000000000e-02
10	46	22	34	2.16243000000000e-02	1.00000000000000e-02
11	47	23	35	2.12757000000000e-02	1.00000000000000e-02
12	48	24	36	2.11904000000000e-02	1.00000000000000e-02
13	49	25	37	2.10868000000000e-02	1.00000000000000e-02
14	50	26	38	2.13472000000000e-02	1.00000000000000e-02
15	51	27	39	2.18403000000000e-02	1.00000000000000e-02
16	52	28	40	2.18569000000000e-02	1.00000000000000e-02
17	53	29	41	2.19539000000000e-02	1.00000000000000e-02
18	54	30	42	2.19487000000000e-02	1.00000000000000e-02
19	55	31	43	2.14057000000000e-02	1.00000000000000e-02
20	56	32	44	2.07125000000000e-02	1.00000000000000e-02
21	57	33	45	2.00553000000000e-02	1.00000000000000e-02
22	58	34	46	1.96699000000000e-02	1.00000000000000e-02
23	59	35	47	1.97171000000000e-02	1.00000000000000e-02
24	60	36	48	1.99346000000000e-02	1.00000000000000e-02
25	61	37	49	1.97430000000000e-02	1.00000000000000e-02
26	62	38	50	1.87702000000000e-02	1.00000000000000e-02
27	63	39	51	1.78014000000000e-02	1.00000000000000e-02
28	64	40	52	1.74689000000000e-02	1.00000000000000e-02
29	65	41	53	1.71211000000000e-02	1.00000000000000e-02
30	66	42	54	1.66735000000000e-02	1.00000000000000e-02
31	67	43	55	1.72592000000000e-02	1.00000000000000e-02
32	68	44	56	1.76497000000000e-02	1.00000000000000e-02
33	69	45	57	1.85007000000000e-02	1.00000000000000e-02
34	70	46	58	1.89803000000000e-02	1.00000000000000e-02
35	71	47	59	1.90565000000000e-02	1.00000000000000e-02
36	72	48	60	1.89433000000000e-02	1.00000000000000e-02
37	73	49	61	1.91726000000000e-02	1.00000000000000e-02
38	74	50	62	1.98791000000000e-02	1.00000000000000e-02
39	75	51	63	2.04810000000000e-02	1.00000000000000e-02
40	76	52	64	2.07936000000000e-02	1.00000000000000e-02
41	77	53	65	2.11484000000000e-02	1.00000000000000e-02
42	78	54	66	2.14173000000000e-02	1.00000000000000e-02
44	80	56	68	2.01042000000000e-02	1.00000000000000e-02
45	81	57	69	1.96197000000000e-02	1.00000000000000e-02
46	82	58	70	1.99488000000000e-02	1.00000000000000e-02
48	84	60	72	1.94813000000000e-02	1.00000000000000e-02
49	85	61	73	1.90788000000000e-02	1.00000000000000e-02
50	86	62	74	1.83752000000000e-02	1.00000000000000e-02
51	87	63	75	1.83079000000000e-02	1.00000000000000e-02
52	88	64	76	1.78932000000000e-02	1.00000000000000e-02
53	89	65	77	1.75703000000000e-02	1.00000000000000e-02
1	40	14	27	1.88050000000000e-02	1.00000000000000e-02
2	41	15	28	1.85434000000000e-02	1.00000000000000e-02
3	42	16	29	1.88319000000000e-02	1.00000000000000e-02
4	43	17	30	1.91503000000000e-02	1.00000000000000e-02
5	44	18	31	1.94977000000000e-02	1.00000000000000e-02
6	45	19	32	1.97163000000000e-02	1.00000000000000e-02
7	46	20	33	2.00457000000000e-02	1.00000000000000e-02
8	47	21	34	2.02511000000000e-02	1.00000000000000e-02
9	48	22	35	2.01224000000000e-02	1.00000000000000e-02
10	49	23	36	1.95803000000000e-02	1.00000000000000e-02
11	50	24	37	2.02612000000000e-02	1.00000000000000e-02
12	51	25	38	2.03106000000000e-02	1.00000000000000e-02
13	52	26	39	2.07665000000000e-02	1.00000000000000e-02
14	53	27	40	2.06015000000000e-02	1.00000000000000e-02
15	54	28	41	2.10811000000000e-02	1.00000000000000e-02
16	55	29	42	2.04079000000000e-02	1.00000000000000e-02
17	56	30	43	1.99319000000000e-02	1.00000000000000e-02
18	57	31	44	1.93183000000000e-02	1.00000000000000e-02
19	58	32	45	1.88278000000000e-02	1.00000000000000e-02
20	59	33	46	1.84675000000000e-02	1.00000000000000e-02
21	60	34	47	1.83160000000000e-02	1.00000000000000e-02
22	61	35	48	1.85185000000000e-02	1.00000000000000e-02
23	62	36	49	1.86271000000000e-02	1.00000000000000e-02
24	63	37	50	1.76526000000000e-02	1.00000000000000e-02
25	64	38	51	1.68789000000000e-02	1.00000000000000e-02
26	65	39	52	1.65079000000000e-02	1.00000000000000e-02
27	66	40	53	1.65002000000000e-02	1.00000000000000e-02
28	67	41	54	1.63329000000000e-02	1.00000000000000e-02
29	68	42	55	1.62550000000000e-02	1.00000000000000e-02
30	69	43	56	1.64380000000000e-02	1.00000000000000e-02
31	70	44	57	1.69261000000000e-02	1.00000000000000e-02
32	71	45	58	1.71655000000000e-02	1.00000000000000e-02
33	72	46	59	1.79274000000000e-02	1.00000000000000e-02
34	73	47	60	1.80081000000000e-02	1.00000000000000e-02
35	74	48	61	1.79115000000000e-02	1.00000000000000e-02
36	75	49	62	1.79280000000000e-02	1.00000000000000e-02
37	76	50	63	1.83162000000000e-02	1.00000000000000e-02
38	77	51	64	1.88465000000000e-02	1.00000000000000e-02
39	78	52	65	1.94747000000000e-02	1.00000000000000e-02
40	79	53	66	1.99000000000000e-02	1.00000000000000e-02
42	81	55	68	1.95620000000000e-02	1.00000000000000e-02
43	82	56	69	1.92623000000000e-02	1.00000000000000e-02
45	84	58	71	1.77769000000000e-02	1.00000000000000e-02
46	85	59	72	1.78128000000000e-02	1.00000000000000e-02
47	86	60	73	1.77857000000000e-02	1.00000000000000e-02
48	87	61	74	1.80657000000000e-02	1.00000000000000e-02
49	88	62	75	1.79830000000000e-02	1.00000000000000e-02
50	89	63	76	1.73664000000000e-02	1.00000000000000e-02
1	43	15	29	1.74754000000000e-02	1.00000000000000e-02
2	44	16	30	1.78674000000000e-02	1.00000000000000e-02
3	45	17	31	1.83664000000000e-02	1.00000000000000e-02
4	46	18	32	1.85755000000000e-02	1.00000000000000e-02
5	47	19	33	1.88527000000000e-02	1.00000000000000e-02
6	48	20	34	1.88020000000000e-02	1.00000000000000e-02
7	49	21	35	1.89563000000000e-02	1.00000000000000e-02
8	50	22	36	1.89801000000000e-02	1.00000000000000e-02
9	51	23	37	1.94109000000000e-02	1.00000000000000e-02
10	52	24	38	1.95020000000000e-02	1.00000000000000e-02
11	53	25	39	2.01484000000000e-02	1.00000000000000e-02
12	54	26	40	1.97365000000000e-02	1.00000000000000e-02
13	55	27	41	1.97000000000000e-02	1.00000000000000e-02
14	56	28	42	1.92773000000000e-02	1.00000000000000e-02
15	57	29	43	1.90203000000000e-02	1.00000000000000e-02
16	58	30	44	1.84281000000000e-02	1.00000000000000e-02
17	59	31	45	1.77756000000000e-02	1.00000000000000e-02
18	60	32	46	1.77436000000000e-02	1.00000000000000e-02
19	61	33	47	1.74718000000000e-02	1.00000000000000e-02
20	62	34	48	1.74445000000000e-02	1.00000000000000e-02
21	63	35	49	1.71235000000000e-02	1.00000000000000e-02
22	64	36	50	1.65550000000000e-02	1.00000000000000e-02
23	65	37	51	1.59083000000000e-02	1.00000000000000e-02
24	66	38	52	1.54286000000000e-02	1.00000000000000e-02
25	67	39	53	1.55398000000000e-02	1.00000000000000e-02
26	68	40	54	1.55346000000000e-02	1.00000000000000e-02
27	69	41	55	1.48760000000000e-02	1.00000000000000e-02
28	70	42	56	1.54102000000000e-02	1.00000000000000e-02
29	71	43	57	1.57570000000000e-02	1.00000000000000e-02
30	72	44	58	1.56851000000000e-02	1.00000000000000e-02
31	73	45	59	1.64904000000000e-02	1.00000000000000e-02
32	74	46	60	1.69115000000000e-02	1.00000000000000e-02
33	75	47	61	1.70525000000000e-02	1.00000000000000e-02
34	76	48	62	1.64154000000000e-02	1.00000000000000e-02
35	77	49	63	1.65838000000000e-02	1.00000000000000e-02
36	78	50	64	1.75172000000000e-02	1.00000000000000e-02
37	79	51	65	1.83184000000000e-02	1.00000000000000e-02
38	80	52	66	1.83306000000000e-02	1.00000000000000e-02
40	82	54	68	1.79945000000000e-02	1.00000000000000e-02
42	84	56	70	1.77293000000000e-02	1.00000000000000e-02
43	85	57	71	1.71434000000000e-02	1.00000000000000e-02
44	86	58	72	1.70783000000000e-02	1.00000000000000e-02
45	87	59	73	1.69624000000000e-02	1.00000000000000e-02
46	88	60	74	1.65402000000000e-02	1.00000000000000e-02
47	89	61	75	1.69263000000000e-02	1.00000000000000e-02
1	46	16	31	1.72370000000000e-02	1.00000000000000e-02
2	47	17	32	1.76144000000000e-02	1.00000000000000e-02
3	48	18	33	1.75495000000000e-02	1.00000000000000e-02
4	49	19	34	1.77664000000000e-02	1.00000000000000e-02
5	50	20	35	1.79965000000000e-02	1.00000000000000e-02
6	51	21	36	1.85989000000000e-02	1.00000000000000e-02
7	52	22	37	1.83366000000000e-02	1.00000000000000e-02
8	53	23	38	1.83668000000000e-02	1.00000000000000e-02
9	54	24	39	1.84732000000000e-02	1.00000000000000e-02
10	55	25	40	1.85565000000000e-02	1.00000000000000e-02
11	56	26	41	1.82068000000000e-02	1.00000000000000e-02
12	57	27	42	1.85294000000000e-02	1.00000000000000e-02
13	58	28	43	1.79966000000000e-02	1.00000000000000e-02
14	59	29	44	1.74173000000000e-02	1.00000000000000e-02
15	60	30	45	1.69391000000000e-02	1.00000000000000e-02
16	61	31	46	1.67889000000000e-02	1.00000000000000e-02
17	62	32	47	1.65106000000000e-02	1.00000000000000e-02
18	63	33	48	1.66226000000000e-02	1.00000000000000e-02
19	64	34	49	1.65174000000000e-02	1.00000000000000e-02
20	65	35	50	1.56544000000000e-02	1.00000000000000e-02
21	66	36	51	1.50481000000000e-02	1.00000000000000e-02
22	67	37	52	1.48474000000000e-02	1.00000000000000e-02
23	68	38	53	1.49075000000000e-02	1.00000000000000e-02
24	69	39	54	1.46199000000000e-02	1.00000000000000e-02
25	70	40	55	1.46103000000000e-02	1.00000000000000e-02
26	71	41	56	1.46219000000000e-02	1.00000000000000e-02
27	72	42	57	1.46884000000000e-02	1.00000000000000e-02
28	73	43	58	1.48076000000000e-02	1.00000000000000e-02
29	74	44	59	1.52298000000000e-02	1.00000000000000e-02
30	75	45	60	1.53510000000000e-02	1.00000000000000e-02
31	76	46	61	1.56542000000000e-02	1.00000000000000e-02
32	77	47	62	1.58172000000000e-02	1.00000000000000e-02
33	78	48	63	1.57344000000000e-02	1.00000000000000e-02
34	79	49	64	1.59980000000000e-02	1.00000000000000e-02
35	80	50	65	1.61400000000000e-02	1.00000000000000e-02
36	81	51	66	1.70275000000000e-02	1.00000000000000e-02
39	84	54	69	1.68554000000000e-02	1.00000000000000e-02
40	85	55	70	1.67309000000000e-02	1.00000000000000e-02
41	86	56	71	1.68329000000000e-02	1.00000000000000e-02
42	87	57	72	1.65316000000000e-02	1.00000000000000e-02
43	88	58	73	1.59574000000000e-02	1.00000000000000e-02
44	89	59	74	1.37805000000000e-02	1.00000000000000e-02
1	49	17	33	1.64366000000000e-02	1.00000000000000e-02
2	50	18	34	1.68646000000000e-02	1.00000000000000e-02
3	51	19	35	1.71684000000000e-02	1.00000000000000e-02
4	52	20	36	1.71252000000000e-02	1.00000000000000e-02
5	53	21	37	1.73858000000000e-02	1.00000000000000e-02
6	54	22	38	1.73612000000000e-02	1.00000000000000e-02
7	55	23	39	1.70029000000000e-02	1.00000000000000e-02
8	56	24	40	1.76772000000000e-02	1.00000000000000e-02
9	57	25	41	1.76188000000000e-02	1.00000000000000e-02
10	58	26	42	1.74205000000000e-02	1.00000000000000e-02
11	59	27	43	1.64789000000000e-02	1.00000000000000e-02
12	60	28	44	1.67568000000000e-02	1.00000000000000e-02
13	61	29	45	1.56687000000000e-02	1.00000000000000e-02
14	62	30	46	1.59621000000000e-02	1.00000000000000e-02
15	63	31	47	1.53535000000000e-02	1.00000000000000e-02
16	64	32	48	1.57086000000000e-02	1.00000000000000e-02
17	65	33	49	1.54348000000000e-02	1.00000000000000e-02
18	66	34	50	1.47635000000000e-02	1.00000000000000e-02
19	67	35	51	1.43598000000000e-02	1.00000000000000e-02
20	68	36	52	1.41859000000000e-02	1.00000000000000e-02
21	69	37	53	1.37466000000000e-02	1.00000000000000e-02
22	70	38	54	1.42820000000000e-02	1.00000000000000e-02
23	71	39	55	1.40852000000000e-02	1.00000000000000e-02
24	72	40	56	1.43242000000000e-02	1.00000000000000e-02
25	73	41	57	1.40740000000000e-02	1.00000000000000e-02
26	74	42	58	1.37571000000000e-02	1.00000000000000e-02
27	75	43	59	1.40234000000000e-02	1.00000000000000e-02
28	76	44	60	1.42412000000000e-02	1.00000000000000e-02
29	77	45	61	1.44729000000000e-02	1.00000000000000e-02
30	78	46	62	1.48454000000000e-02	1.00000000000000e-02
31	79	47	63	1.49801000000000e-02	1.00000000000000e-02
32	80	48	64	1.47584000000000e-02	1.00000000000000e-02
33	81	49	65	1.47634000000000e-02	1.00000000000000e-02
34	82	50	66	1.56710000000000e-02	1.00000000000000e-02
36	84	52	68	1.57263000000000e-02	1.00000000000000e-02
37	85	53	69	1.60943000000000e-02	1.00000000000000e-02
38	86	54	70	1.59360000000000e-02	1.00000000000000e-02
39	87	55	71	1.59131000000000e-02	1.00000000000000e-02
40	88	56	72	1.54191000000000e-02	1.00000000000000e-02
41	89	57	73	1.53831000000000e-02	1.00000000000000e-02
1	52	18	35	1.63134000000000e-02	1.00000000000000e-02
2	53	19	36	1.63593000000000e-02	1.00000000000000e-02
3	54	20	37	1.65729000000000e-02	1.00000000000000e-02
4	55	21	38	1.62514000000000e-02	1.00000000000000e-02
5	56	22	39	1.65539000000000e-02	1.00000000000000e-02
6	57	23	40	1.63101000000000e-02	1.00000000000000e-02
7	58	24	41	1.65685000000000e-02	1.00000000000000e-02
8	59	25	42	1.64247000000000e-02	1.00000000000000e-02
9	60	26	43	1.63038000000000e-02	1.00000000000000e-02
10	61	27	44	1.58269000000000e-02	1.00000000000000e-02
11	62	28	45	1.53903000000000e-02	1.00000000000000e-02
12	63	29	46	1.44757000000000e-02	1.00000000000000e-02
13	64	30	47	1.49698000000000e-02	1.00000000000000e-02
14	65	31	48	1.49628000000000e-02	1.00000000000000e-02
15	66	32	49	1.48445000000000e-02	1.00000000000000e-02
16	67	33	50	1.41548000000000e-02	1.00000000000000e-02
17	68	34	51	1.36507000000000e-02	1.00000000000000e-02
18	69	35	52	1.37106000000000e-02	1.00000000000000e-02
19	70	36	53	1.34225000000000e-02	1.00000000000000e-02
20	71	37	54	1.35355000000000e-02	1.00000000000000e-02
21	72	38	55	1.33424000000000e-02	1.00000000000000e-02
22	73	39	56	1.36318000000000e-02	1.00000000000000e-02
23	74	40	57	1.35640000000000e-02	1.00000000000000e-02
24	75	41	58	1.29209000000000e-02	1.00000000000000e-02
25	76	42	59	1.30770000000000e-02	1.00000000000000e-02
26	77	43	60	1.31512000000000e-02	1.00000000000000e-02
27	78	44	61	1.35795000000000e-02	1.00000000000000e-02
28	79	45	62	1.40561000000000e-02	1.00000000000000e-02
29	80	46	63	1.41855000000000e-02	1.00000000000000e-02
30	81	47	64	1.39068000000000e-02	1.00000000000000e-02
31	82	48	65	1.42069000000000e-02	1.00000000000000e-02
34	85	51	68	1.48576000000000e-02	1.00000000000000e-02
35	86	52	69	1.48700000000000e-02	1.00000000000000e-02
36	87	53	70	1.50679000000000e-02	1.00000000000000e-02
37	88	54	71	1.50443000000000e-02	1.00000000000000e-02
38	89	55	72	1.37949000000000e-02	1.00000000000000e-02
1	55	19	37	1.57584000000000e-02	1.00000000000000e-02
2	56	20	38	1.55963000000000e-02	1.00000000000000e-02
3	57	21	39	1.52697000000000e-02	1.00000000000000e-02
4	58	22	40	1.55851000000000e-02	1.00000000000000e-02
5	59	23	41	1.54727000000000e-02	1.00000000000000e-02
6	60	24	42	1.51232000000000e-02	1.00000000000000e-02
7	61	25	43	1.54429000000000e-02	1.00000000000000e-02
8	62	26	44	1.52424000000000e-02	1.00000000000000e-02
9	63	27	45	1.44377000000000e-02	1.00000000000000e-02
10	64	28	46	1.46246000000000e-02	1.00000000000000e-02
11	65	29	47	1.41736000000000e-02	1.00000000000000e-02
12	66	30	48	1.42321000000000e-02	1.00000000000000e-02
13	67	31	49	1.36816000000000e-02	1.00000000000000e-02
14	68	32	50	1.36815000000000e-02	1.00000000000000e-02
15	69	33	51	1.29976000000000e-02	1.00000000000000e-02
16	70	34	52	1.29369000000000e-02	1.00000000000000e-02
17	71	35	53	1.29760000000000e-02	1.00000000000000e-02
18	72	36	54	1.28236000000000e-02	1.00000000000000e-02
19	73	37	55	1.25623000000000e-02	1.00000000000000e-02
20	74	38	56	1.29661000000000e-02	1.00000000000000e-02
21	75	39	57	1.25582000000000e-02	1.00000000000000e-02
22	76	40	58	1.21596000000000e-02	1.00000000000000e-02
23	77	41	59	1.26900000000000e-02	1.00000000000000e-02
24	78	42	60	1.27373000000000e-02	1.00000000000000e-02
25	79	43	61	1.26020000000000e-02	1.00000000000000e-02
26	80	44	62	1.30208000000000e-02	1.00000000000000e-02
27	81	45	63	1.34024000000000e-02	1.00000000000000e-02
28	82	46	64	1.35258000000000e-02	1.00000000000000e-02
30	84	48	66	1.34081000000000e-02	1.00000000000000e-02
32	86	50	68	1.34477000000000e-02	1.00000000000000e-02
33	87	51	69	1.41905000000000e-02	1.00000000000000e-02
34	88	52	70	1.39404000000000e-02	1.00000000000000e-02
35	89	53	71	1.40350000000000e-02	1.00000000000000e-02
1	58	20	39	1.45011000000000e-02	1.00000000000000e-02
2	59	21	40	1.49241000000000e-02	1.00000000000000e-02
3	60	22	41	1.46184000000000e-02	1.00000000000000e-02
4	61	23	42	1.47775000000000e-02	1.00000000000000e-02
5	62	24	43	1.44854000000000e-02	1.00000000000000e-02
6	63	25	44	1.39769000000000e-02	1.00000000000000e-02
7	64	26	45	1.37291000000000e-02	1.00000000000000e-02
8	65	27	46	1.35396000000000e-02	1.00000000000000e-02
9	66	28	47	1.32885000000000e-02	1.00000000000000e-02
10	67	29	48	1.40830000000000e-02	1.00000000000000e-02
11	68	30	49	1.36584000000000e-02	1.00000000000000e-02
12	69	31	50	1.30008000000000e-02	1.00000000000000e-02
13	70	32	51	1.22853000000000e-02	1.00000000000000e-02
14	71	33	52	1.22255000000000e-02	1.00000000000000e-02
15	72	34	53	1.17808000000000e-02	1.00000000000000e-02
16	73	35	54	1.19410000000000e-02	1.00000000000000e-02
17	74	36	55	1.21412000000000e-02	1.00000000000000e-02
18	75	37	56	1.21290000000000e-02	1.00000000000000e-02
19	76	38	57	1.18850000000000e-02	1.00000000000000e-02
20	77	39	58	1.22260000000000e-02	1.00000000000000e-02
21	78	40	59	1.21144000000000e-02	1.00000000000000e-02
22	79	41	60	1.17397000000000e-02	1.00000000000000e-02
23	80	42	61	1.11498000000000e-02	1.00000000000000e-02
24	81	43	62	1.11879000000000e-02	1.00000000000000e-02
25	82	44	63	1.27809000000000e-02	1.00000000000000e-02
27	84	46	65	1.26875000000000e-02	1.00000000000000e-02
28	85	47	66	1.22778000000000e-02	1.00000000000000e-02
30	87	49	68	1.32894000000000e-02	1.00000000000000e-02
31	88	50	69	1.19831000000000e-02	1.00000000000000e-02
32	89	51	70	1.23661000000000e-02	1.00000000000000e-02
1	61	21	41	1.41437000000000e-02	1.00000000000000e-02
2	62	22	42	1.45628000000000e-02	1.00000000000000e-02
3	63	23	43	1.35838000000000e-02	1.00000000000000e-02
4	64	24	44	1.25465000000000e-02	1.00000000000000e-02
5	65	25	45	1.31250000000000e-02	1.00000000000000e-02
6	66	26	46	1.26535000000000e-02	1.00000000000000e-02
7	67	27	47	1.21951000000000e-02	1.00000000000000e-02
8	68	28	48	1.24265000000000e-02	1.00000000000000e-02
9	69	29	49	1.29093000000000e-02	1.00000000000000e-02
10	70	30	50	1.32418000000000e-02	1.00000000000000e-02
11	71	31	51	1.29799000000000e-02	1.00000000000000e-02
12	72	32	52	1.25571000000000e-02	1.00000000000000e-02
13	73	33	53	1.18730000000000e-02	1.00000000000000e-02
14	74	34	54	1.20742000000000e-02	1.00000000000000e-02
15	75	35	55	1.16196000000000e-02	1.00000000000000e-02
16	76	36	56	1.13840000000000e-02	1.00000000000000e-02
17	77	37	57	1.19876000000000e-02	1.00000000000000e-02
18	78	38	58	1.20220000000000e-02	1.00000000000000e-02
19	79	39	59	1.22041000000000e-02	1.00000000000000e-02
20	80	40	60	1.12783000000000e-02	1.00000000000000e-02
21	81	41	61	1.11080000000000e-02	1.00000000000000e-02
22	82	42	62	1.16986000000000e-02	1.00000000000000e-02
24	84	44	64	1.07707000000000e-02	1.00000000000000e-02
25	85	45	65	1.19364000000000e-02	1.00000000000000e-02
26	86	46	66	1.21571000000000e-02	1.00000000000000e-02
28	88	48	68	1.18848000000000e-02	1.00000000000000e-02
29	89	49	69	1.25763000000000e-02	1.00000000000000e-02
1	64	22	43	1.38673000000000e-02	1.00000000000000e-02
2	65	23	44	1.34323000000000e-02	1.00000000000000e-02
3	66	24	45	1.31934000000000e-02	1.00000000000000e-02
4	67	25	46	1.29653000000000e-02	1.00000000000000e-02
5	68	26	47	1.15523000000000e-02	1.00000000000000e-02
6	69	27	48	1.17892000000000e-02	1.00000000000000e-02
7	70	28	49	1.29877000000000e-02	1.00000000000000e-02
8	71	29	50	1.22033000000000e-02	1.00000000000000e-02
9	72	30	51	1.11545000000000e-02	1.00000000000000e-02
10	73	31	52	1.15815000000000e-02	1.00000000000000e-02
11	74	32	53	1.16686000000000e-02	1.00000000000000e-02
12	75	33	54	1.05780000000000e-02	1.00000000000000e-02
13	76	34	55	1.13150000000000e-02	1.00000000000000e-02
14	77	35	56	1.13170000000000e-02	1.00000000000000e-02
15	78	36	57	1.13994000000000e-02	1.00000000000000e-02
16	79	37	58	1.13571000000000e-02	1.00000000000000e-02
17	80	38	59	1.10919000000000e-02	1.00000000000000e-02
18	81	39	60	1.10881000000000e-02	1.00000000000000e-02
19	82	40	61	1.11678000000000e-02	1.00000000000000e-02
21	84	42	63	1.03532000000000e-02	1.00000000000000e-02
22	85	43	64	1.08547000000000e-02	1.00000000000000e-02
23	86	44	65	1.16377000000000e-02	1.00000000000000e-02
24	87	45	66	1.15142000000000e-02	1.00000000000000e-02
26	89	47	68	1.09470000000000e-02	1.00000000000000e-02
1	67	23	45	1.14601000000000e-02	1.00000000000000e-02
2	68	24	46	1.18069000000000e-02	1.00000000000000e-02
3	69	25	47	1.15783000000000e-02	1.00000000000000e-02
4	70	26	48	1.21640000000000e-02	1.00000000000000e-02
5	71	27	49	1.23559000000000e-02	1.00000000000000e-02
6	72	28	50	1.12923000000000e-02	1.00000000000000e-02
7	73	29	51	1.05487000000000e-02	1.00000000000000e-02
8	74	30	52	1.06683000000000e-02	1.00000000000000e-02
9	75	31	53	1.16530000000000e-02	1.00000000000000e-02
10	76	32	54	1.10552000000000e-02	1.00000000000000e-02
11	77	33	55	1.03077000000000e-02	1.00000000000000e-02
12	78	34	56	1.09309000000000e-02	1.00000000000000e-02
13	79	35	57	1.12787000000000e-02	1.00000000000000e-02
14	80	36	58	9.71450000000000e-03	1.00000000000000e-02
15	81	37	59	1.09006000000000e-02	1.00000000000000e-02
16	82	38	60	1.09924000000000e-02	1.00000000000000e-02
18	84	40	62	1.09538000000000e-02	1.00000000000000e-02
19	85	41	63	1.04510000000000e-02	1.00000000000000e-02
20	86	42	64	9.93010000000000e-03	1.00000000000000e-02
21	87	43	65	1.04540000000000e-02	1.00000000000000e-02
22	88	44	66	1.08379000000000e-02	1.00000000000000e-02
1	70	24	47	1.09828000000000e-02	1.00000000000000e-02
2	71	25	48	1.17372000000000e-02	1.00000000000000e-02
3	72	26	49	1.14406000000000e-02	1.00000000000000e-02
4	73	27	50	1.14205000000000e-02	1.00000000000000e-02
5	74	28	51	1.08697000000000e-02	1.00000000000000e-02
6	75	29	52	1.04310000000000e-02	1.00000000000000e-02
7	76	30	53	1.03467000000000e-02	1.00000000000000e-02
8	77	31	54	1.03127000000000e-02	1.00000000000000e-02
9	78	32	55	1.03796000000000e-02	1.00000000000000e-02
10	79	33	56	1.04697000000000e-02	1.00000000000000e-02
11	80	34	57	1.00555000000000e-02	1.00000000000000e-02
12	81	35	58	1.01237000000000e-02	1.00000000000000e-02
13	82	36	59	1.03162000000000e-02	1.00000000000000e-02
15	84	38	61	9.99180000000000e-03	1.00000000000000e-02
16	85	39	62	1.02008000000000e-02	1.00000000000000e-02
17	86	40	63	1.01475000000000e-02	1.00000000000000e-02
18	87	41	64	9.99140000000000e-03	1.00000000000000e-02
19	88	42	65	9.79220000000000e-03	1.00000000000000e-02
20	89	43	66	1.01377000000000e-02	1.00000000000000e-02
1	73	25	49	1.08032000000000e-02	1.00000000000000e-02
2	74	26	50	1.06897000000000e-02	1.00000000000000e-02
3	75	27	51	1.02450000000000e-02	1.00000000000000e-02
4	76	28	52	1.01280000000000e-02	1.00000000000000e-02
5	77	29	53	9.92140000000000e-03	1.00000000000000e-02
6	78	30	54	1.01359000000000e-02	1.00000000000000e-02
7	79	31	55	9.93590000000000e-03	1.00000000000000e-02
8	80	32	56	1.00763000000000e-02	1.00000000000000e-02
9	81	33	57	9.99910000000000e-03	1.00000000000000e-02
10	82	34	58	1.01154000000000e-02	1.00000000000000e-02
12	84	36	60	9.73360000000000e-03	1.00000000000000e-02
13	85	37	61	1.01974000000000e-02	1.00000000000000e-02
14	86	38	62	9.55440000000000e-03	1.00000000000000e-02
15	87	39	63	1.00253000000000e-02	1.00000000000000e-02
16	88	40	64	9.68230000000000e-03	1.00000000000000e-02
17	89	41	65	9.64830000000000e-03	1.00000000000000e-02
1	76	26	51	9.79170000000000e-03	1.00000000000000e-02
2	77	27	52	9.70480000000000e-03	1.00000000000000e-02
3	78	28	53	9.65570000000000e-03	1.00000000000000e-02
4	79	29	54	9.40440000000000e-03	1.00000000000000e-02
5	80	30	55	9.57960000000000e-03	1.00000000000000e-02
6	81	31	56	9.55140000000000e-03	1.00000000000000e-02
7	82	32	57	9.54960000000000e-03	1.00000000000000e-02
9	84	34	59	9.45300000000000e-03	1.00000000000000e-02
10	85	35	60	9.41710000000000e-03	1.00000000000000e-02
11	86	36	61	9.24130000000000e-03	1.00000000000000e-02
12	87	37	62	9.59560000000000e-03	1.00000000000000e-02
13	88	38	63	9.21250000000000e-03	1.00000000000000e-02
14	89	39	64	9.42310000000000e-03	1.00000000000000e-02
1	79	27	53	9.29870000000000e-03	1.00000000000000e-02
2	80	28	54	9.09170000000000e-03	1.00000000000000e-02
3	81	29	55	9.28950000000000e-03	1.00000000000000e-02
4	82	30	56	9.38350000000000e-03	1.00000000000000e-02
6	84	32	58	9.02020000000000e-03	1.00000000000000e-02
7	85	33	59	8.94310000000000e-03	1.00000000000000e-02
8	86	34	60	9.24250000000000e-03	1.00000000000000e-02
9	87	35	61	8.89480000000000e-03	1.00000000000000e-02
10	88	36	62	9.08840000000000e-03	1.00000000000000e-02
11	89	37	63	9.12160000000000e-03	1.00000000000000e-02
1	82	28	55	8.62980000000000e-03	1.00000000000000e-02
3	84	30	57	8.64990000000000e-03	1.00000000000000e-02
4	85	31	58	8.79280000000000e-03	1.00000000000000e-02
5	86	32	59	8.64980000000000e-03	1.00000000000000e-02
6	87	33	60	8.89340000000000e-03	1.00000000000000e-02
7	88	34	61	8.56380000000000e-03	1.00000000000000e-02
8	89	35	62	8.61200000000000e-03	1.00000000000000e-02
1	85	29	57	8.54960000000000e-03	1.00000000000000e-02
2	86	30	58	7.90870000000000e-03	1.00000000000000e-02
3	87	31	59	8.44060000000000e-03	1.00000000000000e-02
4	88	32	60	8.58180000000000e-03	1.00000000000000e-02
5	89	33	61	8.44130000000000e-03	1.00000000000000e-02
1	88	30	59	7.87340000000000e-03	1.00000000000000e-02
2	89	31	60	8.02010000000000e-03	1.00000000000000e-02
0
