100
# x y z
100	0	0
100.5	0	0
101	0	0
101.5	0	0
102	0	0
102.5	0	0
103	0	0
103.5	0	0
104	0	0
104.5	0	0
105	0	0
105.5	0	0
106	0	0
106.5	0	0
107	0	0
107.5	0	0
108	0	0
108.5	0	0
109	0	0
109.5	0	0
110	0	0
110.5	0	0
111	0	0
111.5	0	0
112	0	0
112.5	0	0
113	0	0
113.5	0	0
114	0	0
114.5	0	0
115	0	0
115.5	0	0
116	0	0
116.5	0	0
117	0	0
117.5	0	0
118	0	0
118.5	0	0
119	0	0
119.5	0	0
120	0	0
120.5	0	0
121	0	0
121.5	0	0
122	0	0
122.5	0	0
123	0	0
123.5	0	0
124	0	0
124.5	0	0
125	0	0
125.5	0	0
126	0	0
126.5	0	0
127	0	0
127.5	0	0
128	0	0
128.5	0	0
129	0	0
129.5	0	0
130	0	0
130.5	0	0
131	0	0
131.5	0	0
132	0	0
132.5	0	0
133	0	0
133.5	0	0
134	0	0
134.5	0	0
135	0	0
135.5	0	0
136	0	0
136.5	0	0
137	0	0
137.5	0	0
138	0	0
138.5	0	0
139	0	0
139.5	0	0
140	0	0
140.5	0	0
141	0	0
141.5	0	0
142	0	0
142.5	0	0
143	0	0
143.5	0	0
144	0	0
144.5	0	0
145	0	0
145.5	0	0
146	0	0
146.5	0	0
147	0	0
147.5	0	0
148	0	0
148.5	0	0
149	0	0
149.5	0	0
1491
# a b m n u i
1	4	2	3	7.25662000000000e-02	1.00000000000000e-02
2	5	3	4	5.65950000000000e-02	1.00000000000000e-02
3	6	4	5	7.05423000000000e-02	1.00000000000000e-02
4	7	5	6	6.55736000000000e-02	1.00000000000000e-02
5	8	6	7	6.34946000000000e-02	1.00000000000000e-02
6	9	7	8	7.72405000000000e-02	1.00000000000000e-02
7	10	8	9	7.25687000000000e-02	1.00000000000000e-02
8	11	9	10	8.33035000000000e-02	1.00000000000000e-02
9	12	10	11	7.77109000000000e-02	1.00000000000000e-02
10	13	11	12	9.17232000000000e-02	1.00000000000000e-02
11	14	12	13	7.45908000000000e-02	1.00000000000000e-02
12	15	13	14	9.32324000000000e-02	1.00000000000000e-02
13	16	14	15	7.58795000000000e-02	1.00000000000000e-02
14	17	15	16	5.61958000000000e-02	1.00000000000000e-02
15	18	16	17	7.08243000000000e-02	1.00000000000000e-02
16	19	17	18	7.66871000000000e-02	1.00000000000000e-02
17	20	18	19	9.18365000000000e-02	1.00000000000000e-02
18	21	19	20	8.81401000000000e-02	1.00000000000000e-02
19	22	20	21	9.62447000000000e-02	1.00000000000000e-02
20	23	21	22	9.54223000000000e-02	1.00000000000000e-02
21	24	22	23	1.02837900000000e-01	1.00000000000000e-02
22	25	23	24	9.58164000000000e-02	1.00000000000000e-02
23	26	24	25	1.07172400000000e-01	1.00000000000000e-02
24	27	25	26	1.07744200000000e-01	1.00000000000000e-02
25	28	26	27	9.89123000000000e-02	1.00000000000000e-02
26	29	27	28	1.15887900000000e-01	1.00000000000000e-02
27	30	28	29	1.00835900000000e-01	1.00000000000000e-02
28	31	29	30	1.19110600000000e-01	1.00000000000000e-02
29	32	30	31	1.23676100000000e-01	1.00000000000000e-02
30	33	31	32	1.27337500000000e-01	1.00000000000000e-02
31	34	32	33	1.46646500000000e-01	1.00000000000000e-02
32	35	33	34	1.48046600000000e-01	1.00000000000000e-02
33	36	34	35	1.51418200000000e-01	1.00000000000000e-02
34	37	35	36	1.48891100000000e-01	1.00000000000000e-02
35	38	36	37	1.55297900000000e-01	1.00000000000000e-02
36	39	37	38	1.44331400000000e-01	1.00000000000000e-02
37	40	38	39	1.46556000000000e-01	1.00000000000000e-02
38	41	39	40	1.52478900000000e-01	1.00000000000000e-02
39	42	40	41	1.26068100000000e-01	1.00000000000000e-02
40	43	41	42	1.42285500000000e-01	1.00000000000000e-02
41	44	42	43	1.49762100000000e-01	1.00000000000000e-02
42	45	43	44	1.30168800000000e-01	1.00000000000000e-02
43	46	44	45	1.54816800000000e-01	1.00000000000000e-02
44	47	45	46	1.46040000000000e-01	1.00000000000000e-02
45	48	46	47	1.44360200000000e-01	1.00000000000000e-02
46	49	47	48	1.52491800000000e-01	1.00000000000000e-02
47	50	48	49	1.41266800000000e-01	1.00000000000000e-02
48	51	49	50	1.46509300000000e-01	1.00000000000000e-02
49	52	50	51	1.33841100000000e-01	1.00000000000000e-02
50	53	51	52	1.43875000000000e-01	1.00000000000000e-02
51	54	52	53	1.33120100000000e-01	1.00000000000000e-02
52	55	53	54	1.50720100000000e-01	1.00000000000000e-02
53	56	54	55	1.27997000000000e-01	1.00000000000000e-02
54	57	55	56	1.54003400000000e-01	1.00000000000000e-02
55	58	56	57	1.28164200000000e-01	1.00000000000000e-02
58	61	59	60	1.22426800000000e-01	1.00000000000000e-02
59	62	60	61	1.46025800000000e-01	1.00000000000000e-02
60	63	61	62	1.31130700000000e-01	1.00000000000000e-02
61	64	62	63	1.33586000000000e-01	1.00000000000000e-02
62	65	63	64	1.30755600000000e-01	1.00000000000000e-02
63	66	64	65	1.21349400000000e-01	1.00000000000000e-02
64	67	65	66	1.29295900000000e-01	1.00000000000000e-02
66	69	67	68	1.21222100000000e-01	1.00000000000000e-02
67	70	68	69	1.14899900000000e-01	1.00000000000000e-02
68	71	69	70	1.18943600000000e-01	1.00000000000000e-02
69	72	70	71	1.08230700000000e-01	1.00000000000000e-02
70	73	71	72	1.10890000000000e-01	1.00000000000000e-02
71	74	72	73	1.06087700000000e-01	1.00000000000000e-02
72	75	73	74	1.09818000000000e-01	1.00000000000000e-02
73	76	74	75	1.08576600000000e-01	1.00000000000000e-02
74	77	75	76	1.09329200000000e-01	1.00000000000000e-02
75	78	76	77	1.15183600000000e-01	1.00000000000000e-02
77	80	78	79	1.09575300000000e-01	1.00000000000000e-02
78	81	79	80	1.05560500000000e-01	1.00000000000000e-02
79	82	80	81	1.06014100000000e-01	1.00000000000000e-02
80	83	81	82	1.07757800000000e-01	1.00000000000000e-02
81	84	82	83	1.11195500000000e-01	1.00000000000000e-02
82	85	83	84	1.03614200000000e-01	1.00000000000000e-02
83	86	84	85	1.22550200000000e-01	1.00000000000000e-02
85	88	86	87	1.15223800000000e-01	1.00000000000000e-02
86	89	87	88	1.12891200000000e-01	1.00000000000000e-02
87	90	88	89	1.08455600000000e-01	1.00000000000000e-02
88	91	89	90	1.12742700000000e-01	1.00000000000000e-02
89	92	90	91	1.10106000000000e-01	1.00000000000000e-02
90	93	91	92	1.14227000000000e-01	1.00000000000000e-02
91	94	92	93	1.16472200000000e-01	1.00000000000000e-02
92	95	93	94	1.14839200000000e-01	1.00000000000000e-02
93	96	94	95	1.15942400000000e-01	1.00000000000000e-02
94	97	95	96	1.14413300000000e-01	1.00000000000000e-02
95	98	96	97	1.13323100000000e-01	1.00000000000000e-02
96	99	97	98	1.29133000000000e-01	1.00000000000000e-02
97	100	98	99	1.14861600000000e-01	1.00000000000000e-02
1	7	3	5	4.02982000000000e-02	1.00000000000000e-02
2	8	4	6	4.21535000000000e-02	1.00000000000000e-02
3	9	5	7	3.97897000000000e-02	1.00000000000000e-02
4	10	6	8	4.00056000000000e-02	1.00000000000000e-02
5	11	7	9	4.16625000000000e-02	1.00000000000000e-02
6	12	8	10	4.14393000000000e-02	1.00000000000000e-02
7	13	9	11	4.29071000000000e-02	1.00000000000000e-02
8	14	10	12	4.44121000000000e-02	1.00000000000000e-02
9	15	11	13	4.40198000000000e-02	1.00000000000000e-02
10	16	12	14	4.36492000000000e-02	1.00000000000000e-02
11	17	13	15	4.21497000000000e-02	1.00000000000000e-02
12	18	14	16	4.38778000000000e-02	1.00000000000000e-02
13	19	15	17	4.62221000000000e-02	1.00000000000000e-02
14	20	16	18	4.53190000000000e-02	1.00000000000000e-02
15	21	17	19	4.55318000000000e-02	1.00000000000000e-02
16	22	18	20	4.95970000000000e-02	1.00000000000000e-02
17	23	19	21	4.91967000000000e-02	1.00000000000000e-02
18	24	20	22	5.07566000000000e-02	1.00000000000000e-02
19	25	21	23	5.30908000000000e-02	1.00000000000000e-02
20	26	22	24	5.30024000000000e-02	1.00000000000000e-02
21	27	23	25	5.47448000000000e-02	1.00000000000000e-02
22	28	24	26	5.74300000000000e-02	1.00000000000000e-02
23	29	25	27	5.60589000000000e-02	1.00000000000000e-02
24	30	26	28	5.57634000000000e-02	1.00000000000000e-02
25	31	27	29	5.90193000000000e-02	1.00000000000000e-02
26	32	28	30	6.42665000000000e-02	1.00000000000000e-02
27	33	29	31	6.53087000000000e-02	1.00000000000000e-02
28	34	30	32	6.29051000000000e-02	1.00000000000000e-02
29	35	31	33	6.44736000000000e-02	1.00000000000000e-02
30	36	32	34	7.11403000000000e-02	1.00000000000000e-02
31	37	33	35	7.10369000000000e-02	1.00000000000000e-02
32	38	34	36	6.84061000000000e-02	1.00000000000000e-02
33	39	35	37	6.67091000000000e-02	1.00000000000000e-02
34	40	36	38	6.57430000000000e-02	1.00000000000000e-02
35	41	37	39	6.76762000000000e-02	1.00000000000000e-02
36	42	38	40	6.67220000000000e-02	1.00000000000000e-02
37	43	39	41	6.01512000000000e-02	1.00000000000000e-02
38	44	40	42	6.18475000000000e-02	1.00000000000000e-02
39	45	41	43	7.12979000000000e-02	1.00000000000000e-02
40	46	42	44	6.87640000000000e-02	1.00000000000000e-02
41	47	43	45	6.41563000000000e-02	1.00000000000000e-02
42	48	44	46	6.36696000000000e-02	1.00000000000000e-02
43	49	45	47	6.62104000000000e-02	1.00000000000000e-02
44	50	46	48	6.97699000000000e-02	1.00000000000000e-02
45	51	47	49	7.20830000000000e-02	1.00000000000000e-02
46	52	48	50	6.70076000000000e-02	1.00000000000000e-02
47	53	49	51	6.43553000000000e-02	1.00000000000000e-02
48	54	50	52	6.58080000000000e-02	1.00000000000000e-02
49	55	51	53	6.69185000000000e-02	1.00000000000000e-02
50	56	52	54	6.49117000000000e-02	1.00000000000000e-02
51	57	53	55	6.26443000000000e-02	1.00000000000000e-02
52	58	54	56	6.29738000000000e-02	1.00000000000000e-02
53	59	55	57	6.17113000000000e-02	1.00000000000000e-02
56	62	58	60	6.17221000000000e-02	1.00000000000000e-02
57	63	59	61	6.08653000000000e-02	1.00000000000000e-02
58	64	60	62	6.02629000000000e-02	1.00000000000000e-02
59	65	61	63	6.09711000000000e-02	1.00000000000000e-02
60	66	62	64	6.28975000000000e-02	1.00000000000000e-02
61	67	63	65	6.01313000000000e-02	1.00000000000000e-02
62	68	64	66	5.89509000000000e-02	1.00000000000000e-02
64	70	66	68	5.97637000000000e-02	1.00000000000000e-02
65	71	67	69	5.38590000000000e-02	1.00000000000000e-02
66	72	68	70	5.84746000000000e-02	1.00000000000000e-02
67	73	69	71	5.86399000000000e-02	1.00000000000000e-02
68	74	70	72	5.63626000000000e-02	1.00000000000000e-02
69	75	71	73	5.42087000000000e-02	1.00000000000000e-02
70	76	72	74	5.32811000000000e-02	1.00000000000000e-02
71	77	73	75	5.27854000000000e-02	1.00000000000000e-02
72	78	74	76	5.52042000000000e-02	1.00000000000000e-02
73	79	75	77	5.38201000000000e-02	1.00000000000000e-02
75	81	77	79	5.22737000000000e-02	1.00000000000000e-02
76	82	78	80	5.22570000000000e-02	1.00000000000000e-02
77	83	79	81	5.15240000000000e-02	1.00000000000000e-02
78	84	80	82	5.39190000000000e-02	1.00000000000000e-02
79	85	81	83	5.47705000000000e-02	1.00000000000000e-02
80	86	82	84	5.14030000000000e-02	1.00000000000000e-02
81	87	83	85	5.24661000000000e-02	1.00000000000000e-02
83	89	85	87	5.69050000000000e-02	1.00000000000000e-02
84	90	86	88	5.44178000000000e-02	1.00000000000000e-02
85	91	87	89	5.40119000000000e-02	1.00000000000000e-02
86	92	88	90	5.61322000000000e-02	1.00000000000000e-02
87	93	89	91	5.79906000000000e-02	1.00000000000000e-02
88	94	90	92	5.86267000000000e-02	1.00000000000000e-02
89	95	91	93	5.81284000000000e-02	1.00000000000000e-02
90	96	92	94	5.56700000000000e-02	1.00000000000000e-02
91	97	93	95	5.50623000000000e-02	1.00000000000000e-02
92	98	94	96	5.78763000000000e-02	1.00000000000000e-02
93	99	95	97	6.05281000000000e-02	1.00000000000000e-02
94	100	96	98	6.20298000000000e-02	1.00000000000000e-02
1	10	4	7	3.41030000000000e-02	1.00000000000000e-02
2	11	5	8	3.34255000000000e-02	1.00000000000000e-02
3	12	6	9	3.29811000000000e-02	1.00000000000000e-02
4	13	7	10	3.41662000000000e-02	1.00000000000000e-02
5	14	8	11	3.39828000000000e-02	1.00000000000000e-02
6	15	9	12	3.62806000000000e-02	1.00000000000000e-02
7	16	10	13	3.50791000000000e-02	1.00000000000000e-02
8	17	11	14	3.53707000000000e-02	1.00000000000000e-02
9	18	12	15	3.38668000000000e-02	1.00000000000000e-02
10	19	13	16	3.54068000000000e-02	1.00000000000000e-02
11	20	14	17	3.53245000000000e-02	1.00000000000000e-02
12	21	15	18	3.62024000000000e-02	1.00000000000000e-02
13	22	16	19	3.68870000000000e-02	1.00000000000000e-02
14	23	17	20	3.73140000000000e-02	1.00000000000000e-02
15	24	18	21	3.84130000000000e-02	1.00000000000000e-02
16	25	19	22	3.89575000000000e-02	1.00000000000000e-02
17	26	20	23	4.02000000000000e-02	1.00000000000000e-02
18	27	21	24	4.04471000000000e-02	1.00000000000000e-02
19	28	22	25	4.23082000000000e-02	1.00000000000000e-02
20	29	23	26	4.30169000000000e-02	1.00000000000000e-02
21	30	24	27	4.23492000000000e-02	1.00000000000000e-02
22	31	25	28	4.31437000000000e-02	1.00000000000000e-02
23	32	26	29	4.40070000000000e-02	1.00000000000000e-02
24	33	27	30	4.64049000000000e-02	1.00000000000000e-02
25	34	28	31	4.69425000000000e-02	1.00000000000000e-02
26	35	29	32	4.71925000000000e-02	1.00000000000000e-02
27	36	30	33	4.76961000000000e-02	1.00000000000000e-02
28	37	31	34	4.92180000000000e-02	1.00000000000000e-02
29	38	32	35	5.15369000000000e-02	1.00000000000000e-02
30	39	33	36	4.99612000000000e-02	1.00000000000000e-02
31	40	34	37	4.85984000000000e-02	1.00000000000000e-02
32	41	35	38	4.67843000000000e-02	1.00000000000000e-02
33	42	36	39	4.59734000000000e-02	1.00000000000000e-02
34	43	37	40	4.49146000000000e-02	1.00000000000000e-02
35	44	38	41	4.54257000000000e-02	1.00000000000000e-02
36	45	39	42	4.54792000000000e-02	1.00000000000000e-02
37	46	40	43	4.83404000000000e-02	1.00000000000000e-02
38	47	41	44	5.07420000000000e-02	1.00000000000000e-02
39	48	42	45	4.92053000000000e-02	1.00000000000000e-02
40	49	43	46	4.38523000000000e-02	1.00000000000000e-02
41	50	44	47	4.50124000000000e-02	1.00000000000000e-02
42	51	45	48	4.56216000000000e-02	1.00000000000000e-02
43	52	46	49	4.75106000000000e-02	1.00000000000000e-02
44	53	47	50	4.87202000000000e-02	1.00000000000000e-02
45	54	48	51	4.74302000000000e-02	1.00000000000000e-02
46	55	49	52	4.73824000000000e-02	1.00000000000000e-02
47	56	50	53	4.67233000000000e-02	1.00000000000000e-02
48	57	51	54	4.93001000000000e-02	1.00000000000000e-02
49	58	52	55	4.72652000000000e-02	1.00000000000000e-02
50	59	53	56	4.67954000000000e-02	1.00000000000000e-02
51	60	54	57	4.47953000000000e-02	1.00000000000000e-02
54	63	57	60	4.75143000000000e-02	1.00000000000000e-02
55	64	58	61	4.64036000000000e-02	1.00000000000000e-02
56	65	59	62	4.62694000000000e-02	1.00000000000000e-02
57	66	60	63	4.60877000000000e-02	1.00000000000000e-02
58	67	61	64	4.58484000000000e-02	1.00000000000000e-02
59	68	62	65	4.56381000000000e-02	1.00000000000000e-02
60	69	63	66	4.52252000000000e-02	1.00000000000000e-02
62	71	65	68	4.46935000000000e-02	1.00000000000000e-02
63	72	66	69	4.43026000000000e-02	1.00000000000000e-02
64	73	67	70	4.54445000000000e-02	1.00000000000000e-02
65	74	68	71	4.50346000000000e-02	1.00000000000000e-02
66	75	69	72	4.48027000000000e-02	1.00000000000000e-02
67	76	70	73	4.31625000000000e-02	1.00000000000000e-02
68	77	71	74	4.23284000000000e-02	1.00000000000000e-02
69	78	72	75	4.21496000000000e-02	1.00000000000000e-02
70	79	73	76	4.22371000000000e-02	1.00000000000000e-02
71	80	74	77	4.28555000000000e-02	1.00000000000000e-02
73	82	76	79	4.19330000000000e-02	1.00000000000000e-02
74	83	77	80	4.06954000000000e-02	1.00000000000000e-02
75	84	78	81	4.22978000000000e-02	1.00000000000000e-02
76	85	79	82	4.22694000000000e-02	1.00000000000000e-02
77	86	80	83	4.29264000000000e-02	1.00000000000000e-02
78	87	81	84	4.20979000000000e-02	1.00000000000000e-02
79	88	82	85	4.22586000000000e-02	1.00000000000000e-02
81	90	84	87	4.41794000000000e-02	1.00000000000000e-02
82	91	85	88	4.34024000000000e-02	1.00000000000000e-02
83	92	86	89	4.27177000000000e-02	1.00000000000000e-02
84	93	87	90	4.34481000000000e-02	1.00000000000000e-02
85	94	88	91	4.55085000000000e-02	1.00000000000000e-02
86	95	89	92	4.76218000000000e-02	1.00000000000000e-02
87	96	90	93	4.66570000000000e-02	1.00000000000000e-02
88	97	91	94	4.52969000000000e-02	1.00000000000000e-02
89	98	92	95	4.41941000000000e-02	1.00000000000000e-02
90	99	93	96	4.55392000000000e-02	1.00000000000000e-02
91	100	94	97	4.68868000000000e-02	1.00000000000000e-02
1	13	5	9	2.99509000000000e-02	1.00000000000000e-02
2	14	6	10	3.00302000000000e-02	1.00000000000000e-02
3	15	7	11	3.09698000000000e-02	1.00000000000000e-02
4	16	8	12	3.15970000000000e-02	1.00000000000000e-02
5	17	9	13	3.11316000000000e-02	1.00000000000000e-02
6	18	10	14	3.18246000000000e-02	1.00000000000000e-02
7	19	11	15	3.08808000000000e-02	1.00000000000000e-02
8	20	12	16	2.56079000000000e-02	1.00000000000000e-02
9	21	13	17	3.12058000000000e-02	1.00000000000000e-02
10	22	14	18	3.07218000000000e-02	1.00000000000000e-02
11	23	15	19	3.20900000000000e-02	1.00000000000000e-02
12	24	16	20	3.21176000000000e-02	1.00000000000000e-02
13	25	17	21	3.23952000000000e-02	1.00000000000000e-02
14	26	18	22	3.37079000000000e-02	1.00000000000000e-02
15	27	19	23	3.44636000000000e-02	1.00000000000000e-02
16	28	20	24	3.49106000000000e-02	1.00000000000000e-02
17	29	21	25	3.55015000000000e-02	1.00000000000000e-02
18	30	22	26	3.58939000000000e-02	1.00000000000000e-02
19	31	23	27	3.57184000000000e-02	1.00000000000000e-02
20	32	24	28	3.65951000000000e-02	1.00000000000000e-02
21	33	25	29	3.65746000000000e-02	1.00000000000000e-02
22	34	26	30	3.72666000000000e-02	1.00000000000000e-02
23	35	27	31	3.83957000000000e-02	1.00000000000000e-02
24	36	28	32	3.84207000000000e-02	1.00000000000000e-02
25	37	29	33	4.02810000000000e-02	1.00000000000000e-02
26	38	30	34	4.12832000000000e-02	1.00000000000000e-02
27	39	31	35	4.09239000000000e-02	1.00000000000000e-02
28	40	32	36	4.12623000000000e-02	1.00000000000000e-02
29	41	33	37	4.01947000000000e-02	1.00000000000000e-02
30	42	34	38	3.78024000000000e-02	1.00000000000000e-02
31	43	35	39	3.63416000000000e-02	1.00000000000000e-02
32	44	36	40	3.71913000000000e-02	1.00000000000000e-02
33	45	37	41	3.70187000000000e-02	1.00000000000000e-02
34	46	38	42	3.81572000000000e-02	1.00000000000000e-02
35	47	39	43	4.05895000000000e-02	1.00000000000000e-02
36	48	40	44	4.07777000000000e-02	1.00000000000000e-02
37	49	41	45	4.24076000000000e-02	1.00000000000000e-02
38	50	42	46	3.97384000000000e-02	1.00000000000000e-02
39	51	43	47	3.77821000000000e-02	1.00000000000000e-02
40	52	44	48	3.86953000000000e-02	1.00000000000000e-02
41	53	45	49	3.79544000000000e-02	1.00000000000000e-02
42	54	46	50	3.74680000000000e-02	1.00000000000000e-02
43	55	47	51	3.84091000000000e-02	1.00000000000000e-02
44	56	48	52	3.92823000000000e-02	1.00000000000000e-02
45	57	49	53	3.99036000000000e-02	1.00000000000000e-02
46	58	50	54	3.98677000000000e-02	1.00000000000000e-02
47	59	51	55	3.94001000000000e-02	1.00000000000000e-02
48	60	52	56	3.95326000000000e-02	1.00000000000000e-02
49	61	53	57	3.91463000000000e-02	1.00000000000000e-02
52	64	56	60	3.92871000000000e-02	1.00000000000000e-02
53	65	57	61	4.05581000000000e-02	1.00000000000000e-02
54	66	58	62	3.99377000000000e-02	1.00000000000000e-02
55	67	59	63	3.94470000000000e-02	1.00000000000000e-02
56	68	60	64	3.95630000000000e-02	1.00000000000000e-02
57	69	61	65	3.84281000000000e-02	1.00000000000000e-02
58	70	62	66	3.80389000000000e-02	1.00000000000000e-02
60	72	64	68	3.80361000000000e-02	1.00000000000000e-02
61	73	65	69	3.85183000000000e-02	1.00000000000000e-02
62	74	66	70	3.89613000000000e-02	1.00000000000000e-02
63	75	67	71	3.85465000000000e-02	1.00000000000000e-02
64	76	68	72	3.88926000000000e-02	1.00000000000000e-02
65	77	69	73	3.83307000000000e-02	1.00000000000000e-02
66	78	70	74	3.77615000000000e-02	1.00000000000000e-02
67	79	71	75	3.76217000000000e-02	1.00000000000000e-02
68	80	72	76	3.72377000000000e-02	1.00000000000000e-02
69	81	73	77	3.73512000000000e-02	1.00000000000000e-02
71	83	75	79	3.70866000000000e-02	1.00000000000000e-02
72	84	76	80	3.69824000000000e-02	1.00000000000000e-02
73	85	77	81	3.65036000000000e-02	1.00000000000000e-02
74	86	78	82	3.76077000000000e-02	1.00000000000000e-02
75	87	79	83	3.73148000000000e-02	1.00000000000000e-02
76	88	80	84	3.71899000000000e-02	1.00000000000000e-02
77	89	81	85	3.81960000000000e-02	1.00000000000000e-02
79	91	83	87	3.79184000000000e-02	1.00000000000000e-02
80	92	84	88	3.81811000000000e-02	1.00000000000000e-02
81	93	85	89	3.77672000000000e-02	1.00000000000000e-02
82	94	86	90	3.89127000000000e-02	1.00000000000000e-02
83	95	87	91	3.96903000000000e-02	1.00000000000000e-02
84	96	88	92	4.03539000000000e-02	1.00000000000000e-02
85	97	89	93	4.09656000000000e-02	1.00000000000000e-02
86	98	90	94	4.01372000000000e-02	1.00000000000000e-02
87	99	91	95	3.99429000000000e-02	1.00000000000000e-02
88	100	92	96	3.92219000000000e-02	1.00000000000000e-02
1	16	6	11	2.83227000000000e-02	1.00000000000000e-02
2	17	7	12	2.82494000000000e-02	1.00000000000000e-02
3	18	8	13	2.89991000000000e-02	1.00000000000000e-02
4	19	9	14	2.92311000000000e-02	1.00000000000000e-02
5	20	10	15	2.84139000000000e-02	1.00000000000000e-02
6	21	11	16	2.86676000000000e-02	1.00000000000000e-02
7	22	12	17	2.81917000000000e-02	1.00000000000000e-02
8	23	13	18	2.83565000000000e-02	1.00000000000000e-02
9	24	14	19	2.84511000000000e-02	1.00000000000000e-02
10	25	15	20	2.91295000000000e-02	1.00000000000000e-02
11	26	16	21	2.91359000000000e-02	1.00000000000000e-02
12	27	17	22	3.00946000000000e-02	1.00000000000000e-02
13	28	18	23	3.10077000000000e-02	1.00000000000000e-02
14	29	19	24	3.09664000000000e-02	1.00000000000000e-02
15	30	20	25	3.09805000000000e-02	1.00000000000000e-02
16	31	21	26	3.20728000000000e-02	1.00000000000000e-02
17	32	22	27	3.19251000000000e-02	1.00000000000000e-02
18	33	23	28	3.15382000000000e-02	1.00000000000000e-02
19	34	24	29	3.17090000000000e-02	1.00000000000000e-02
20	35	25	30	3.20985000000000e-02	1.00000000000000e-02
21	36	26	31	3.24929000000000e-02	1.00000000000000e-02
22	37	27	32	3.30891000000000e-02	1.00000000000000e-02
23	38	28	33	3.47704000000000e-02	1.00000000000000e-02
24	39	29	34	3.55455000000000e-02	1.00000000000000e-02
25	40	30	35	3.55624000000000e-02	1.00000000000000e-02
26	41	31	36	3.52823000000000e-02	1.00000000000000e-02
27	42	32	37	3.38861000000000e-02	1.00000000000000e-02
28	43	33	38	3.25149000000000e-02	1.00000000000000e-02
29	44	34	39	3.22510000000000e-02	1.00000000000000e-02
30	45	35	40	3.24176000000000e-02	1.00000000000000e-02
31	46	36	41	3.21576000000000e-02	1.00000000000000e-02
32	47	37	42	3.23507000000000e-02	1.00000000000000e-02
33	48	38	43	3.44304000000000e-02	1.00000000000000e-02
34	49	39	44	3.56230000000000e-02	1.00000000000000e-02
35	50	40	45	3.64179000000000e-02	1.00000000000000e-02
36	51	41	46	3.66450000000000e-02	1.00000000000000e-02
37	52	42	47	3.44698000000000e-02	1.00000000000000e-02
38	53	43	48	3.39087000000000e-02	1.00000000000000e-02
39	54	44	49	3.40076000000000e-02	1.00000000000000e-02
40	55	45	50	3.37915000000000e-02	1.00000000000000e-02
41	56	46	51	3.30390000000000e-02	1.00000000000000e-02
42	57	47	52	3.30612000000000e-02	1.00000000000000e-02
43	58	48	53	3.33435000000000e-02	1.00000000000000e-02
44	59	49	54	3.39197000000000e-02	1.00000000000000e-02
45	60	50	55	3.42327000000000e-02	1.00000000000000e-02
46	61	51	56	3.45691000000000e-02	1.00000000000000e-02
47	62	52	57	3.42965000000000e-02	1.00000000000000e-02
50	65	55	60	1.77947100000000e-01	5.00000000000000e-02
51	66	56	61	1.76059600000000e-01	5.00000000000000e-02
52	67	57	62	1.77326800000000e-01	5.00000000000000e-02
53	68	58	63	1.75489100000000e-01	5.00000000000000e-02
54	69	59	64	1.74847500000000e-01	5.00000000000000e-02
55	70	60	65	1.69363900000000e-01	5.00000000000000e-02
56	71	61	66	1.69191300000000e-01	5.00000000000000e-02
58	73	63	68	1.69497900000000e-01	5.00000000000000e-02
59	74	64	69	1.69451200000000e-01	5.00000000000000e-02
60	75	65	70	1.74090200000000e-01	5.00000000000000e-02
61	76	66	71	1.73627200000000e-01	5.00000000000000e-02
62	77	67	72	1.71376600000000e-01	5.00000000000000e-02
63	78	68	73	1.73682200000000e-01	5.00000000000000e-02
64	79	69	74	1.71506000000000e-01	5.00000000000000e-02
65	80	70	75	1.68868100000000e-01	5.00000000000000e-02
66	81	71	76	1.68765800000000e-01	5.00000000000000e-02
67	82	72	77	1.68851800000000e-01	5.00000000000000e-02
69	84	74	79	1.69247600000000e-01	5.00000000000000e-02
70	85	75	80	1.67087400000000e-01	5.00000000000000e-02
71	86	76	81	1.66125500000000e-01	5.00000000000000e-02
72	87	77	82	1.66971300000000e-01	5.00000000000000e-02
73	88	78	83	1.70469200000000e-01	5.00000000000000e-02
74	89	79	84	1.67209300000000e-01	5.00000000000000e-02
75	90	80	85	1.69792400000000e-01	5.00000000000000e-02
77	92	82	87	1.70929900000000e-01	5.00000000000000e-02
78	93	83	88	1.70638900000000e-01	5.00000000000000e-02
79	94	84	89	1.75485700000000e-01	5.00000000000000e-02
80	95	85	90	1.77783700000000e-01	5.00000000000000e-02
81	96	86	91	1.54606500000000e-01	5.00000000000000e-02
82	97	87	92	1.81747700000000e-01	5.00000000000000e-02
83	98	88	93	1.82586100000000e-01	5.00000000000000e-02
84	99	89	94	1.81922500000000e-01	5.00000000000000e-02
85	100	90	95	1.80828100000000e-01	5.00000000000000e-02
1	19	7	13	1.34334500000000e-01	5.00000000000000e-02
2	20	8	14	1.35128900000000e-01	5.00000000000000e-02
3	21	9	15	1.34108300000000e-01	5.00000000000000e-02
4	22	10	16	1.24776300000000e-01	5.00000000000000e-02
5	23	11	17	1.32704600000000e-01	5.00000000000000e-02
6	24	12	18	1.29863500000000e-01	5.00000000000000e-02
7	25	13	19	1.32409600000000e-01	5.00000000000000e-02
8	26	14	20	1.31692900000000e-01	5.00000000000000e-02
9	27	15	21	1.35595600000000e-01	5.00000000000000e-02
10	28	16	22	1.36797800000000e-01	5.00000000000000e-02
11	29	17	23	1.39976800000000e-01	5.00000000000000e-02
12	30	18	24	1.41792100000000e-01	5.00000000000000e-02
13	31	19	25	1.42576100000000e-01	5.00000000000000e-02
14	32	20	26	1.45262200000000e-01	5.00000000000000e-02
15	33	21	27	1.42190300000000e-01	5.00000000000000e-02
16	34	22	28	1.42589900000000e-01	5.00000000000000e-02
17	35	23	29	1.40899400000000e-01	5.00000000000000e-02
18	36	24	30	1.44226700000000e-01	5.00000000000000e-02
19	37	25	31	1.46763300000000e-01	5.00000000000000e-02
20	38	26	32	1.47246900000000e-01	5.00000000000000e-02
21	39	27	33	1.52569500000000e-01	5.00000000000000e-02
22	40	28	34	1.56350700000000e-01	5.00000000000000e-02
23	41	29	35	1.59001000000000e-01	5.00000000000000e-02
24	42	30	36	1.51235700000000e-01	5.00000000000000e-02
25	43	31	37	1.48692200000000e-01	5.00000000000000e-02
26	44	32	38	1.50630400000000e-01	5.00000000000000e-02
27	45	33	39	1.48327300000000e-01	5.00000000000000e-02
28	46	34	40	1.46646700000000e-01	5.00000000000000e-02
29	47	35	41	1.42588300000000e-01	5.00000000000000e-02
30	48	36	42	1.44709300000000e-01	5.00000000000000e-02
31	49	37	43	1.49497300000000e-01	5.00000000000000e-02
32	50	38	44	1.55405300000000e-01	5.00000000000000e-02
33	51	39	45	1.51669000000000e-01	5.00000000000000e-02
34	52	40	46	1.62226400000000e-01	5.00000000000000e-02
35	53	41	47	1.62658700000000e-01	5.00000000000000e-02
36	54	42	48	1.57484300000000e-01	5.00000000000000e-02
37	55	43	49	1.54748700000000e-01	5.00000000000000e-02
38	56	44	50	1.53914000000000e-01	5.00000000000000e-02
39	57	45	51	1.52258400000000e-01	5.00000000000000e-02
40	58	46	52	1.52128200000000e-01	5.00000000000000e-02
41	59	47	53	1.49699100000000e-01	5.00000000000000e-02
42	60	48	54	1.47252700000000e-01	5.00000000000000e-02
43	61	49	55	1.46444200000000e-01	5.00000000000000e-02
44	62	50	56	1.51164900000000e-01	5.00000000000000e-02
45	63	51	57	1.54046700000000e-01	5.00000000000000e-02
48	66	54	60	1.58542100000000e-01	5.00000000000000e-02
49	67	55	61	1.61372600000000e-01	5.00000000000000e-02
50	68	56	62	1.59456600000000e-01	5.00000000000000e-02
51	69	57	63	1.59345000000000e-01	5.00000000000000e-02
52	70	58	64	1.43820700000000e-01	5.00000000000000e-02
53	71	59	65	1.54780900000000e-01	5.00000000000000e-02
54	72	60	66	1.55379900000000e-01	5.00000000000000e-02
56	74	62	68	1.55999900000000e-01	5.00000000000000e-02
57	75	63	69	1.54202800000000e-01	5.00000000000000e-02
58	76	64	70	1.56192500000000e-01	5.00000000000000e-02
59	77	65	71	1.58678300000000e-01	5.00000000000000e-02
60	78	66	72	1.59950300000000e-01	5.00000000000000e-02
61	79	67	73	1.58541200000000e-01	5.00000000000000e-02
62	80	68	74	1.57480600000000e-01	5.00000000000000e-02
63	81	69	75	1.57488000000000e-01	5.00000000000000e-02
64	82	70	76	1.55815700000000e-01	5.00000000000000e-02
65	83	71	77	1.55268000000000e-01	5.00000000000000e-02
67	85	73	79	1.54665500000000e-01	5.00000000000000e-02
68	86	74	80	1.53284200000000e-01	5.00000000000000e-02
69	87	75	81	1.52787300000000e-01	5.00000000000000e-02
70	88	76	82	1.53610800000000e-01	5.00000000000000e-02
71	89	77	83	1.54204700000000e-01	5.00000000000000e-02
72	90	78	84	1.53842500000000e-01	5.00000000000000e-02
73	91	79	85	1.48249000000000e-01	5.00000000000000e-02
75	93	81	87	1.58561800000000e-01	5.00000000000000e-02
76	94	82	88	1.58483400000000e-01	5.00000000000000e-02
77	95	83	89	1.59671200000000e-01	5.00000000000000e-02
78	96	84	90	1.63546800000000e-01	5.00000000000000e-02
79	97	85	91	1.64651500000000e-01	5.00000000000000e-02
80	98	86	92	1.66166600000000e-01	5.00000000000000e-02
81	99	87	93	1.66839900000000e-01	5.00000000000000e-02
82	100	88	94	1.66592300000000e-01	5.00000000000000e-02
1	22	8	15	1.25580000000000e-01	5.00000000000000e-02
2	23	9	16	1.25452800000000e-01	5.00000000000000e-02
3	24	10	17	1.26073100000000e-01	5.00000000000000e-02
4	25	11	18	1.22964100000000e-01	5.00000000000000e-02
5	26	12	19	1.22930700000000e-01	5.00000000000000e-02
6	27	13	20	1.24704000000000e-01	5.00000000000000e-02
7	28	14	21	1.24243400000000e-01	5.00000000000000e-02
8	29	15	22	1.27214800000000e-01	5.00000000000000e-02
9	30	16	23	1.28066500000000e-01	5.00000000000000e-02
10	31	17	24	1.29005800000000e-01	5.00000000000000e-02
11	32	18	25	1.33292600000000e-01	5.00000000000000e-02
12	33	19	26	1.33195900000000e-01	5.00000000000000e-02
13	34	20	27	1.30620400000000e-01	5.00000000000000e-02
14	35	21	28	1.31347700000000e-01	5.00000000000000e-02
15	36	22	29	1.30389500000000e-01	5.00000000000000e-02
16	37	23	30	1.32789000000000e-01	5.00000000000000e-02
17	38	24	31	1.35376600000000e-01	5.00000000000000e-02
18	39	25	32	1.34079800000000e-01	5.00000000000000e-02
19	40	26	33	1.36158000000000e-01	5.00000000000000e-02
20	41	27	34	1.40829600000000e-01	5.00000000000000e-02
21	42	28	35	1.37694900000000e-01	5.00000000000000e-02
22	43	29	36	1.36649100000000e-01	5.00000000000000e-02
23	44	30	37	1.36911800000000e-01	5.00000000000000e-02
24	45	31	38	1.36967100000000e-01	5.00000000000000e-02
25	46	32	39	1.37940500000000e-01	5.00000000000000e-02
26	47	33	40	1.37190600000000e-01	5.00000000000000e-02
27	48	34	41	1.32286600000000e-01	5.00000000000000e-02
28	49	35	42	1.30492700000000e-01	5.00000000000000e-02
29	50	36	43	1.33891900000000e-01	5.00000000000000e-02
30	51	37	44	1.38439000000000e-01	5.00000000000000e-02
31	52	38	45	1.43687300000000e-01	5.00000000000000e-02
32	53	39	46	1.44696600000000e-01	5.00000000000000e-02
33	54	40	47	1.45434900000000e-01	5.00000000000000e-02
34	55	41	48	1.49667800000000e-01	5.00000000000000e-02
35	56	42	49	1.45094200000000e-01	5.00000000000000e-02
36	57	43	50	1.41519300000000e-01	5.00000000000000e-02
37	58	44	51	1.41109700000000e-01	5.00000000000000e-02
38	59	45	52	1.39117700000000e-01	5.00000000000000e-02
39	60	46	53	1.38812900000000e-01	5.00000000000000e-02
40	61	47	54	1.38890000000000e-01	5.00000000000000e-02
41	62	48	55	1.34805200000000e-01	5.00000000000000e-02
42	63	49	56	1.32842300000000e-01	5.00000000000000e-02
43	64	50	57	1.33655000000000e-01	5.00000000000000e-02
46	67	53	60	1.44059100000000e-01	5.00000000000000e-02
47	68	54	61	1.43581400000000e-01	5.00000000000000e-02
48	69	55	62	1.45465100000000e-01	5.00000000000000e-02
49	70	56	63	1.47962400000000e-01	5.00000000000000e-02
50	71	57	64	1.46026100000000e-01	5.00000000000000e-02
51	72	58	65	1.43658500000000e-01	5.00000000000000e-02
52	73	59	66	1.43235800000000e-01	5.00000000000000e-02
54	75	61	68	1.42496900000000e-01	5.00000000000000e-02
55	76	62	69	1.42699800000000e-01	5.00000000000000e-02
56	77	63	70	1.44439800000000e-01	5.00000000000000e-02
57	78	64	71	1.43928600000000e-01	5.00000000000000e-02
58	79	65	72	1.45582900000000e-01	5.00000000000000e-02
59	80	66	73	1.46556000000000e-01	5.00000000000000e-02
60	81	67	74	1.45403800000000e-01	5.00000000000000e-02
61	82	68	75	1.46122400000000e-01	5.00000000000000e-02
62	83	69	76	1.45141000000000e-01	5.00000000000000e-02
63	84	70	77	1.44813800000000e-01	5.00000000000000e-02
65	86	72	79	1.42956000000000e-01	5.00000000000000e-02
66	87	73	80	1.41587100000000e-01	5.00000000000000e-02
67	88	74	81	1.42538100000000e-01	5.00000000000000e-02
68	89	75	82	1.42754000000000e-01	5.00000000000000e-02
69	90	76	83	1.41683300000000e-01	5.00000000000000e-02
70	91	77	84	1.40587400000000e-01	5.00000000000000e-02
71	92	78	85	1.42861300000000e-01	5.00000000000000e-02
73	94	80	87	1.46559300000000e-01	5.00000000000000e-02
74	95	81	88	1.46724500000000e-01	5.00000000000000e-02
75	96	82	89	1.47492600000000e-01	5.00000000000000e-02
76	97	83	90	1.49712400000000e-01	5.00000000000000e-02
77	98	84	91	1.52904300000000e-01	5.00000000000000e-02
78	99	85	92	1.54500500000000e-01	5.00000000000000e-02
79	100	86	93	1.54571500000000e-01	5.00000000000000e-02
1	25	9	17	1.19691300000000e-01	5.00000000000000e-02
2	26	10	18	1.17141100000000e-01	5.00000000000000e-02
3	27	11	19	1.18165400000000e-01	5.00000000000000e-02
4	28	12	20	1.16565500000000e-01	5.00000000000000e-02
5	29	13	21	1.18501100000000e-01	5.00000000000000e-02
6	30	14	22	1.17744400000000e-01	5.00000000000000e-02
7	31	15	23	1.20941700000000e-01	5.00000000000000e-02
8	32	16	24	1.20305700000000e-01	5.00000000000000e-02
9	33	17	25	1.21243500000000e-01	5.00000000000000e-02
10	34	18	26	1.22068600000000e-01	5.00000000000000e-02
11	35	19	27	1.21017400000000e-01	5.00000000000000e-02
12	36	20	28	1.22196300000000e-01	5.00000000000000e-02
13	37	21	29	1.21371700000000e-01	5.00000000000000e-02
14	38	22	30	1.24335000000000e-01	5.00000000000000e-02
15	39	23	31	1.23841300000000e-01	5.00000000000000e-02
16	40	24	32	1.24058900000000e-01	5.00000000000000e-02
17	41	25	33	1.26355700000000e-01	5.00000000000000e-02
18	42	26	34	1.23426700000000e-01	5.00000000000000e-02
19	43	27	35	1.25130800000000e-01	5.00000000000000e-02
20	44	28	36	1.26098700000000e-01	5.00000000000000e-02
21	45	29	37	1.28134900000000e-01	5.00000000000000e-02
22	46	30	38	1.23505000000000e-01	5.00000000000000e-02
23	47	31	39	1.27505900000000e-01	5.00000000000000e-02
24	48	32	40	1.27791600000000e-01	5.00000000000000e-02
25	49	33	41	1.24085200000000e-01	5.00000000000000e-02
26	50	34	42	1.21622600000000e-01	5.00000000000000e-02
27	51	35	43	1.23056400000000e-01	5.00000000000000e-02
28	52	36	44	1.26496600000000e-01	5.00000000000000e-02
29	53	37	45	1.29366600000000e-01	5.00000000000000e-02
30	54	38	46	1.18424500000000e-01	5.00000000000000e-02
31	55	39	47	1.32858100000000e-01	5.00000000000000e-02
32	56	40	48	1.34051500000000e-01	5.00000000000000e-02
33	57	41	49	1.36722900000000e-01	5.00000000000000e-02
34	58	42	50	1.33231500000000e-01	5.00000000000000e-02
35	59	43	51	1.28472100000000e-01	5.00000000000000e-02
36	60	44	52	1.29438700000000e-01	5.00000000000000e-02
37	61	45	53	1.27696200000000e-01	5.00000000000000e-02
38	62	46	54	1.29038300000000e-01	5.00000000000000e-02
39	63	47	55	1.27209300000000e-01	5.00000000000000e-02
40	64	48	56	1.26433500000000e-01	5.00000000000000e-02
41	65	49	57	1.23815200000000e-01	5.00000000000000e-02
44	68	52	60	1.28702200000000e-01	5.00000000000000e-02
45	69	53	61	1.31301100000000e-01	5.00000000000000e-02
46	70	54	62	1.30375200000000e-01	5.00000000000000e-02
47	71	55	63	1.42883200000000e-01	5.00000000000000e-02
48	72	56	64	1.32907200000000e-01	5.00000000000000e-02
49	73	57	65	1.33927400000000e-01	5.00000000000000e-02
50	74	58	66	1.34024100000000e-01	5.00000000000000e-02
52	76	60	68	1.33219300000000e-01	5.00000000000000e-02
53	77	61	69	1.32671700000000e-01	5.00000000000000e-02
54	78	62	70	1.35043400000000e-01	5.00000000000000e-02
55	79	63	71	1.37143600000000e-01	5.00000000000000e-02
56	80	64	72	1.34613200000000e-01	5.00000000000000e-02
57	81	65	73	1.35363100000000e-01	5.00000000000000e-02
58	82	66	74	1.34855100000000e-01	5.00000000000000e-02
59	83	67	75	1.35480300000000e-01	5.00000000000000e-02
60	84	68	76	1.35742000000000e-01	5.00000000000000e-02
61	85	69	77	1.32828500000000e-01	5.00000000000000e-02
63	87	71	79	1.32685000000000e-01	5.00000000000000e-02
64	88	72	80	1.32218700000000e-01	5.00000000000000e-02
65	89	73	81	1.31646800000000e-01	5.00000000000000e-02
66	90	74	82	1.32043600000000e-01	5.00000000000000e-02
67	91	75	83	1.31935400000000e-01	5.00000000000000e-02
68	92	76	84	1.29900500000000e-01	5.00000000000000e-02
69	93	77	85	1.30795200000000e-01	5.00000000000000e-02
71	95	79	87	1.35324500000000e-01	5.00000000000000e-02
72	96	80	88	1.36021100000000e-01	5.00000000000000e-02
73	97	81	89	1.37209400000000e-01	5.00000000000000e-02
74	98	82	90	1.38214300000000e-01	5.00000000000000e-02
75	99	83	91	1.40623600000000e-01	5.00000000000000e-02
76	100	84	92	1.43452500000000e-01	5.00000000000000e-02
1	28	10	19	1.12534600000000e-01	5.00000000000000e-02
2	29	11	20	1.12008200000000e-01	5.00000000000000e-02
3	30	12	21	1.10914300000000e-01	5.00000000000000e-02
4	31	13	22	1.12095000000000e-01	5.00000000000000e-02
5	32	14	23	1.12351300000000e-01	5.00000000000000e-02
6	33	15	24	1.13119000000000e-01	5.00000000000000e-02
7	34	16	25	1.12405700000000e-01	5.00000000000000e-02
8	35	17	26	1.12708800000000e-01	5.00000000000000e-02
9	36	18	27	1.13045600000000e-01	5.00000000000000e-02
10	37	19	28	1.13609500000000e-01	5.00000000000000e-02
11	38	20	29	1.14396600000000e-01	5.00000000000000e-02
12	39	21	30	1.15786500000000e-01	5.00000000000000e-02
13	40	22	31	1.15802400000000e-01	5.00000000000000e-02
14	41	23	32	1.15838500000000e-01	5.00000000000000e-02
15	42	24	33	1.14390400000000e-01	5.00000000000000e-02
16	43	25	34	1.15100400000000e-01	5.00000000000000e-02
17	44	26	35	1.17264000000000e-01	5.00000000000000e-02
18	45	27	36	1.18123700000000e-01	5.00000000000000e-02
19	46	28	37	1.18748800000000e-01	5.00000000000000e-02
20	47	29	38	1.18874300000000e-01	5.00000000000000e-02
21	48	30	39	1.17875200000000e-01	5.00000000000000e-02
22	49	31	40	1.17822100000000e-01	5.00000000000000e-02
23	50	32	41	1.17343700000000e-01	5.00000000000000e-02
24	51	33	42	1.15143300000000e-01	5.00000000000000e-02
25	52	34	43	1.16053700000000e-01	5.00000000000000e-02
26	53	35	44	1.17687200000000e-01	5.00000000000000e-02
27	54	36	45	1.19786000000000e-01	5.00000000000000e-02
28	55	37	46	1.20475300000000e-01	5.00000000000000e-02
29	56	38	47	1.22008800000000e-01	5.00000000000000e-02
30	57	39	48	1.24159800000000e-01	5.00000000000000e-02
31	58	40	49	1.24585200000000e-01	5.00000000000000e-02
32	59	41	50	1.23965300000000e-01	5.00000000000000e-02
33	60	42	51	1.20324000000000e-01	5.00000000000000e-02
34	61	43	52	1.19110900000000e-01	5.00000000000000e-02
35	62	44	53	1.19979500000000e-01	5.00000000000000e-02
36	63	45	54	1.19907400000000e-01	5.00000000000000e-02
37	64	46	55	1.19100100000000e-01	5.00000000000000e-02
38	65	47	56	1.19875700000000e-01	5.00000000000000e-02
39	66	48	57	1.17767700000000e-01	5.00000000000000e-02
42	69	51	60	1.15250500000000e-01	5.00000000000000e-02
43	70	52	61	1.16603000000000e-01	5.00000000000000e-02
44	71	53	62	1.17950600000000e-01	5.00000000000000e-02
45	72	54	63	1.20817600000000e-01	5.00000000000000e-02
46	73	55	64	1.22303000000000e-01	5.00000000000000e-02
47	74	56	65	1.22919400000000e-01	5.00000000000000e-02
48	75	57	66	1.24366600000000e-01	5.00000000000000e-02
50	77	59	68	1.24762400000000e-01	5.00000000000000e-02
51	78	60	69	1.25378900000000e-01	5.00000000000000e-02
52	79	61	70	1.25177000000000e-01	5.00000000000000e-02
53	80	62	71	1.25571700000000e-01	5.00000000000000e-02
54	81	63	72	1.26231800000000e-01	5.00000000000000e-02
55	82	64	73	1.24877000000000e-01	5.00000000000000e-02
56	83	65	74	1.26348000000000e-01	5.00000000000000e-02
57	84	66	75	1.26116900000000e-01	5.00000000000000e-02
58	85	67	76	1.26514400000000e-01	5.00000000000000e-02
59	86	68	77	1.25662300000000e-01	5.00000000000000e-02
61	88	70	79	1.23531700000000e-01	5.00000000000000e-02
62	89	71	80	1.23270400000000e-01	5.00000000000000e-02
63	90	72	81	1.22741600000000e-01	5.00000000000000e-02
64	91	73	82	1.23095800000000e-01	5.00000000000000e-02
65	92	74	83	1.22519400000000e-01	5.00000000000000e-02
66	93	75	84	1.22125300000000e-01	5.00000000000000e-02
67	94	76	85	1.23092500000000e-01	5.00000000000000e-02
69	96	78	87	1.15085600000000e-01	5.00000000000000e-02
70	97	79	88	1.25940500000000e-01	5.00000000000000e-02
71	98	80	89	1.27349500000000e-01	5.00000000000000e-02
72	99	81	90	1.29208100000000e-01	5.00000000000000e-02
73	100	82	91	1.29959900000000e-01	5.00000000000000e-02
1	31	11	21	1.06580400000000e-01	5.00000000000000e-02
2	32	12	22	1.05691200000000e-01	5.00000000000000e-02
3	33	13	23	1.06395200000000e-01	5.00000000000000e-02
4	34	14	24	1.04989900000000e-01	5.00000000000000e-02
5	35	15	25	1.06196200000000e-01	5.00000000000000e-02
6	36	16	26	1.06705800000000e-01	5.00000000000000e-02
7	37	17	27	1.05753400000000e-01	5.00000000000000e-02
8	38	18	28	1.07361800000000e-01	5.00000000000000e-02
9	39	19	29	1.05979800000000e-01	5.00000000000000e-02
10	40	20	30	1.06889300000000e-01	5.00000000000000e-02
11	41	21	31	1.09010600000000e-01	5.00000000000000e-02
12	42	22	32	1.06355000000000e-01	5.00000000000000e-02
13	43	23	33	1.06939800000000e-01	5.00000000000000e-02
14	44	24	34	1.10217100000000e-01	5.00000000000000e-02
15	45	25	35	1.10643300000000e-01	5.00000000000000e-02
16	46	26	36	1.10271100000000e-01	5.00000000000000e-02
17	47	27	37	1.12296800000000e-01	5.00000000000000e-02
18	48	28	38	1.10939400000000e-01	5.00000000000000e-02
19	49	29	39	1.11771500000000e-01	5.00000000000000e-02
20	50	30	40	1.10850700000000e-01	5.00000000000000e-02
21	51	31	41	1.09592200000000e-01	5.00000000000000e-02
22	52	32	42	1.09636100000000e-01	5.00000000000000e-02
23	53	33	43	1.09852300000000e-01	5.00000000000000e-02
24	54	34	44	1.10224700000000e-01	5.00000000000000e-02
25	55	35	45	1.12019000000000e-01	5.00000000000000e-02
26	56	36	46	1.13891700000000e-01	5.00000000000000e-02
27	57	37	47	1.13117200000000e-01	5.00000000000000e-02
28	58	38	48	1.14779100000000e-01	5.00000000000000e-02
29	59	39	49	1.14908100000000e-01	5.00000000000000e-02
30	60	40	50	1.15090200000000e-01	5.00000000000000e-02
31	61	41	51	1.14452300000000e-01	5.00000000000000e-02
32	62	42	52	1.11106600000000e-01	5.00000000000000e-02
33	63	43	53	1.10403300000000e-01	5.00000000000000e-02
34	64	44	54	1.12170700000000e-01	5.00000000000000e-02
35	65	45	55	1.11668500000000e-01	5.00000000000000e-02
36	66	46	56	1.11938900000000e-01	5.00000000000000e-02
37	67	47	57	1.11390400000000e-01	5.00000000000000e-02
40	70	50	60	1.08469600000000e-01	5.00000000000000e-02
41	71	51	61	1.08706700000000e-01	5.00000000000000e-02
42	72	52	62	1.07095300000000e-01	5.00000000000000e-02
43	73	53	63	1.09481700000000e-01	5.00000000000000e-02
44	74	54	64	1.11199900000000e-01	5.00000000000000e-02
45	75	55	65	1.13249000000000e-01	5.00000000000000e-02
46	76	56	66	1.13959700000000e-01	5.00000000000000e-02
48	78	58	68	1.17275000000000e-01	5.00000000000000e-02
49	79	59	69	1.11364200000000e-01	5.00000000000000e-02
50	80	60	70	1.17736600000000e-01	5.00000000000000e-02
51	81	61	71	1.17395700000000e-01	5.00000000000000e-02
52	82	62	72	1.17704000000000e-01	5.00000000000000e-02
53	83	63	73	1.16578700000000e-01	5.00000000000000e-02
54	84	64	74	1.17656900000000e-01	5.00000000000000e-02
55	85	65	75	1.18437900000000e-01	5.00000000000000e-02
56	86	66	76	1.18295600000000e-01	5.00000000000000e-02
57	87	67	77	1.17181800000000e-01	5.00000000000000e-02
59	89	69	79	1.17322800000000e-01	5.00000000000000e-02
60	90	70	80	1.15923000000000e-01	5.00000000000000e-02
61	91	71	81	1.15340200000000e-01	5.00000000000000e-02
62	92	72	82	1.14231200000000e-01	5.00000000000000e-02
63	93	73	83	1.14874600000000e-01	5.00000000000000e-02
64	94	74	84	1.14913100000000e-01	5.00000000000000e-02
65	95	75	85	1.16064700000000e-01	5.00000000000000e-02
67	97	77	87	1.14287900000000e-01	5.00000000000000e-02
68	98	78	88	1.17894100000000e-01	5.00000000000000e-02
69	99	79	89	1.18206700000000e-01	5.00000000000000e-02
70	100	80	90	1.20226100000000e-01	5.00000000000000e-02
1	34	12	23	1.00036700000000e-01	5.00000000000000e-02
2	35	13	24	1.00028000000000e-01	5.00000000000000e-02
3	36	14	25	9.95408000000000e-02	5.00000000000000e-02
4	37	15	26	1.00704000000000e-01	5.00000000000000e-02
5	38	16	27	1.00185900000000e-01	5.00000000000000e-02
6	39	17	28	1.00317500000000e-01	5.00000000000000e-02
7	40	18	29	1.00247800000000e-01	5.00000000000000e-02
8	41	19	30	1.01106300000000e-01	5.00000000000000e-02
9	42	20	31	9.99849000000000e-02	5.00000000000000e-02
10	43	21	32	9.97146000000000e-02	5.00000000000000e-02
11	44	22	33	1.02555900000000e-01	5.00000000000000e-02
12	45	23	34	1.04053500000000e-01	5.00000000000000e-02
13	46	24	35	1.05053500000000e-01	5.00000000000000e-02
14	47	25	36	1.05476900000000e-01	5.00000000000000e-02
15	48	26	37	1.04719300000000e-01	5.00000000000000e-02
16	49	27	38	1.04715800000000e-01	5.00000000000000e-02
17	50	28	39	1.04561700000000e-01	5.00000000000000e-02
18	51	29	40	1.05384600000000e-01	5.00000000000000e-02
19	52	30	41	1.03308700000000e-01	5.00000000000000e-02
20	53	31	42	1.03408700000000e-01	5.00000000000000e-02
21	54	32	43	1.04529000000000e-01	5.00000000000000e-02
22	55	33	44	1.04993800000000e-01	5.00000000000000e-02
23	56	34	45	1.06110900000000e-01	5.00000000000000e-02
24	57	35	46	1.06177100000000e-01	5.00000000000000e-02
25	58	36	47	1.06411200000000e-01	5.00000000000000e-02
26	59	37	48	1.07187200000000e-01	5.00000000000000e-02
27	60	38	49	1.07528600000000e-01	5.00000000000000e-02
28	61	39	50	1.06873700000000e-01	5.00000000000000e-02
29	62	40	51	1.05704800000000e-01	5.00000000000000e-02
30	63	41	52	1.06699400000000e-01	5.00000000000000e-02
31	64	42	53	1.03698800000000e-01	5.00000000000000e-02
32	65	43	54	1.03324900000000e-01	5.00000000000000e-02
33	66	44	55	1.03771100000000e-01	5.00000000000000e-02
34	67	45	56	1.04734900000000e-01	5.00000000000000e-02
35	68	46	57	1.04534800000000e-01	5.00000000000000e-02
38	71	49	60	1.02834100000000e-01	5.00000000000000e-02
39	72	50	61	1.02940600000000e-01	5.00000000000000e-02
40	73	51	62	1.03314600000000e-01	5.00000000000000e-02
41	74	52	63	1.02110500000000e-01	5.00000000000000e-02
42	75	53	64	1.01505200000000e-01	5.00000000000000e-02
43	76	54	65	1.02731200000000e-01	5.00000000000000e-02
44	77	55	66	1.05177600000000e-01	5.00000000000000e-02
46	79	57	68	1.08302000000000e-01	5.00000000000000e-02
47	80	58	69	9.55019000000000e-02	5.00000000000000e-02
48	81	59	70	1.10558200000000e-01	5.00000000000000e-02
49	82	60	71	1.08011000000000e-01	5.00000000000000e-02
50	83	61	72	1.10551000000000e-01	5.00000000000000e-02
51	84	62	73	1.11131900000000e-01	5.00000000000000e-02
52	85	63	74	1.10652100000000e-01	5.00000000000000e-02
53	86	64	75	1.10303500000000e-01	5.00000000000000e-02
54	87	65	76	1.10884900000000e-01	5.00000000000000e-02
55	88	66	77	1.10689700000000e-01	5.00000000000000e-02
57	90	68	79	1.10027100000000e-01	5.00000000000000e-02
58	91	69	80	1.09090300000000e-01	5.00000000000000e-02
59	92	70	81	1.07274700000000e-01	5.00000000000000e-02
60	93	71	82	1.07950500000000e-01	5.00000000000000e-02
61	94	72	83	1.08761900000000e-01	5.00000000000000e-02
62	95	73	84	1.08086100000000e-01	5.00000000000000e-02
63	96	74	85	1.08546100000000e-01	5.00000000000000e-02
65	98	76	87	1.09786900000000e-01	5.00000000000000e-02
66	99	77	88	1.09588200000000e-01	5.00000000000000e-02
67	100	78	89	1.11638700000000e-01	5.00000000000000e-02
1	37	13	25	9.57588000000000e-02	5.00000000000000e-02
2	38	14	26	9.52532000000000e-02	5.00000000000000e-02
3	39	15	27	9.57084000000000e-02	5.00000000000000e-02
4	40	16	28	9.49554000000000e-02	5.00000000000000e-02
5	41	17	29	9.40952000000000e-02	5.00000000000000e-02
6	42	18	30	9.48083000000000e-02	5.00000000000000e-02
7	43	19	31	9.43973000000000e-02	5.00000000000000e-02
8	44	20	32	9.51483000000000e-02	5.00000000000000e-02
9	45	21	33	9.65801000000000e-02	5.00000000000000e-02
10	46	22	34	9.92989000000000e-02	5.00000000000000e-02
11	47	23	35	9.94281000000000e-02	5.00000000000000e-02
12	48	24	36	1.00175000000000e-01	5.00000000000000e-02
13	49	25	37	9.94449000000000e-02	5.00000000000000e-02
14	50	26	38	9.87320000000000e-02	5.00000000000000e-02
15	51	27	39	9.94105000000000e-02	5.00000000000000e-02
16	52	28	40	9.93754000000000e-02	5.00000000000000e-02
17	53	29	41	9.91669000000000e-02	5.00000000000000e-02
18	54	30	42	9.75515000000000e-02	5.00000000000000e-02
19	55	31	43	9.91011000000000e-02	5.00000000000000e-02
20	56	32	44	1.00917400000000e-01	5.00000000000000e-02
21	57	33	45	1.01343100000000e-01	5.00000000000000e-02
22	58	34	46	1.00244500000000e-01	5.00000000000000e-02
23	59	35	47	9.92110000000000e-02	5.00000000000000e-02
24	60	36	48	1.00991900000000e-01	5.00000000000000e-02
25	61	37	49	1.01222300000000e-01	5.00000000000000e-02
26	62	38	50	1.01097100000000e-01	5.00000000000000e-02
27	63	39	51	9.93946000000000e-02	5.00000000000000e-02
28	64	40	52	1.00153900000000e-01	5.00000000000000e-02
29	65	41	53	9.95541000000000e-02	5.00000000000000e-02
30	66	42	54	9.75676000000000e-02	5.00000000000000e-02
31	67	43	55	9.62019000000000e-02	5.00000000000000e-02
32	68	44	56	9.74547000000000e-02	5.00000000000000e-02
33	69	45	57	9.68358000000000e-02	5.00000000000000e-02
36	72	48	60	9.73646000000000e-02	5.00000000000000e-02
37	73	49	61	9.73634000000000e-02	5.00000000000000e-02
38	74	50	62	9.70407000000000e-02	5.00000000000000e-02
39	75	51	63	9.71742000000000e-02	5.00000000000000e-02
40	76	52	64	9.76186000000000e-02	5.00000000000000e-02
41	77	53	65	9.62464000000000e-02	5.00000000000000e-02
42	78	54	66	9.69994000000000e-02	5.00000000000000e-02
44	80	56	68	9.94767000000000e-02	5.00000000000000e-02
45	81	57	69	1.02696200000000e-01	5.00000000000000e-02
46	82	58	70	1.00921300000000e-01	5.00000000000000e-02
47	83	59	71	1.03370300000000e-01	5.00000000000000e-02
48	84	60	72	1.04446000000000e-01	5.00000000000000e-02
49	85	61	73	1.03371900000000e-01	5.00000000000000e-02
50	86	62	74	1.03416100000000e-01	5.00000000000000e-02
51	87	63	75	1.03538500000000e-01	5.00000000000000e-02
52	88	64	76	1.04576700000000e-01	5.00000000000000e-02
53	89	65	77	1.04570900000000e-01	5.00000000000000e-02
55	91	67	79	9.31203000000000e-02	5.00000000000000e-02
56	92	68	80	1.01958800000000e-01	5.00000000000000e-02
57	93	69	81	1.02097500000000e-01	5.00000000000000e-02
58	94	70	82	1.01727000000000e-01	5.00000000000000e-02
59	95	71	83	1.02036100000000e-01	5.00000000000000e-02
60	96	72	84	1.02199600000000e-01	5.00000000000000e-02
61	97	73	85	1.02667000000000e-01	5.00000000000000e-02
63	99	75	87	1.03640600000000e-01	5.00000000000000e-02
64	100	76	88	1.03110800000000e-01	5.00000000000000e-02
1	40	14	27	8.95318000000000e-02	5.00000000000000e-02
2	41	15	28	9.03284000000000e-02	5.00000000000000e-02
3	42	16	29	8.93774000000000e-02	5.00000000000000e-02
4	43	17	30	8.96906000000000e-02	5.00000000000000e-02
5	44	18	31	9.10836000000000e-02	5.00000000000000e-02
6	45	19	32	9.13729000000000e-02	5.00000000000000e-02
7	46	20	33	9.22138000000000e-02	5.00000000000000e-02
8	47	21	34	9.37731000000000e-02	5.00000000000000e-02
9	48	22	35	9.49340000000000e-02	5.00000000000000e-02
10	49	23	36	9.40742000000000e-02	5.00000000000000e-02
11	50	24	37	9.46667000000000e-02	5.00000000000000e-02
12	51	25	38	9.43309000000000e-02	5.00000000000000e-02
13	52	26	39	9.38170000000000e-02	5.00000000000000e-02
14	53	27	40	9.46414000000000e-02	5.00000000000000e-02
15	54	28	41	9.33994000000000e-02	5.00000000000000e-02
16	55	29	42	9.41798000000000e-02	5.00000000000000e-02
17	56	30	43	7.82289000000000e-02	5.00000000000000e-02
18	57	31	44	9.47803000000000e-02	5.00000000000000e-02
19	58	32	45	9.69609000000000e-02	5.00000000000000e-02
20	59	33	46	9.58877000000000e-02	5.00000000000000e-02
21	60	34	47	9.53762000000000e-02	5.00000000000000e-02
22	61	35	48	9.51846000000000e-02	5.00000000000000e-02
23	62	36	49	9.56825000000000e-02	5.00000000000000e-02
24	63	37	50	9.50018000000000e-02	5.00000000000000e-02
25	64	38	51	9.49229000000000e-02	5.00000000000000e-02
26	65	39	52	9.45776000000000e-02	5.00000000000000e-02
27	66	40	53	9.30481000000000e-02	5.00000000000000e-02
28	67	41	54	9.43847000000000e-02	5.00000000000000e-02
29	68	42	55	9.08730000000000e-02	5.00000000000000e-02
30	69	43	56	9.08392000000000e-02	5.00000000000000e-02
31	70	44	57	9.05307000000000e-02	5.00000000000000e-02
34	73	47	60	9.28884000000000e-02	5.00000000000000e-02
35	74	48	61	9.29807000000000e-02	5.00000000000000e-02
36	75	49	62	9.20052000000000e-02	5.00000000000000e-02
37	76	50	63	9.25213000000000e-02	5.00000000000000e-02
38	77	51	64	9.27850000000000e-02	5.00000000000000e-02
39	78	52	65	9.27164000000000e-02	5.00000000000000e-02
40	79	53	66	9.28282000000000e-02	5.00000000000000e-02
42	81	55	68	9.23476000000000e-02	5.00000000000000e-02
43	82	56	69	9.35085000000000e-02	5.00000000000000e-02
44	83	57	70	9.52969000000000e-02	5.00000000000000e-02
45	84	58	71	9.73643000000000e-02	5.00000000000000e-02
46	85	59	72	9.78456000000000e-02	5.00000000000000e-02
47	86	60	73	9.77083000000000e-02	5.00000000000000e-02
48	87	61	74	9.76232000000000e-02	5.00000000000000e-02
49	88	62	75	9.85548000000000e-02	5.00000000000000e-02
50	89	63	76	9.84289000000000e-02	5.00000000000000e-02
51	90	64	77	9.85539000000000e-02	5.00000000000000e-02
53	92	66	79	9.70636000000000e-02	5.00000000000000e-02
54	93	67	80	9.45955000000000e-02	5.00000000000000e-02
55	94	68	81	9.66573000000000e-02	5.00000000000000e-02
56	95	69	82	9.73847000000000e-02	5.00000000000000e-02
57	96	70	83	9.63393000000000e-02	5.00000000000000e-02
58	97	71	84	9.58831000000000e-02	5.00000000000000e-02
59	98	72	85	9.69042000000000e-02	5.00000000000000e-02
61	100	74	87	9.71020000000000e-02	5.00000000000000e-02
1	43	15	29	8.49422000000000e-02	5.00000000000000e-02
2	44	16	30	8.59237000000000e-02	5.00000000000000e-02
3	45	17	31	8.60481000000000e-02	5.00000000000000e-02
4	46	18	32	8.74324000000000e-02	5.00000000000000e-02
5	47	19	33	8.77702000000000e-02	5.00000000000000e-02
6	48	20	34	8.97001000000000e-02	5.00000000000000e-02
7	49	21	35	8.96577000000000e-02	5.00000000000000e-02
8	50	22	36	9.00227000000000e-02	5.00000000000000e-02
9	51	23	37	8.98465000000000e-02	5.00000000000000e-02
10	52	24	38	8.96179000000000e-02	5.00000000000000e-02
11	53	25	39	9.04641000000000e-02	5.00000000000000e-02
12	54	26	40	8.99622000000000e-02	5.00000000000000e-02
13	55	27	41	8.93125000000000e-02	5.00000000000000e-02
14	56	28	42	8.92359000000000e-02	5.00000000000000e-02
15	57	29	43	8.86612000000000e-02	5.00000000000000e-02
16	58	30	44	8.54535000000000e-02	5.00000000000000e-02
17	59	31	45	9.14079000000000e-02	5.00000000000000e-02
18	60	32	46	8.65204000000000e-02	5.00000000000000e-02
19	61	33	47	9.12842000000000e-02	5.00000000000000e-02
20	62	34	48	9.08635000000000e-02	5.00000000000000e-02
21	63	35	49	9.06316000000000e-02	5.00000000000000e-02
22	64	36	50	9.07244000000000e-02	5.00000000000000e-02
23	65	37	51	9.00301000000000e-02	5.00000000000000e-02
24	66	38	52	8.98516000000000e-02	5.00000000000000e-02
25	67	39	53	8.93861000000000e-02	5.00000000000000e-02
26	68	40	54	8.90286000000000e-02	5.00000000000000e-02
27	69	41	55	8.74875000000000e-02	5.00000000000000e-02
28	70	42	56	8.57154000000000e-02	5.00000000000000e-02
29	71	43	57	8.46647000000000e-02	5.00000000000000e-02
32	74	46	60	8.68726000000000e-02	5.00000000000000e-02
33	75	47	61	8.76212000000000e-02	5.00000000000000e-02
34	76	48	62	8.76391000000000e-02	5.00000000000000e-02
35	77	49	63	8.76980000000000e-02	5.00000000000000e-02
36	78	50	64	8.78138000000000e-02	5.00000000000000e-02
37	79	51	65	8.77951000000000e-02	5.00000000000000e-02
38	80	52	66	8.76727000000000e-02	5.00000000000000e-02
40	82	54	68	8.80350000000000e-02	5.00000000000000e-02
41	83	55	69	8.84702000000000e-02	5.00000000000000e-02
42	84	56	70	8.84643000000000e-02	5.00000000000000e-02
43	85	57	71	8.98136000000000e-02	5.00000000000000e-02
44	86	58	72	9.10820000000000e-02	5.00000000000000e-02
45	87	59	73	9.14852000000000e-02	5.00000000000000e-02
46	88	60	74	9.11268000000000e-02	5.00000000000000e-02
47	89	61	75	9.19750000000000e-02	5.00000000000000e-02
48	90	62	76	9.31721000000000e-02	5.00000000000000e-02
49	91	63	77	9.29285000000000e-02	5.00000000000000e-02
51	93	65	79	9.28518000000000e-02	5.00000000000000e-02
52	94	66	80	9.24002000000000e-02	5.00000000000000e-02
53	95	67	81	9.16554000000000e-02	5.00000000000000e-02
54	96	68	82	9.27559000000000e-02	5.00000000000000e-02
55	97	69	83	9.17249000000000e-02	5.00000000000000e-02
56	98	70	84	9.09685000000000e-02	5.00000000000000e-02
57	99	71	85	9.15129000000000e-02	5.00000000000000e-02
1	46	16	31	7.88183000000000e-02	5.00000000000000e-02
2	47	17	32	8.31949000000000e-02	5.00000000000000e-02
3	48	18	33	8.51124000000000e-02	5.00000000000000e-02
4	49	19	34	8.56175000000000e-02	5.00000000000000e-02
5	50	20	35	8.67137000000000e-02	5.00000000000000e-02
6	51	21	36	8.64538000000000e-02	5.00000000000000e-02
7	52	22	37	8.65063000000000e-02	5.00000000000000e-02
8	53	23	38	8.58106000000000e-02	5.00000000000000e-02
9	54	24	39	8.58206000000000e-02	5.00000000000000e-02
10	55	25	40	8.61439000000000e-02	5.00000000000000e-02
11	56	26	41	8.55271000000000e-02	5.00000000000000e-02
12	57	27	42	8.61459000000000e-02	5.00000000000000e-02
13	58	28	43	8.65142000000000e-02	5.00000000000000e-02
14	59	29	44	8.71221000000000e-02	5.00000000000000e-02
15	60	30	45	1.63026000000000e-02	1.00000000000000e-02
16	61	31	46	8.76837000000000e-02	5.00000000000000e-02
17	62	32	47	8.69277000000000e-02	5.00000000000000e-02
18	63	33	48	8.74599000000000e-02	5.00000000000000e-02
19	64	34	49	8.67887000000000e-02	5.00000000000000e-02
20	65	35	50	8.59570000000000e-02	5.00000000000000e-02
21	66	36	51	8.59490000000000e-02	5.00000000000000e-02
22	67	37	52	8.52180000000000e-02	5.00000000000000e-02
23	68	38	53	8.51390000000000e-02	5.00000000000000e-02
24	69	39	54	8.45494000000000e-02	5.00000000000000e-02
25	70	40	55	8.31029000000000e-02	5.00000000000000e-02
26	71	41	56	8.36956000000000e-02	5.00000000000000e-02
27	72	42	57	8.10839000000000e-02	5.00000000000000e-02
30	75	45	60	8.16958000000000e-02	5.00000000000000e-02
31	76	46	61	8.28008000000000e-02	5.00000000000000e-02
32	77	47	62	8.30669000000000e-02	5.00000000000000e-02
33	78	48	63	8.30948000000000e-02	5.00000000000000e-02
34	79	49	64	8.31286000000000e-02	5.00000000000000e-02
35	80	50	65	8.28568000000000e-02	5.00000000000000e-02
36	81	51	66	8.39685000000000e-02	5.00000000000000e-02
38	83	53	68	8.43219000000000e-02	5.00000000000000e-02
39	84	54	69	8.43304000000000e-02	5.00000000000000e-02
40	85	55	70	8.52621000000000e-02	5.00000000000000e-02
41	86	56	71	8.48549000000000e-02	5.00000000000000e-02
42	87	57	72	8.46384000000000e-02	5.00000000000000e-02
43	88	58	73	8.55277000000000e-02	5.00000000000000e-02
44	89	59	74	8.54220000000000e-02	5.00000000000000e-02
45	90	60	75	8.70131000000000e-02	5.00000000000000e-02
46	91	61	76	8.68359000000000e-02	5.00000000000000e-02
47	92	62	77	8.68476000000000e-02	5.00000000000000e-02
49	94	64	79	8.76222000000000e-02	5.00000000000000e-02
50	95	65	80	8.83986000000000e-02	5.00000000000000e-02
51	96	66	81	8.74987000000000e-02	5.00000000000000e-02
52	97	67	82	8.76791000000000e-02	5.00000000000000e-02
53	98	68	83	8.74925000000000e-02	5.00000000000000e-02
54	99	69	84	8.72592000000000e-02	5.00000000000000e-02
55	100	70	85	8.66390000000000e-02	5.00000000000000e-02
1	49	17	33	8.08078000000000e-02	5.00000000000000e-02
2	50	18	34	8.20487000000000e-02	5.00000000000000e-02
3	51	19	35	8.28562000000000e-02	5.00000000000000e-02
4	52	20	36	8.24806000000000e-02	5.00000000000000e-02
5	53	21	37	8.30723000000000e-02	5.00000000000000e-02
6	54	22	38	8.23486000000000e-02	5.00000000000000e-02
7	55	23	39	8.23312000000000e-02	5.00000000000000e-02
8	56	24	40	8.22297000000000e-02	5.00000000000000e-02
9	57	25	41	8.17205000000000e-02	5.00000000000000e-02
10	58	26	42	8.16867000000000e-02	5.00000000000000e-02
11	59	27	43	8.21349000000000e-02	5.00000000000000e-02
12	60	28	44	8.38591000000000e-02	5.00000000000000e-02
13	61	29	45	8.30731000000000e-02	5.00000000000000e-02
14	62	30	46	8.37216000000000e-02	5.00000000000000e-02
15	63	31	47	8.36820000000000e-02	5.00000000000000e-02
16	64	32	48	8.48396000000000e-02	5.00000000000000e-02
17	65	33	49	8.43983000000000e-02	5.00000000000000e-02
18	66	34	50	8.23800000000000e-02	5.00000000000000e-02
19	67	35	51	8.21047000000000e-02	5.00000000000000e-02
20	68	36	52	8.13439000000000e-02	5.00000000000000e-02
21	69	37	53	8.00602000000000e-02	5.00000000000000e-02
22	70	38	54	8.05761000000000e-02	5.00000000000000e-02
23	71	39	55	7.97976000000000e-02	5.00000000000000e-02
24	72	40	56	7.93892000000000e-02	5.00000000000000e-02
25	73	41	57	7.89500000000000e-02	5.00000000000000e-02
28	76	44	60	7.74940000000000e-02	5.00000000000000e-02
29	77	45	61	7.83701000000000e-02	5.00000000000000e-02
30	78	46	62	7.88577000000000e-02	5.00000000000000e-02
31	79	47	63	7.88474000000000e-02	5.00000000000000e-02
32	80	48	64	7.92722000000000e-02	5.00000000000000e-02
33	81	49	65	7.91135000000000e-02	5.00000000000000e-02
34	82	50	66	7.99822000000000e-02	5.00000000000000e-02
36	84	52	68	8.05718000000000e-02	5.00000000000000e-02
37	85	53	69	8.06731000000000e-02	5.00000000000000e-02
38	86	54	70	8.13139000000000e-02	5.00000000000000e-02
39	87	55	71	8.12178000000000e-02	5.00000000000000e-02
40	88	56	72	8.12448000000000e-02	5.00000000000000e-02
41	89	57	73	8.11805000000000e-02	5.00000000000000e-02
42	90	58	74	8.03291000000000e-02	5.00000000000000e-02
43	91	59	75	8.03534000000000e-02	5.00000000000000e-02
44	92	60	76	8.12360000000000e-02	5.00000000000000e-02
45	93	61	77	8.21657000000000e-02	5.00000000000000e-02
47	95	63	79	8.29004000000000e-02	5.00000000000000e-02
48	96	64	80	8.33149000000000e-02	5.00000000000000e-02
49	97	65	81	8.33371000000000e-02	5.00000000000000e-02
50	98	66	82	8.34183000000000e-02	5.00000000000000e-02
51	99	67	83	8.36084000000000e-02	5.00000000000000e-02
52	100	68	84	8.28776000000000e-02	5.00000000000000e-02
1	52	18	35	7.98884000000000e-02	5.00000000000000e-02
2	53	19	36	7.93913000000000e-02	5.00000000000000e-02
3	54	20	37	7.91362000000000e-02	5.00000000000000e-02
4	55	21	38	7.93085000000000e-02	5.00000000000000e-02
5	56	22	39	7.94426000000000e-02	5.00000000000000e-02
6	57	23	40	7.91193000000000e-02	5.00000000000000e-02
7	58	24	41	7.81897000000000e-02	5.00000000000000e-02
8	59	25	42	7.80145000000000e-02	5.00000000000000e-02
9	60	26	43	7.86957000000000e-02	5.00000000000000e-02
10	61	27	44	7.89369000000000e-02	5.00000000000000e-02
11	62	28	45	8.04482000000000e-02	5.00000000000000e-02
12	63	29	46	8.08472000000000e-02	5.00000000000000e-02
13	64	30	47	7.99476000000000e-02	5.00000000000000e-02
14	65	31	48	8.05876000000000e-02	5.00000000000000e-02
15	66	32	49	8.05004000000000e-02	5.00000000000000e-02
16	67	33	50	8.01664000000000e-02	5.00000000000000e-02
17	68	34	51	7.87322000000000e-02	5.00000000000000e-02
18	69	35	52	7.78253000000000e-02	5.00000000000000e-02
19	70	36	53	7.73363000000000e-02	5.00000000000000e-02
20	71	37	54	7.68823000000000e-02	5.00000000000000e-02
21	72	38	55	7.66345000000000e-02	5.00000000000000e-02
22	73	39	56	7.63402000000000e-02	5.00000000000000e-02
23	74	40	57	7.58416000000000e-02	5.00000000000000e-02
26	77	43	60	7.01863000000000e-02	5.00000000000000e-02
27	78	44	61	7.50542000000000e-02	5.00000000000000e-02
28	79	45	62	7.45484000000000e-02	5.00000000000000e-02
29	80	46	63	7.49564000000000e-02	5.00000000000000e-02
30	81	47	64	7.54703000000000e-02	5.00000000000000e-02
31	82	48	65	7.48967000000000e-02	5.00000000000000e-02
32	83	49	66	7.46940000000000e-02	5.00000000000000e-02
34	85	51	68	7.65123000000000e-02	5.00000000000000e-02
35	86	52	69	7.64881000000000e-02	5.00000000000000e-02
36	87	53	70	7.69636000000000e-02	5.00000000000000e-02
37	88	54	71	7.66692000000000e-02	5.00000000000000e-02
38	89	55	72	7.76915000000000e-02	5.00000000000000e-02
39	90	56	73	7.76727000000000e-02	5.00000000000000e-02
40	91	57	74	7.73203000000000e-02	5.00000000000000e-02
41	92	58	75	7.64768000000000e-02	5.00000000000000e-02
42	93	59	76	7.66693000000000e-02	5.00000000000000e-02
43	94	60	77	7.41626000000000e-02	5.00000000000000e-02
45	96	62	79	7.87260000000000e-02	5.00000000000000e-02
46	97	63	80	7.87087000000000e-02	5.00000000000000e-02
47	98	64	81	7.86291000000000e-02	5.00000000000000e-02
48	99	65	82	7.91061000000000e-02	5.00000000000000e-02
49	100	66	83	7.94875000000000e-02	5.00000000000000e-02
1	55	19	37	7.67511000000000e-02	5.00000000000000e-02
2	56	20	38	7.59265000000000e-02	5.00000000000000e-02
3	57	21	39	7.68728000000000e-02	5.00000000000000e-02
4	58	22	40	7.62233000000000e-02	5.00000000000000e-02
5	59	23	41	7.48967000000000e-02	5.00000000000000e-02
6	60	24	42	7.52839000000000e-02	5.00000000000000e-02
7	61	25	43	7.54505000000000e-02	5.00000000000000e-02
8	62	26	44	7.55272000000000e-02	5.00000000000000e-02
9	63	27	45	7.69926000000000e-02	5.00000000000000e-02
10	64	28	46	7.69918000000000e-02	5.00000000000000e-02
11	65	29	47	7.78049000000000e-02	5.00000000000000e-02
12	66	30	48	7.73369000000000e-02	5.00000000000000e-02
13	67	31	49	7.73213000000000e-02	5.00000000000000e-02
14	68	32	50	7.75639000000000e-02	5.00000000000000e-02
15	69	33	51	7.55974000000000e-02	5.00000000000000e-02
16	70	34	52	7.48158000000000e-02	5.00000000000000e-02
17	71	35	53	7.40683000000000e-02	5.00000000000000e-02
18	72	36	54	7.38955000000000e-02	5.00000000000000e-02
19	73	37	55	7.37082000000000e-02	5.00000000000000e-02
20	74	38	56	7.35993000000000e-02	5.00000000000000e-02
21	75	39	57	7.28121000000000e-02	5.00000000000000e-02
24	78	42	60	7.19350000000000e-02	5.00000000000000e-02
25	79	43	61	7.07989000000000e-02	5.00000000000000e-02
26	80	44	62	7.18417000000000e-02	5.00000000000000e-02
27	81	45	63	7.18271000000000e-02	5.00000000000000e-02
28	82	46	64	7.17906000000000e-02	5.00000000000000e-02
29	83	47	65	7.18557000000000e-02	5.00000000000000e-02
30	84	48	66	7.21154000000000e-02	5.00000000000000e-02
32	86	50	68	7.21842000000000e-02	5.00000000000000e-02
33	87	51	69	7.29002000000000e-02	5.00000000000000e-02
34	88	52	70	7.33019000000000e-02	5.00000000000000e-02
35	89	53	71	7.36344000000000e-02	5.00000000000000e-02
36	90	54	72	7.39643000000000e-02	5.00000000000000e-02
37	91	55	73	7.37680000000000e-02	5.00000000000000e-02
38	92	56	74	7.35293000000000e-02	5.00000000000000e-02
39	93	57	75	7.41513000000000e-02	5.00000000000000e-02
40	94	58	76	7.38502000000000e-02	5.00000000000000e-02
41	95	59	77	7.37456000000000e-02	5.00000000000000e-02
43	97	61	79	7.38474000000000e-02	5.00000000000000e-02
44	98	62	80	7.37830000000000e-02	5.00000000000000e-02
45	99	63	81	7.45599000000000e-02	5.00000000000000e-02
46	100	64	82	7.49778000000000e-02	5.00000000000000e-02
1	58	20	39	7.38729000000000e-02	5.00000000000000e-02
2	59	21	40	7.30879000000000e-02	5.00000000000000e-02
3	60	22	41	7.28055000000000e-02	5.00000000000000e-02
4	61	23	42	7.23597000000000e-02	5.00000000000000e-02
5	62	24	43	7.23124000000000e-02	5.00000000000000e-02
6	63	25	44	7.30855000000000e-02	5.00000000000000e-02
7	64	26	45	7.35489000000000e-02	5.00000000000000e-02
8	65	27	46	7.43590000000000e-02	5.00000000000000e-02
9	66	28	47	7.41451000000000e-02	5.00000000000000e-02
10	67	29	48	7.45869000000000e-02	5.00000000000000e-02
11	68	30	49	7.46275000000000e-02	5.00000000000000e-02
12	69	31	50	7.40214000000000e-02	5.00000000000000e-02
13	70	32	51	7.33157000000000e-02	5.00000000000000e-02
14	71	33	52	7.26127000000000e-02	5.00000000000000e-02
15	72	34	53	7.18773000000000e-02	5.00000000000000e-02
16	73	35	54	7.16432000000000e-02	5.00000000000000e-02
17	74	36	55	7.06690000000000e-02	5.00000000000000e-02
18	75	37	56	7.02512000000000e-02	5.00000000000000e-02
19	76	38	57	7.04870000000000e-02	5.00000000000000e-02
22	79	41	60	6.99425000000000e-02	5.00000000000000e-02
23	80	42	61	6.89845000000000e-02	5.00000000000000e-02
24	81	43	62	6.84802000000000e-02	5.00000000000000e-02
25	82	44	63	6.88967000000000e-02	5.00000000000000e-02
26	83	45	64	6.87166000000000e-02	5.00000000000000e-02
27	84	46	65	6.88566000000000e-02	5.00000000000000e-02
28	85	47	66	6.90561000000000e-02	5.00000000000000e-02
30	87	49	68	6.90892000000000e-02	5.00000000000000e-02
31	88	50	69	6.93459000000000e-02	5.00000000000000e-02
32	89	51	70	6.96077000000000e-02	5.00000000000000e-02
33	90	52	71	7.02932000000000e-02	5.00000000000000e-02
34	91	53	72	7.00769000000000e-02	5.00000000000000e-02
35	92	54	73	7.00294000000000e-02	5.00000000000000e-02
36	93	55	74	7.07939000000000e-02	5.00000000000000e-02
37	94	56	75	7.05667000000000e-02	5.00000000000000e-02
38	95	57	76	7.13437000000000e-02	5.00000000000000e-02
39	96	58	77	7.14526000000000e-02	5.00000000000000e-02
41	98	60	79	7.00445000000000e-02	5.00000000000000e-02
42	99	61	80	6.93267000000000e-02	5.00000000000000e-02
43	100	62	81	7.05062000000000e-02	5.00000000000000e-02
1	61	21	41	7.02499000000000e-02	5.00000000000000e-02
2	62	22	42	6.99174000000000e-02	5.00000000000000e-02
3	63	23	43	7.01079000000000e-02	5.00000000000000e-02
4	64	24	44	7.02729000000000e-02	5.00000000000000e-02
5	65	25	45	7.07793000000000e-02	5.00000000000000e-02
6	66	26	46	7.08735000000000e-02	5.00000000000000e-02
7	67	27	47	7.11275000000000e-02	5.00000000000000e-02
8	68	28	48	7.17225000000000e-02	5.00000000000000e-02
9	69	29	49	7.16444000000000e-02	5.00000000000000e-02
10	70	30	50	7.08322000000000e-02	5.00000000000000e-02
11	71	31	51	7.07050000000000e-02	5.00000000000000e-02
12	72	32	52	7.01148000000000e-02	5.00000000000000e-02
13	73	33	53	6.98120000000000e-02	5.00000000000000e-02
14	74	34	54	6.91384000000000e-02	5.00000000000000e-02
15	75	35	55	6.79677000000000e-02	5.00000000000000e-02
16	76	36	56	6.79421000000000e-02	5.00000000000000e-02
17	77	37	57	6.77436000000000e-02	5.00000000000000e-02
20	80	40	60	6.59773000000000e-02	5.00000000000000e-02
21	81	41	61	6.70481000000000e-02	5.00000000000000e-02
22	82	42	62	6.61656000000000e-02	5.00000000000000e-02
23	83	43	63	6.57429000000000e-02	5.00000000000000e-02
24	84	44	64	6.62086000000000e-02	5.00000000000000e-02
25	85	45	65	6.59354000000000e-02	5.00000000000000e-02
26	86	46	66	6.63509000000000e-02	5.00000000000000e-02
28	88	48	68	6.61511000000000e-02	5.00000000000000e-02
29	89	49	69	6.61482000000000e-02	5.00000000000000e-02
30	90	50	70	6.63175000000000e-02	5.00000000000000e-02
31	91	51	71	6.66068000000000e-02	5.00000000000000e-02
32	92	52	72	6.63902000000000e-02	5.00000000000000e-02
33	93	53	73	6.69014000000000e-02	5.00000000000000e-02
34	94	54	74	6.74873000000000e-02	5.00000000000000e-02
35	95	55	75	6.80539000000000e-02	5.00000000000000e-02
36	96	56	76	6.80673000000000e-02	5.00000000000000e-02
37	97	57	77	6.83381000000000e-02	5.00000000000000e-02
39	99	59	79	6.16524000000000e-02	5.00000000000000e-02
40	100	60	80	6.76559000000000e-02	5.00000000000000e-02
1	64	22	43	6.74302000000000e-02	5.00000000000000e-02
2	65	23	44	6.80346000000000e-02	5.00000000000000e-02
3	66	24	45	6.87550000000000e-02	5.00000000000000e-02
4	67	25	46	6.86351000000000e-02	5.00000000000000e-02
5	68	26	47	6.83127000000000e-02	5.00000000000000e-02
6	69	27	48	6.85542000000000e-02	5.00000000000000e-02
7	70	28	49	6.85132000000000e-02	5.00000000000000e-02
8	71	29	50	6.84257000000000e-02	5.00000000000000e-02
9	72	30	51	6.80189000000000e-02	5.00000000000000e-02
10	73	31	52	6.78329000000000e-02	5.00000000000000e-02
11	74	32	53	6.77695000000000e-02	5.00000000000000e-02
12	75	33	54	6.74584000000000e-02	5.00000000000000e-02
13	76	34	55	6.62857000000000e-02	5.00000000000000e-02
14	77	35	56	6.59017000000000e-02	5.00000000000000e-02
15	78	36	57	6.56874000000000e-02	5.00000000000000e-02
18	81	39	60	6.50231000000000e-02	5.00000000000000e-02
19	82	40	61	6.49747000000000e-02	5.00000000000000e-02
20	83	41	62	6.45977000000000e-02	5.00000000000000e-02
21	84	42	63	6.41236000000000e-02	5.00000000000000e-02
22	85	43	64	6.33164000000000e-02	5.00000000000000e-02
23	86	44	65	6.36471000000000e-02	5.00000000000000e-02
24	87	45	66	6.39196000000000e-02	5.00000000000000e-02
26	89	47	68	6.38674000000000e-02	5.00000000000000e-02
27	90	48	69	6.29690000000000e-02	5.00000000000000e-02
28	91	49	70	6.33259000000000e-02	5.00000000000000e-02
29	92	50	71	6.34799000000000e-02	5.00000000000000e-02
30	93	51	72	6.37102000000000e-02	5.00000000000000e-02
31	94	52	73	6.39252000000000e-02	5.00000000000000e-02
32	95	53	74	6.42916000000000e-02	5.00000000000000e-02
33	96	54	75	6.44313000000000e-02	5.00000000000000e-02
34	97	55	76	6.50986000000000e-02	5.00000000000000e-02
35	98	56	77	6.54302000000000e-02	5.00000000000000e-02
37	100	58	79	5.81965000000000e-02	5.00000000000000e-02
1	67	23	45	6.61163000000000e-02	5.00000000000000e-02
2	68	24	46	6.59560000000000e-02	5.00000000000000e-02
3	69	25	47	6.57112000000000e-02	5.00000000000000e-02
4	70	26	48	6.60000000000000e-02	5.00000000000000e-02
5	71	27	49	6.62919000000000e-02	5.00000000000000e-02
6	72	28	50	6.58780000000000e-02	5.00000000000000e-02
7	73	29	51	6.58967000000000e-02	5.00000000000000e-02
8	74	30	52	6.54140000000000e-02	5.00000000000000e-02
9	75	31	53	6.50809000000000e-02	5.00000000000000e-02
10	76	32	54	6.52234000000000e-02	5.00000000000000e-02
11	77	33	55	6.44129000000000e-02	5.00000000000000e-02
12	78	34	56	6.40684000000000e-02	5.00000000000000e-02
13	79	35	57	6.32863000000000e-02	5.00000000000000e-02
16	82	38	60	5.55511000000000e-02	5.00000000000000e-02
17	83	39	61	6.27074000000000e-02	5.00000000000000e-02
18	84	40	62	6.23364000000000e-02	5.00000000000000e-02
19	85	41	63	6.21551000000000e-02	5.00000000000000e-02
20	86	42	64	6.11756000000000e-02	5.00000000000000e-02
21	87	43	65	6.11330000000000e-02	5.00000000000000e-02
22	88	44	66	6.15380000000000e-02	5.00000000000000e-02
24	90	46	68	6.16155000000000e-02	5.00000000000000e-02
25	91	47	69	6.15030000000000e-02	5.00000000000000e-02
26	92	48	70	6.13146000000000e-02	5.00000000000000e-02
27	93	49	71	6.09074000000000e-02	5.00000000000000e-02
28	94	50	72	6.12024000000000e-02	5.00000000000000e-02
29	95	51	73	6.13379000000000e-02	5.00000000000000e-02
30	96	52	74	6.17521000000000e-02	5.00000000000000e-02
31	97	53	75	6.18764000000000e-02	5.00000000000000e-02
32	98	54	76	6.16166000000000e-02	5.00000000000000e-02
33	99	55	77	6.22576000000000e-02	5.00000000000000e-02
1	70	24	47	6.36345000000000e-02	5.00000000000000e-02
2	71	25	48	6.36810000000000e-02	5.00000000000000e-02
3	72	26	49	6.35794000000000e-02	5.00000000000000e-02
4	73	27	50	6.38030000000000e-02	5.00000000000000e-02
5	74	28	51	6.36520000000000e-02	5.00000000000000e-02
6	75	29	52	6.35747000000000e-02	5.00000000000000e-02
7	76	30	53	6.29835000000000e-02	5.00000000000000e-02
8	77	31	54	6.31012000000000e-02	5.00000000000000e-02
9	78	32	55	6.27604000000000e-02	5.00000000000000e-02
10	79	33	56	6.16601000000000e-02	5.00000000000000e-02
11	80	34	57	6.15447000000000e-02	5.00000000000000e-02
14	83	37	60	6.12840000000000e-02	5.00000000000000e-02
15	84	38	61	6.10431000000000e-02	5.00000000000000e-02
16	85	39	62	6.06635000000000e-02	5.00000000000000e-02
17	86	40	63	6.05555000000000e-02	5.00000000000000e-02
18	87	41	64	5.97995000000000e-02	5.00000000000000e-02
19	88	42	65	5.91072000000000e-02	5.00000000000000e-02
20	89	43	66	5.89214000000000e-02	5.00000000000000e-02
22	91	45	68	5.90327000000000e-02	5.00000000000000e-02
23	92	46	69	5.93248000000000e-02	5.00000000000000e-02
24	93	47	70	5.93849000000000e-02	5.00000000000000e-02
25	94	48	71	5.90672000000000e-02	5.00000000000000e-02
26	95	49	72	5.89615000000000e-02	5.00000000000000e-02
27	96	50	73	5.93600000000000e-02	5.00000000000000e-02
28	97	51	74	5.90002000000000e-02	5.00000000000000e-02
29	98	52	75	5.88789000000000e-02	5.00000000000000e-02
30	99	53	76	5.93475000000000e-02	5.00000000000000e-02
31	100	54	77	5.93790000000000e-02	5.00000000000000e-02
1	73	25	49	6.18448000000000e-02	5.00000000000000e-02
2	74	26	50	6.15897000000000e-02	5.00000000000000e-02
3	75	27	51	6.16323000000000e-02	5.00000000000000e-02
4	76	28	52	6.14557000000000e-02	5.00000000000000e-02
5	77	29	53	6.14557000000000e-02	5.00000000000000e-02
6	78	30	54	6.12009000000000e-02	5.00000000000000e-02
7	79	31	55	6.05090000000000e-02	5.00000000000000e-02
8	80	32	56	6.05125000000000e-02	5.00000000000000e-02
9	81	33	57	6.02035000000000e-02	5.00000000000000e-02
12	84	36	60	5.94091000000000e-02	5.00000000000000e-02
13	85	37	61	5.87776000000000e-02	5.00000000000000e-02
14	86	38	62	5.87417000000000e-02	5.00000000000000e-02
15	87	39	63	5.83944000000000e-02	5.00000000000000e-02
16	88	40	64	5.84105000000000e-02	5.00000000000000e-02
17	89	41	65	5.80505000000000e-02	5.00000000000000e-02
18	90	42	66	5.72315000000000e-02	5.00000000000000e-02
20	92	44	68	5.69009000000000e-02	5.00000000000000e-02
21	93	45	69	5.68434000000000e-02	5.00000000000000e-02
22	94	46	70	5.72121000000000e-02	5.00000000000000e-02
23	95	47	71	5.74594000000000e-02	5.00000000000000e-02
24	96	48	72	5.70665000000000e-02	5.00000000000000e-02
25	97	49	73	5.71059000000000e-02	5.00000000000000e-02
26	98	50	74	5.67085000000000e-02	5.00000000000000e-02
27	99	51	75	5.69656000000000e-02	5.00000000000000e-02
28	100	52	76	5.72146000000000e-02	5.00000000000000e-02
1	76	26	51	5.94700000000000e-02	5.00000000000000e-02
2	77	27	52	5.92712000000000e-02	5.00000000000000e-02
3	78	28	53	5.94772000000000e-02	5.00000000000000e-02
4	79	29	54	5.93952000000000e-02	5.00000000000000e-02
5	80	30	55	5.88119000000000e-02	5.00000000000000e-02
6	81	31	56	5.83938000000000e-02	5.00000000000000e-02
7	82	32	57	5.82702000000000e-02	5.00000000000000e-02
10	85	35	60	5.74144000000000e-02	5.00000000000000e-02
11	86	36	61	5.70760000000000e-02	5.00000000000000e-02
12	87	37	62	5.68271000000000e-02	5.00000000000000e-02
13	88	38	63	5.67790000000000e-02	5.00000000000000e-02
14	89	39	64	5.65511000000000e-02	5.00000000000000e-02
15	90	40	65	5.60646000000000e-02	5.00000000000000e-02
16	91	41	66	5.62057000000000e-02	5.00000000000000e-02
18	93	43	68	5.47157000000000e-02	5.00000000000000e-02
19	94	44	69	5.53715000000000e-02	5.00000000000000e-02
20	95	45	70	5.55968000000000e-02	5.00000000000000e-02
21	96	46	71	5.52704000000000e-02	5.00000000000000e-02
22	97	47	72	5.53320000000000e-02	5.00000000000000e-02
23	98	48	73	5.50869000000000e-02	5.00000000000000e-02
24	99	49	74	5.49231000000000e-02	5.00000000000000e-02
25	100	50	75	5.48544000000000e-02	5.00000000000000e-02
1	79	27	53	5.78648000000000e-02	5.00000000000000e-02
2	80	28	54	5.75923000000000e-02	5.00000000000000e-02
3	81	29	55	5.71252000000000e-02	5.00000000000000e-02
4	82	30	56	5.68631000000000e-02	5.00000000000000e-02
5	83	31	57	5.66257000000000e-02	5.00000000000000e-02
8	86	34	60	5.56801000000000e-02	5.00000000000000e-02
9	87	35	61	5.55530000000000e-02	5.00000000000000e-02
10	88	36	62	5.52676000000000e-02	5.00000000000000e-02
11	89	37	63	5.51532000000000e-02	5.00000000000000e-02
12	90	38	64	5.52013000000000e-02	5.00000000000000e-02
13	91	39	65	5.45507000000000e-02	5.00000000000000e-02
14	92	40	66	5.43213000000000e-02	5.00000000000000e-02
16	94	42	68	5.40004000000000e-02	5.00000000000000e-02
17	95	43	69	5.28226000000000e-02	5.00000000000000e-02
18	96	44	70	5.38962000000000e-02	5.00000000000000e-02
19	97	45	71	5.35959000000000e-02	5.00000000000000e-02
20	98	46	72	5.35450000000000e-02	5.00000000000000e-02
21	99	47	73	5.31958000000000e-02	5.00000000000000e-02
22	100	48	74	5.32781000000000e-02	5.00000000000000e-02
1	82	28	55	5.56555000000000e-02	5.00000000000000e-02
2	83	29	56	5.50381000000000e-02	5.00000000000000e-02
3	84	30	57	5.53551000000000e-02	5.00000000000000e-02
6	87	33	60	5.43320000000000e-02	5.00000000000000e-02
7	88	34	61	5.42217000000000e-02	5.00000000000000e-02
8	89	35	62	5.34186000000000e-02	5.00000000000000e-02
9	90	36	63	5.36582000000000e-02	5.00000000000000e-02
10	91	37	64	5.28575000000000e-02	5.00000000000000e-02
11	92	38	65	5.30009000000000e-02	5.00000000000000e-02
12	93	39	66	5.31164000000000e-02	5.00000000000000e-02
14	95	41	68	5.27550000000000e-02	5.00000000000000e-02
15	96	42	69	5.16967000000000e-02	5.00000000000000e-02
16	97	43	70	5.17286000000000e-02	5.00000000000000e-02
17	98	44	71	5.19541000000000e-02	5.00000000000000e-02
18	99	45	72	5.19938000000000e-02	5.00000000000000e-02
19	100	46	73	5.17152000000000e-02	5.00000000000000e-02
1	85	29	57	5.35958000000000e-02	5.00000000000000e-02
4	88	32	60	5.00032000000000e-02	5.00000000000000e-02
5	89	33	61	5.29758000000000e-02	5.00000000000000e-02
6	90	34	62	5.25455000000000e-02	5.00000000000000e-02
7	91	35	63	5.20384000000000e-02	5.00000000000000e-02
8	92	36	64	5.14920000000000e-02	5.00000000000000e-02
9	93	37	65	5.14730000000000e-02	5.00000000000000e-02
10	94	38	66	5.15294000000000e-02	5.00000000000000e-02
12	96	40	68	5.11852000000000e-02	5.00000000000000e-02
13	97	41	69	5.10541000000000e-02	5.00000000000000e-02
14	98	42	70	5.07282000000000e-02	5.00000000000000e-02
15	99	43	71	5.03163000000000e-02	5.00000000000000e-02
16	100	44	72	5.04680000000000e-02	5.00000000000000e-02
2	89	31	60	5.13768000000000e-02	5.00000000000000e-02
3	90	32	61	5.17631000000000e-02	5.00000000000000e-02
4	91	33	62	5.07256000000000e-02	5.00000000000000e-02
5	92	34	63	5.00390000000000e-02	5.00000000000000e-02
6	93	35	64	5.07142000000000e-02	5.00000000000000e-02
7	94	36	65	5.04517000000000e-02	5.00000000000000e-02
8	95	37	66	4.96416000000000e-02	5.00000000000000e-02
10	97	39	68	4.91370000000000e-02	5.00000000000000e-02
11	98	40	69	4.91322000000000e-02	5.00000000000000e-02
12	99	41	70	4.98325000000000e-02	5.00000000000000e-02
13	100	42	71	4.78299000000000e-02	5.00000000000000e-02
1	91	31	61	4.94219000000000e-02	5.00000000000000e-02
2	92	32	62	4.98580000000000e-02	5.00000000000000e-02
3	93	33	63	4.96274000000000e-02	5.00000000000000e-02
4	94	34	64	4.93345000000000e-02	5.00000000000000e-02
5	95	35	65	4.91156000000000e-02	5.00000000000000e-02
6	96	36	66	4.87567000000000e-02	5.00000000000000e-02
8	98	38	68	4.84588000000000e-02	5.00000000000000e-02
9	99	39	69	4.82890000000000e-02	5.00000000000000e-02
10	100	40	70	4.78648000000000e-02	5.00000000000000e-02
1	94	32	63	4.90548000000000e-02	5.00000000000000e-02
2	95	33	64	4.82801000000000e-02	5.00000000000000e-02
3	96	34	65	4.72362000000000e-02	5.00000000000000e-02
4	97	35	66	4.77179000000000e-02	5.00000000000000e-02
6	99	37	68	4.66484000000000e-02	5.00000000000000e-02
7	100	38	69	4.78143000000000e-02	5.00000000000000e-02
1	97	33	65	4.76849000000000e-02	5.00000000000000e-02
2	98	34	66	4.58044000000000e-02	5.00000000000000e-02
4	100	36	68	4.49856000000000e-02	5.00000000000000e-02
0
