99
# x y z
0	0	0
0.5	0	0
1	0	0
1.5	0	0
2	0	0
2.5	0	0
3	0	0
3.5	0	0
4	0	0
4.5	0	0
5	0	0
5.5	0	0
6	0	0
6.5	0	0
7	0	0
7.5	0	0
8	0	0
8.5	0	0
9	0	0
9.5	0	0
10	0	0
10.5	0	0
11	0	0
11.5	0	0
12	0	0
12.5	0	0
13	0	0
13.5	0	0
14	0	0
14.5	0	0
15	0	0
15.5	0	0
16	0	0
16.5	0	0
17	0	0
17.5	0	0
18	0	0
18.5	0	0
19	0	0
19.5	0	0
20	0	0
20.5	0	0
21	0	0
21.5	0	0
22	0	0
22.5	0	0
23	0	0
23.5	0	0
24	0	0
24.5	0	0
25	0	0
25.5	0	0
26	0	0
26.5	0	0
27	0	0
27.5	0	0
28	0	0
28.5	0	0
29	0	0
29.5	0	0
30	0	0
30.5	0	0
31	0	0
31.5	0	0
32	0	0
32.5	0	0
33	0	0
33.5	0	0
34	0	0
34.5	0	0
35	0	0
35.5	0	0
36	0	0
36.5	0	0
37	0	0
37.5	0	0
38	0	0
38.5	0	0
39	0	0
39.5	0	0
40	0	0
40.5	0	0
41	0	0
41.5	0	0
42	0	0
42.5	0	0
43	0	0
43.5	0	0
44	0	0
44.5	0	0
45.5	0	0
46	0	0
46.5	0	0
47	0	0
47.5	0	0
48	0	0
48.5	0	0
49	0	0
49.5	0	0
1404
# a b m n u i
1	4	2	3	2.61573000000000e-02	1.00000000000000e-03
2	5	3	4	1.77532000000000e-02	1.00000000000000e-03
3	6	4	5	2.75223000000000e-02	1.00000000000000e-03
4	7	5	6	1.48998000000000e-02	1.00000000000000e-03
5	8	6	7	1.03439000000000e-02	1.00000000000000e-03
6	9	7	8	1.07917000000000e-02	1.00000000000000e-03
7	10	8	9	1.02717000000000e-02	1.00000000000000e-03
8	11	9	10	1.07805000000000e-02	1.00000000000000e-03
9	12	10	11	1.22430000000000e-02	1.00000000000000e-03
10	13	11	12	1.08675000000000e-02	1.00000000000000e-03
11	14	12	13	1.55876000000000e-02	1.00000000000000e-03
12	15	13	14	1.49770000000000e-02	1.00000000000000e-03
13	16	14	15	1.70774000000000e-02	1.00000000000000e-03
14	17	15	16	1.72234000000000e-02	1.00000000000000e-03
15	18	16	17	1.68135000000000e-02	1.00000000000000e-03
16	19	17	18	1.82822000000000e-02	1.00000000000000e-03
17	20	18	19	1.75952000000000e-02	1.00000000000000e-03
18	21	19	20	1.98846000000000e-02	1.00000000000000e-03
19	22	20	21	2.06334000000000e-02	1.00000000000000e-03
20	23	21	22	1.75786000000000e-02	1.00000000000000e-03
21	24	22	23	1.80199000000000e-02	1.00000000000000e-03
22	25	23	24	1.26547000000000e-02	1.00000000000000e-03
23	26	24	25	1.31884000000000e-02	1.00000000000000e-03
24	27	25	26	8.96130000000000e-03	1.00000000000000e-03
25	28	26	27	1.03239000000000e-02	1.00000000000000e-03
26	29	27	28	8.11340000000000e-03	1.00000000000000e-03
27	30	28	29	8.45320000000000e-03	1.00000000000000e-03
28	31	29	30	7.85910000000000e-03	1.00000000000000e-03
29	32	30	31	7.30720000000000e-03	1.00000000000000e-03
30	33	31	32	7.51060000000000e-03	1.00000000000000e-03
31	34	32	33	7.43290000000000e-03	1.00000000000000e-03
32	35	33	34	7.56550000000000e-03	1.00000000000000e-03
33	36	34	35	6.51990000000000e-03	1.00000000000000e-03
34	37	35	36	7.47340000000000e-03	1.00000000000000e-03
35	38	36	37	6.35520000000000e-03	1.00000000000000e-03
36	39	37	38	7.53160000000000e-03	1.00000000000000e-03
37	40	38	39	6.15710000000000e-03	1.00000000000000e-03
38	41	39	40	6.33780000000000e-03	1.00000000000000e-03
39	42	40	41	7.21800000000000e-03	1.00000000000000e-03
40	43	41	42	6.04360000000000e-03	1.00000000000000e-03
41	44	42	43	7.89630000000000e-03	1.00000000000000e-03
42	45	43	44	6.72600000000000e-03	1.00000000000000e-03
43	46	44	45	8.16130000000000e-03	1.00000000000000e-03
44	47	45	46	9.11500000000000e-03	1.00000000000000e-03
45	48	46	47	8.80160000000000e-03	1.00000000000000e-03
46	49	47	48	8.73030000000000e-03	1.00000000000000e-03
47	50	48	49	7.86660000000000e-03	1.00000000000000e-03
48	51	49	50	7.63790000000000e-03	1.00000000000000e-03
49	52	50	51	6.66970000000000e-03	1.00000000000000e-03
50	53	51	52	7.52320000000000e-03	1.00000000000000e-03
51	54	52	53	7.21860000000000e-03	1.00000000000000e-03
52	55	53	54	8.29100000000000e-03	1.00000000000000e-03
53	56	54	55	8.94480000000000e-03	1.00000000000000e-03
54	57	55	56	7.78410000000000e-03	1.00000000000000e-03
55	58	56	57	8.65550000000000e-03	1.00000000000000e-03
56	59	57	58	7.71200000000000e-03	1.00000000000000e-03
57	60	58	59	8.13270000000000e-03	1.00000000000000e-03
58	61	59	60	8.41060000000000e-03	1.00000000000000e-03
59	62	60	61	7.04040000000000e-03	1.00000000000000e-03
60	63	61	62	8.16720000000000e-03	1.00000000000000e-03
61	64	62	63	6.66400000000000e-03	1.00000000000000e-03
62	65	63	64	7.46560000000000e-03	1.00000000000000e-03
63	66	64	65	6.99750000000000e-03	1.00000000000000e-03
64	67	65	66	6.89680000000000e-03	1.00000000000000e-03
65	68	66	67	6.50890000000000e-03	1.00000000000000e-03
66	69	67	68	6.97180000000000e-03	1.00000000000000e-03
67	70	68	69	6.78160000000000e-03	1.00000000000000e-03
68	71	69	70	7.32210000000000e-03	1.00000000000000e-03
69	72	70	71	7.27890000000000e-03	1.00000000000000e-03
70	73	71	72	7.31250000000000e-03	1.00000000000000e-03
71	74	72	73	8.24990000000000e-03	1.00000000000000e-03
72	75	73	74	7.19860000000000e-03	1.00000000000000e-03
73	76	74	75	8.03420000000000e-03	1.00000000000000e-03
74	77	75	76	7.87320000000000e-03	1.00000000000000e-03
75	78	76	77	9.02130000000000e-03	1.00000000000000e-03
76	79	77	78	8.36230000000000e-03	1.00000000000000e-03
77	80	78	79	9.09530000000000e-03	1.00000000000000e-03
78	81	79	80	9.67660000000000e-03	1.00000000000000e-03
79	82	80	81	1.09567000000000e-02	1.00000000000000e-03
80	83	81	82	1.49444000000000e-02	1.00000000000000e-03
81	84	82	83	2.13817000000000e-02	1.00000000000000e-03
82	85	83	84	3.26920000000000e-02	1.00000000000000e-03
83	86	84	85	3.46544000000000e-02	1.00000000000000e-03
91	94	92	93	8.45960000000000e-03	1.00000000000000e-03
92	95	93	94	6.11520000000000e-03	1.00000000000000e-03
93	96	94	95	8.46560000000000e-03	1.00000000000000e-03
94	97	95	96	7.17380000000000e-03	1.00000000000000e-03
95	98	96	97	7.20540000000000e-03	1.00000000000000e-03
96	99	97	98	7.62010000000000e-03	1.00000000000000e-03
1	7	3	5	6.64160000000000e-03	1.00000000000000e-03
2	8	4	6	6.88780000000000e-03	1.00000000000000e-03
3	9	5	7	5.33880000000000e-03	1.00000000000000e-03
4	10	6	8	4.74100000000000e-03	1.00000000000000e-03
5	11	7	9	4.23750000000000e-03	1.00000000000000e-03
6	12	8	10	4.22310000000000e-03	1.00000000000000e-03
7	13	9	11	4.46200000000000e-03	1.00000000000000e-03
8	14	10	12	4.50260000000000e-03	1.00000000000000e-03
9	15	11	13	4.47470000000000e-03	1.00000000000000e-03
10	16	12	14	4.76640000000000e-03	1.00000000000000e-03
11	17	13	15	4.79350000000000e-03	1.00000000000000e-03
12	18	14	16	4.80700000000000e-03	1.00000000000000e-03
13	19	15	17	5.30400000000000e-03	1.00000000000000e-03
14	20	16	18	5.25690000000000e-03	1.00000000000000e-03
15	21	17	19	5.21570000000000e-03	1.00000000000000e-03
16	22	18	20	5.09900000000000e-03	1.00000000000000e-03
17	23	19	21	5.18690000000000e-03	1.00000000000000e-03
18	24	20	22	5.20560000000000e-03	1.00000000000000e-03
19	25	21	23	4.93450000000000e-03	1.00000000000000e-03
20	26	22	24	4.75420000000000e-03	1.00000000000000e-03
21	27	23	25	4.52790000000000e-03	1.00000000000000e-03
22	28	24	26	4.69390000000000e-03	1.00000000000000e-03
23	29	25	27	4.39290000000000e-03	1.00000000000000e-03
24	30	26	28	4.28850000000000e-03	1.00000000000000e-03
25	31	27	29	4.05950000000000e-03	1.00000000000000e-03
26	32	28	30	4.05260000000000e-03	1.00000000000000e-03
27	33	29	31	3.87090000000000e-03	1.00000000000000e-03
28	34	30	32	3.85980000000000e-03	1.00000000000000e-03
29	35	31	33	4.02830000000000e-03	1.00000000000000e-03
30	36	32	34	3.68280000000000e-03	1.00000000000000e-03
31	37	33	35	3.33350000000000e-03	1.00000000000000e-03
32	38	34	36	3.44610000000000e-03	1.00000000000000e-03
33	39	35	37	4.01330000000000e-03	1.00000000000000e-03
34	40	36	38	3.77770000000000e-03	1.00000000000000e-03
35	41	37	39	3.39220000000000e-03	1.00000000000000e-03
36	42	38	40	3.52860000000000e-03	1.00000000000000e-03
37	43	39	41	3.64400000000000e-03	1.00000000000000e-03
38	44	40	42	4.02390000000000e-03	1.00000000000000e-03
39	45	41	43	4.41560000000000e-03	1.00000000000000e-03
40	46	42	44	4.55080000000000e-03	1.00000000000000e-03
41	47	43	45	4.88790000000000e-03	1.00000000000000e-03
42	48	44	46	5.14800000000000e-03	1.00000000000000e-03
43	49	45	47	4.69810000000000e-03	1.00000000000000e-03
44	50	46	48	5.32560000000000e-03	1.00000000000000e-03
45	51	47	49	4.90850000000000e-03	1.00000000000000e-03
46	52	48	50	4.45600000000000e-03	1.00000000000000e-03
47	53	49	51	4.44780000000000e-03	1.00000000000000e-03
48	54	50	52	4.78630000000000e-03	1.00000000000000e-03
49	55	51	53	4.46760000000000e-03	1.00000000000000e-03
50	56	52	54	4.84860000000000e-03	1.00000000000000e-03
51	57	53	55	4.39750000000000e-03	1.00000000000000e-03
52	58	54	56	4.67680000000000e-03	1.00000000000000e-03
53	59	55	57	4.88870000000000e-03	1.00000000000000e-03
54	60	56	58	4.38250000000000e-03	1.00000000000000e-03
55	61	57	59	4.28520000000000e-03	1.00000000000000e-03
56	62	58	60	4.38890000000000e-03	1.00000000000000e-03
57	63	59	61	3.88070000000000e-03	1.00000000000000e-03
58	64	60	62	3.88040000000000e-03	1.00000000000000e-03
59	65	61	63	3.70660000000000e-03	1.00000000000000e-03
60	66	62	64	3.65050000000000e-03	1.00000000000000e-03
61	67	63	65	3.60740000000000e-03	1.00000000000000e-03
62	68	64	66	3.55870000000000e-03	1.00000000000000e-03
63	69	65	67	3.33290000000000e-03	1.00000000000000e-03
64	70	66	68	3.67240000000000e-03	1.00000000000000e-03
65	71	67	69	3.55940000000000e-03	1.00000000000000e-03
66	72	68	70	3.64590000000000e-03	1.00000000000000e-03
67	73	69	71	3.69040000000000e-03	1.00000000000000e-03
68	74	70	72	3.90200000000000e-03	1.00000000000000e-03
69	75	71	73	4.05850000000000e-03	1.00000000000000e-03
70	76	72	74	4.01550000000000e-03	1.00000000000000e-03
71	77	73	75	3.87250000000000e-03	1.00000000000000e-03
72	78	74	76	3.96810000000000e-03	1.00000000000000e-03
73	79	75	77	4.40520000000000e-03	1.00000000000000e-03
74	80	76	78	4.77560000000000e-03	1.00000000000000e-03
75	81	77	79	4.64650000000000e-03	1.00000000000000e-03
76	82	78	80	4.49280000000000e-03	1.00000000000000e-03
77	83	79	81	5.09050000000000e-03	1.00000000000000e-03
78	84	80	82	5.44560000000000e-03	1.00000000000000e-03
79	85	81	83	6.77250000000000e-03	1.00000000000000e-03
80	86	82	84	7.15660000000000e-03	1.00000000000000e-03
91	97	93	95	3.58340000000000e-03	1.00000000000000e-03
92	98	94	96	3.21760000000000e-03	1.00000000000000e-03
93	99	95	97	3.32950000000000e-03	1.00000000000000e-03
1	10	4	7	3.80760000000000e-03	1.00000000000000e-03
2	11	5	8	2.92210000000000e-03	1.00000000000000e-03
3	12	6	9	3.12980000000000e-03	1.00000000000000e-03
4	13	7	10	3.14860000000000e-03	1.00000000000000e-03
5	14	8	11	3.08210000000000e-03	1.00000000000000e-03
6	15	9	12	2.81940000000000e-03	1.00000000000000e-03
7	16	10	13	2.83410000000000e-03	1.00000000000000e-03
8	17	11	14	2.65360000000000e-03	1.00000000000000e-03
9	18	12	15	2.74100000000000e-03	1.00000000000000e-03
10	19	13	16	2.76040000000000e-03	1.00000000000000e-03
11	20	14	17	2.89030000000000e-03	1.00000000000000e-03
12	21	15	18	2.90330000000000e-03	1.00000000000000e-03
13	22	16	19	2.92430000000000e-03	1.00000000000000e-03
14	23	17	20	2.81180000000000e-03	1.00000000000000e-03
15	24	18	21	2.89150000000000e-03	1.00000000000000e-03
16	25	19	22	3.02690000000000e-03	1.00000000000000e-03
17	26	20	23	3.03220000000000e-03	1.00000000000000e-03
18	27	21	24	2.87140000000000e-03	1.00000000000000e-03
19	28	22	25	2.98500000000000e-03	1.00000000000000e-03
20	29	23	26	2.85790000000000e-03	1.00000000000000e-03
21	30	24	27	3.19090000000000e-03	1.00000000000000e-03
22	31	25	28	3.06120000000000e-03	1.00000000000000e-03
23	32	26	29	3.10140000000000e-03	1.00000000000000e-03
24	33	27	30	2.95220000000000e-03	1.00000000000000e-03
25	34	28	31	3.01130000000000e-03	1.00000000000000e-03
26	35	29	32	2.97360000000000e-03	1.00000000000000e-03
27	36	30	33	2.94970000000000e-03	1.00000000000000e-03
28	37	31	34	2.98280000000000e-03	1.00000000000000e-03
29	38	32	35	2.52400000000000e-03	1.00000000000000e-03
30	39	33	36	2.74180000000000e-03	1.00000000000000e-03
31	40	34	37	2.64460000000000e-03	1.00000000000000e-03
32	41	35	38	2.92490000000000e-03	1.00000000000000e-03
33	42	36	39	2.93900000000000e-03	1.00000000000000e-03
34	43	37	40	2.95420000000000e-03	1.00000000000000e-03
35	44	38	41	2.88260000000000e-03	1.00000000000000e-03
36	45	39	42	3.15240000000000e-03	1.00000000000000e-03
37	46	40	43	3.69160000000000e-03	1.00000000000000e-03
38	47	41	44	3.75720000000000e-03	1.00000000000000e-03
39	48	42	45	4.34010000000000e-03	1.00000000000000e-03
40	49	43	46	3.44710000000000e-03	1.00000000000000e-03
41	50	44	47	3.77720000000000e-03	1.00000000000000e-03
42	51	45	48	3.81930000000000e-03	1.00000000000000e-03
43	52	46	49	3.61320000000000e-03	1.00000000000000e-03
44	53	47	50	4.03760000000000e-03	1.00000000000000e-03
45	54	48	51	3.90920000000000e-03	1.00000000000000e-03
46	55	49	52	3.81860000000000e-03	1.00000000000000e-03
47	56	50	53	4.25430000000000e-03	1.00000000000000e-03
48	57	51	54	3.78390000000000e-03	1.00000000000000e-03
49	58	52	55	3.51320000000000e-03	1.00000000000000e-03
50	59	53	56	4.09680000000000e-03	1.00000000000000e-03
51	60	54	57	3.68960000000000e-03	1.00000000000000e-03
52	61	55	58	3.48830000000000e-03	1.00000000000000e-03
53	62	56	59	3.73780000000000e-03	1.00000000000000e-03
54	63	57	60	3.26930000000000e-03	1.00000000000000e-03
55	64	58	61	3.06400000000000e-03	1.00000000000000e-03
56	65	59	62	2.94860000000000e-03	1.00000000000000e-03
57	66	60	63	2.84420000000000e-03	1.00000000000000e-03
58	67	61	64	2.89310000000000e-03	1.00000000000000e-03
59	68	62	65	2.99380000000000e-03	1.00000000000000e-03
60	69	63	66	2.96130000000000e-03	1.00000000000000e-03
61	70	64	67	2.82310000000000e-03	1.00000000000000e-03
62	71	65	68	2.73860000000000e-03	1.00000000000000e-03
63	72	66	69	2.89610000000000e-03	1.00000000000000e-03
64	73	67	70	3.05150000000000e-03	1.00000000000000e-03
65	74	68	71	2.97190000000000e-03	1.00000000000000e-03
66	75	69	72	3.01260000000000e-03	1.00000000000000e-03
67	76	70	73	3.25520000000000e-03	1.00000000000000e-03
68	77	71	74	3.13030000000000e-03	1.00000000000000e-03
69	78	72	75	3.08770000000000e-03	1.00000000000000e-03
70	79	73	76	2.98500000000000e-03	1.00000000000000e-03
71	80	74	77	3.35900000000000e-03	1.00000000000000e-03
72	81	75	78	3.43140000000000e-03	1.00000000000000e-03
73	82	76	79	3.47830000000000e-03	1.00000000000000e-03
74	83	77	80	3.50690000000000e-03	1.00000000000000e-03
75	84	78	81	3.29540000000000e-03	1.00000000000000e-03
76	85	79	82	3.29010000000000e-03	1.00000000000000e-03
77	86	80	83	3.32970000000000e-03	1.00000000000000e-03
1	13	5	9	2.44560000000000e-03	1.00000000000000e-03
2	14	6	10	2.46890000000000e-03	1.00000000000000e-03
3	15	7	11	2.58900000000000e-03	1.00000000000000e-03
4	16	8	12	2.54860000000000e-03	1.00000000000000e-03
5	17	9	13	2.44230000000000e-03	1.00000000000000e-03
6	18	10	14	2.28790000000000e-03	1.00000000000000e-03
7	19	11	15	2.16470000000000e-03	1.00000000000000e-03
8	20	12	16	2.22340000000000e-03	1.00000000000000e-03
9	21	13	17	2.26290000000000e-03	1.00000000000000e-03
10	22	14	18	2.32720000000000e-03	1.00000000000000e-03
11	23	15	19	2.28510000000000e-03	1.00000000000000e-03
12	24	16	20	2.28460000000000e-03	1.00000000000000e-03
13	25	17	21	2.30970000000000e-03	1.00000000000000e-03
14	26	18	22	2.43910000000000e-03	1.00000000000000e-03
15	27	19	23	2.41110000000000e-03	1.00000000000000e-03
16	28	20	24	2.42270000000000e-03	1.00000000000000e-03
17	29	21	25	2.44350000000000e-03	1.00000000000000e-03
18	30	22	26	2.38540000000000e-03	1.00000000000000e-03
19	31	23	27	2.39790000000000e-03	1.00000000000000e-03
20	32	24	28	2.46200000000000e-03	1.00000000000000e-03
21	33	25	29	2.58880000000000e-03	1.00000000000000e-03
22	34	26	30	2.68310000000000e-03	1.00000000000000e-03
23	35	27	31	2.61250000000000e-03	1.00000000000000e-03
24	36	28	32	2.55440000000000e-03	1.00000000000000e-03
25	37	29	33	2.49160000000000e-03	1.00000000000000e-03
26	38	30	34	2.39040000000000e-03	1.00000000000000e-03
27	39	31	35	2.58890000000000e-03	1.00000000000000e-03
28	40	32	36	2.29220000000000e-03	1.00000000000000e-03
29	41	33	37	2.37060000000000e-03	1.00000000000000e-03
30	42	34	38	2.39320000000000e-03	1.00000000000000e-03
31	43	35	39	2.62700000000000e-03	1.00000000000000e-03
32	44	36	40	2.74290000000000e-03	1.00000000000000e-03
33	45	37	41	2.74330000000000e-03	1.00000000000000e-03
34	46	38	42	2.75140000000000e-03	1.00000000000000e-03
35	47	39	43	3.19400000000000e-03	1.00000000000000e-03
36	48	40	44	2.93620000000000e-03	1.00000000000000e-03
37	49	41	45	2.86020000000000e-03	1.00000000000000e-03
38	50	42	46	3.26460000000000e-03	1.00000000000000e-03
39	51	43	47	3.48640000000000e-03	1.00000000000000e-03
40	52	44	48	3.10070000000000e-03	1.00000000000000e-03
41	53	45	49	3.19730000000000e-03	1.00000000000000e-03
42	54	46	50	2.96560000000000e-03	1.00000000000000e-03
43	55	47	51	3.00450000000000e-03	1.00000000000000e-03
44	56	48	52	3.08640000000000e-03	1.00000000000000e-03
45	57	49	53	3.16660000000000e-03	1.00000000000000e-03
46	58	50	54	3.59630000000000e-03	1.00000000000000e-03
47	59	51	55	3.67490000000000e-03	1.00000000000000e-03
48	60	52	56	3.39930000000000e-03	1.00000000000000e-03
49	61	53	57	3.07450000000000e-03	1.00000000000000e-03
50	62	54	58	3.45340000000000e-03	1.00000000000000e-03
51	63	55	59	3.15620000000000e-03	1.00000000000000e-03
52	64	56	60	2.89270000000000e-03	1.00000000000000e-03
53	65	57	61	2.92010000000000e-03	1.00000000000000e-03
54	66	58	62	2.89860000000000e-03	1.00000000000000e-03
55	67	59	63	2.64670000000000e-03	1.00000000000000e-03
56	68	60	64	2.85760000000000e-03	1.00000000000000e-03
57	69	61	65	2.48830000000000e-03	1.00000000000000e-03
58	70	62	66	2.53370000000000e-03	1.00000000000000e-03
59	71	63	67	2.79990000000000e-03	1.00000000000000e-03
60	72	64	68	2.59650000000000e-03	1.00000000000000e-03
61	73	65	69	2.49850000000000e-03	1.00000000000000e-03
62	74	66	70	2.66090000000000e-03	1.00000000000000e-03
63	75	67	71	2.65500000000000e-03	1.00000000000000e-03
64	76	68	72	2.99650000000000e-03	1.00000000000000e-03
65	77	69	73	2.80030000000000e-03	1.00000000000000e-03
66	78	70	74	2.64460000000000e-03	1.00000000000000e-03
67	79	71	75	2.88180000000000e-03	1.00000000000000e-03
68	80	72	76	2.88540000000000e-03	1.00000000000000e-03
69	81	73	77	2.91230000000000e-03	1.00000000000000e-03
70	82	74	78	2.83350000000000e-03	1.00000000000000e-03
71	83	75	79	2.87530000000000e-03	1.00000000000000e-03
72	84	76	80	2.95250000000000e-03	1.00000000000000e-03
73	85	77	81	2.86600000000000e-03	1.00000000000000e-03
74	86	78	82	2.60950000000000e-03	1.00000000000000e-03
1	16	6	11	2.12570000000000e-03	1.00000000000000e-03
2	17	7	12	2.36130000000000e-03	1.00000000000000e-03
3	18	8	13	2.25200000000000e-03	1.00000000000000e-03
4	19	9	14	2.32000000000000e-03	1.00000000000000e-03
5	20	10	15	2.26300000000000e-03	1.00000000000000e-03
6	21	11	16	2.06010000000000e-03	1.00000000000000e-03
7	22	12	17	2.02720000000000e-03	1.00000000000000e-03
8	23	13	18	2.00929000000000e-02	1.00000000000000e-02
9	24	14	19	2.04415000000000e-02	1.00000000000000e-02
10	25	15	20	2.09040000000000e-02	1.00000000000000e-02
11	26	16	21	2.17179000000000e-02	1.00000000000000e-02
12	27	17	22	2.13377000000000e-02	1.00000000000000e-02
13	28	18	23	2.18350000000000e-02	1.00000000000000e-02
14	29	19	24	2.16282000000000e-02	1.00000000000000e-02
15	30	20	25	2.18681000000000e-02	1.00000000000000e-02
16	31	21	26	2.14534000000000e-02	1.00000000000000e-02
17	32	22	27	2.19613000000000e-02	1.00000000000000e-02
18	33	23	28	2.17228000000000e-02	1.00000000000000e-02
19	34	24	29	2.25664000000000e-02	1.00000000000000e-02
20	35	25	30	2.27133000000000e-02	1.00000000000000e-02
21	36	26	31	2.31603000000000e-02	1.00000000000000e-02
22	37	27	32	2.28132000000000e-02	1.00000000000000e-02
23	38	28	33	2.28718000000000e-02	1.00000000000000e-02
24	39	29	34	2.22502000000000e-02	1.00000000000000e-02
25	40	30	35	2.18579000000000e-02	1.00000000000000e-02
26	41	31	36	2.20804000000000e-02	1.00000000000000e-02
27	42	32	37	2.19724000000000e-02	1.00000000000000e-02
28	43	33	38	2.23371000000000e-02	1.00000000000000e-02
29	44	34	39	2.27078000000000e-02	1.00000000000000e-02
30	45	35	40	2.36005000000000e-02	1.00000000000000e-02
31	46	36	41	2.37837000000000e-02	1.00000000000000e-02
32	47	37	42	2.44023000000000e-02	1.00000000000000e-02
33	48	38	43	2.53814000000000e-02	1.00000000000000e-02
34	49	39	44	2.56308000000000e-02	1.00000000000000e-02
35	50	40	45	2.59386000000000e-02	1.00000000000000e-02
36	51	41	46	2.69027000000000e-02	1.00000000000000e-02
37	52	42	47	2.74550000000000e-02	1.00000000000000e-02
38	53	43	48	2.71574000000000e-02	1.00000000000000e-02
39	54	44	49	2.77355000000000e-02	1.00000000000000e-02
40	55	45	50	2.76767000000000e-02	1.00000000000000e-02
41	56	46	51	2.75519000000000e-02	1.00000000000000e-02
42	57	47	52	2.77155000000000e-02	1.00000000000000e-02
43	58	48	53	2.20934000000000e-02	1.00000000000000e-02
44	59	49	54	2.82134000000000e-02	1.00000000000000e-02
45	60	50	55	2.81754000000000e-02	1.00000000000000e-02
46	61	51	56	2.86801000000000e-02	1.00000000000000e-02
47	62	52	57	2.86249000000000e-02	1.00000000000000e-02
48	63	53	58	2.83123000000000e-02	1.00000000000000e-02
49	64	54	59	2.78541000000000e-02	1.00000000000000e-02
50	65	55	60	2.73749000000000e-02	1.00000000000000e-02
51	66	56	61	2.63553000000000e-02	1.00000000000000e-02
52	67	57	62	2.58052000000000e-02	1.00000000000000e-02
53	68	58	63	2.50918000000000e-02	1.00000000000000e-02
54	69	59	64	2.46392000000000e-02	1.00000000000000e-02
55	70	60	65	2.42552000000000e-02	1.00000000000000e-02
56	71	61	66	2.43064000000000e-02	1.00000000000000e-02
57	72	62	67	2.40986000000000e-02	1.00000000000000e-02
58	73	63	68	2.41492000000000e-02	1.00000000000000e-02
59	74	64	69	2.44229000000000e-02	1.00000000000000e-02
60	75	65	70	2.44999000000000e-02	1.00000000000000e-02
61	76	66	71	2.47091000000000e-02	1.00000000000000e-02
62	77	67	72	2.51061000000000e-02	1.00000000000000e-02
63	78	68	73	2.53676000000000e-02	1.00000000000000e-02
64	79	69	74	2.52931000000000e-02	1.00000000000000e-02
65	80	70	75	2.50960000000000e-02	1.00000000000000e-02
66	81	71	76	2.50696000000000e-02	1.00000000000000e-02
67	82	72	77	2.55313000000000e-02	1.00000000000000e-02
68	83	73	78	2.56981000000000e-02	1.00000000000000e-02
69	84	74	79	2.51237000000000e-02	1.00000000000000e-02
70	85	75	80	2.50956000000000e-02	1.00000000000000e-02
71	86	76	81	2.49583000000000e-02	1.00000000000000e-02
1	19	7	13	2.05824000000000e-02	1.00000000000000e-02
2	20	8	14	2.00530000000000e-02	1.00000000000000e-02
3	21	9	15	2.01363000000000e-02	1.00000000000000e-02
4	22	10	16	1.99265000000000e-02	1.00000000000000e-02
5	23	11	17	1.94909000000000e-02	1.00000000000000e-02
6	24	12	18	1.97210000000000e-02	1.00000000000000e-02
7	25	13	19	1.93758000000000e-02	1.00000000000000e-02
8	26	14	20	1.99100000000000e-02	1.00000000000000e-02
9	27	15	21	2.01929000000000e-02	1.00000000000000e-02
10	28	16	22	2.03027000000000e-02	1.00000000000000e-02
11	29	17	23	2.05656000000000e-02	1.00000000000000e-02
12	30	18	24	2.00749000000000e-02	1.00000000000000e-02
13	31	19	25	2.07683000000000e-02	1.00000000000000e-02
14	32	20	26	2.05508000000000e-02	1.00000000000000e-02
15	33	21	27	2.07242000000000e-02	1.00000000000000e-02
16	34	22	28	2.08846000000000e-02	1.00000000000000e-02
17	35	23	29	2.10012000000000e-02	1.00000000000000e-02
18	36	24	30	2.15443000000000e-02	1.00000000000000e-02
19	37	25	31	2.12071000000000e-02	1.00000000000000e-02
20	38	26	32	2.15141000000000e-02	1.00000000000000e-02
21	39	27	33	2.14822000000000e-02	1.00000000000000e-02
22	40	28	34	2.13351000000000e-02	1.00000000000000e-02
23	41	29	35	2.07327000000000e-02	1.00000000000000e-02
24	42	30	36	2.06506000000000e-02	1.00000000000000e-02
25	43	31	37	2.07126000000000e-02	1.00000000000000e-02
26	44	32	38	2.10771000000000e-02	1.00000000000000e-02
27	45	33	39	2.11578000000000e-02	1.00000000000000e-02
28	46	34	40	2.14930000000000e-02	1.00000000000000e-02
29	47	35	41	2.21218000000000e-02	1.00000000000000e-02
30	48	36	42	2.22988000000000e-02	1.00000000000000e-02
31	49	37	43	2.36397000000000e-02	1.00000000000000e-02
32	50	38	44	2.35816000000000e-02	1.00000000000000e-02
33	51	39	45	2.41098000000000e-02	1.00000000000000e-02
34	52	40	46	2.48467000000000e-02	1.00000000000000e-02
35	53	41	47	2.53529000000000e-02	1.00000000000000e-02
36	54	42	48	2.55751000000000e-02	1.00000000000000e-02
37	55	43	49	2.49739000000000e-02	1.00000000000000e-02
38	56	44	50	2.57845000000000e-02	1.00000000000000e-02
39	57	45	51	2.54939000000000e-02	1.00000000000000e-02
40	58	46	52	2.54941000000000e-02	1.00000000000000e-02
41	59	47	53	2.54323000000000e-02	1.00000000000000e-02
42	60	48	54	2.57241000000000e-02	1.00000000000000e-02
43	61	49	55	2.65808000000000e-02	1.00000000000000e-02
44	62	50	56	2.61770000000000e-02	1.00000000000000e-02
45	63	51	57	2.65982000000000e-02	1.00000000000000e-02
46	64	52	58	2.65388000000000e-02	1.00000000000000e-02
47	65	53	59	2.65868000000000e-02	1.00000000000000e-02
48	66	54	60	2.58444000000000e-02	1.00000000000000e-02
49	67	55	61	2.51914000000000e-02	1.00000000000000e-02
50	68	56	62	2.47309000000000e-02	1.00000000000000e-02
51	69	57	63	2.37587000000000e-02	1.00000000000000e-02
52	70	58	64	2.35909000000000e-02	1.00000000000000e-02
53	71	59	65	2.31773000000000e-02	1.00000000000000e-02
54	72	60	66	2.27663000000000e-02	1.00000000000000e-02
55	73	61	67	2.27977000000000e-02	1.00000000000000e-02
56	74	62	68	2.27604000000000e-02	1.00000000000000e-02
57	75	63	69	2.31905000000000e-02	1.00000000000000e-02
58	76	64	70	2.34291000000000e-02	1.00000000000000e-02
59	77	65	71	2.33697000000000e-02	1.00000000000000e-02
60	78	66	72	2.37339000000000e-02	1.00000000000000e-02
61	79	67	73	2.39918000000000e-02	1.00000000000000e-02
62	80	68	74	2.40178000000000e-02	1.00000000000000e-02
63	81	69	75	2.39062000000000e-02	1.00000000000000e-02
64	82	70	76	2.36718000000000e-02	1.00000000000000e-02
65	83	71	77	2.41136000000000e-02	1.00000000000000e-02
66	84	72	78	2.36985000000000e-02	1.00000000000000e-02
67	85	73	79	2.33005000000000e-02	1.00000000000000e-02
68	86	74	80	2.30314000000000e-02	1.00000000000000e-02
74	91	80	86	2.17542000000000e-02	1.00000000000000e-02
80	97	86	91	2.20265000000000e-02	1.00000000000000e-02
1	22	8	15	1.90919000000000e-02	1.00000000000000e-02
2	23	9	16	1.86926000000000e-02	1.00000000000000e-02
3	24	10	17	1.90341000000000e-02	1.00000000000000e-02
4	25	11	18	1.90108000000000e-02	1.00000000000000e-02
5	26	12	19	1.93147000000000e-02	1.00000000000000e-02
6	27	13	20	1.89620000000000e-02	1.00000000000000e-02
7	28	14	21	1.93048000000000e-02	1.00000000000000e-02
8	29	15	22	1.93395000000000e-02	1.00000000000000e-02
9	30	16	23	1.96882000000000e-02	1.00000000000000e-02
10	31	17	24	1.95082000000000e-02	1.00000000000000e-02
11	32	18	25	1.97560000000000e-02	1.00000000000000e-02
12	33	19	26	1.97306000000000e-02	1.00000000000000e-02
13	34	20	27	2.01253000000000e-02	1.00000000000000e-02
14	35	21	28	2.02512000000000e-02	1.00000000000000e-02
15	36	22	29	2.03522000000000e-02	1.00000000000000e-02
16	37	23	30	2.02484000000000e-02	1.00000000000000e-02
17	38	24	31	2.04754000000000e-02	1.00000000000000e-02
18	39	25	32	2.05646000000000e-02	1.00000000000000e-02
19	40	26	33	2.06129000000000e-02	1.00000000000000e-02
20	41	27	34	2.02331000000000e-02	1.00000000000000e-02
21	42	28	35	1.99523000000000e-02	1.00000000000000e-02
22	43	29	36	1.95836000000000e-02	1.00000000000000e-02
23	44	30	37	1.97281000000000e-02	1.00000000000000e-02
24	45	31	38	1.98976000000000e-02	1.00000000000000e-02
25	46	32	39	1.98648000000000e-02	1.00000000000000e-02
26	47	33	40	2.00149000000000e-02	1.00000000000000e-02
27	48	34	41	2.00983000000000e-02	1.00000000000000e-02
28	49	35	42	2.08520000000000e-02	1.00000000000000e-02
29	50	36	43	2.21130000000000e-02	1.00000000000000e-02
30	51	37	44	2.22310000000000e-02	1.00000000000000e-02
31	52	38	45	2.23540000000000e-02	1.00000000000000e-02
32	53	39	46	2.34352000000000e-02	1.00000000000000e-02
33	54	40	47	2.36635000000000e-02	1.00000000000000e-02
34	55	41	48	2.39020000000000e-02	1.00000000000000e-02
35	56	42	49	2.40573000000000e-02	1.00000000000000e-02
36	57	43	50	2.36493000000000e-02	1.00000000000000e-02
37	58	44	51	2.38841000000000e-02	1.00000000000000e-02
38	59	45	52	2.38511000000000e-02	1.00000000000000e-02
39	60	46	53	2.36366000000000e-02	1.00000000000000e-02
40	61	47	54	2.42956000000000e-02	1.00000000000000e-02
41	62	48	55	2.43247000000000e-02	1.00000000000000e-02
42	63	49	56	2.42538000000000e-02	1.00000000000000e-02
43	64	50	57	2.50989000000000e-02	1.00000000000000e-02
44	65	51	58	2.49375000000000e-02	1.00000000000000e-02
45	66	52	59	2.46036000000000e-02	1.00000000000000e-02
46	67	53	60	2.47060000000000e-02	1.00000000000000e-02
47	68	54	61	2.44912000000000e-02	1.00000000000000e-02
48	69	55	62	2.35955000000000e-02	1.00000000000000e-02
49	70	56	63	2.28694000000000e-02	1.00000000000000e-02
50	71	57	64	2.24258000000000e-02	1.00000000000000e-02
51	72	58	65	2.23441000000000e-02	1.00000000000000e-02
52	73	59	66	2.18466000000000e-02	1.00000000000000e-02
53	74	60	67	2.15099000000000e-02	1.00000000000000e-02
54	75	61	68	2.16988000000000e-02	1.00000000000000e-02
55	76	62	69	2.16101000000000e-02	1.00000000000000e-02
56	77	63	70	2.18521000000000e-02	1.00000000000000e-02
57	78	64	71	2.19135000000000e-02	1.00000000000000e-02
58	79	65	72	2.25302000000000e-02	1.00000000000000e-02
59	80	66	73	2.31688000000000e-02	1.00000000000000e-02
60	81	67	74	2.28193000000000e-02	1.00000000000000e-02
61	82	68	75	2.27208000000000e-02	1.00000000000000e-02
62	83	69	76	2.29157000000000e-02	1.00000000000000e-02
63	84	70	77	2.24394000000000e-02	1.00000000000000e-02
64	85	71	78	2.26176000000000e-02	1.00000000000000e-02
65	86	72	79	2.25328000000000e-02	1.00000000000000e-02
71	91	78	85	2.07838000000000e-02	1.00000000000000e-02
72	92	79	86	2.09516000000000e-02	1.00000000000000e-02
78	98	85	91	2.09395000000000e-02	1.00000000000000e-02
79	99	86	92	1.97657000000000e-02	1.00000000000000e-02
1	25	9	17	1.80366000000000e-02	1.00000000000000e-02
2	26	10	18	1.84450000000000e-02	1.00000000000000e-02
3	27	11	19	1.79738000000000e-02	1.00000000000000e-02
4	28	12	20	1.86990000000000e-02	1.00000000000000e-02
5	29	13	21	1.87909000000000e-02	1.00000000000000e-02
6	30	14	22	1.86069000000000e-02	1.00000000000000e-02
7	31	15	23	1.88939000000000e-02	1.00000000000000e-02
8	32	16	24	1.89530000000000e-02	1.00000000000000e-02
9	33	17	25	1.91458000000000e-02	1.00000000000000e-02
10	34	18	26	1.94250000000000e-02	1.00000000000000e-02
11	35	19	27	1.96801000000000e-02	1.00000000000000e-02
12	36	20	28	1.98371000000000e-02	1.00000000000000e-02
13	37	21	29	1.97751000000000e-02	1.00000000000000e-02
14	38	22	30	1.99557000000000e-02	1.00000000000000e-02
15	39	23	31	1.98102000000000e-02	1.00000000000000e-02
16	40	24	32	1.98986000000000e-02	1.00000000000000e-02
17	41	25	33	1.97454000000000e-02	1.00000000000000e-02
18	42	26	34	1.98983000000000e-02	1.00000000000000e-02
19	43	27	35	1.90989000000000e-02	1.00000000000000e-02
20	44	28	36	1.86884000000000e-02	1.00000000000000e-02
21	45	29	37	1.86178000000000e-02	1.00000000000000e-02
22	46	30	38	1.91068000000000e-02	1.00000000000000e-02
23	47	31	39	1.89827000000000e-02	1.00000000000000e-02
24	48	32	40	1.87714000000000e-02	1.00000000000000e-02
25	49	33	41	1.90497000000000e-02	1.00000000000000e-02
26	50	34	42	1.95446000000000e-02	1.00000000000000e-02
27	51	35	43	2.06847000000000e-02	1.00000000000000e-02
28	52	36	44	2.06586000000000e-02	1.00000000000000e-02
29	53	37	45	2.14563000000000e-02	1.00000000000000e-02
30	54	38	46	2.17376000000000e-02	1.00000000000000e-02
31	55	39	47	2.18921000000000e-02	1.00000000000000e-02
32	56	40	48	2.24627000000000e-02	1.00000000000000e-02
33	57	41	49	2.24508000000000e-02	1.00000000000000e-02
34	58	42	50	2.31939000000000e-02	1.00000000000000e-02
35	59	43	51	2.21823000000000e-02	1.00000000000000e-02
36	60	44	52	2.27267000000000e-02	1.00000000000000e-02
37	61	45	53	2.27516000000000e-02	1.00000000000000e-02
38	62	46	54	2.32003000000000e-02	1.00000000000000e-02
39	63	47	55	2.31710000000000e-02	1.00000000000000e-02
40	64	48	56	2.33341000000000e-02	1.00000000000000e-02
41	65	49	57	2.35284000000000e-02	1.00000000000000e-02
42	66	50	58	2.34221000000000e-02	1.00000000000000e-02
43	67	51	59	2.36664000000000e-02	1.00000000000000e-02
44	68	52	60	2.31085000000000e-02	1.00000000000000e-02
45	69	53	61	2.30599000000000e-02	1.00000000000000e-02
46	70	54	62	2.31267000000000e-02	1.00000000000000e-02
47	71	55	63	2.24167000000000e-02	1.00000000000000e-02
48	72	56	64	2.17605000000000e-02	1.00000000000000e-02
49	73	57	65	2.10715000000000e-02	1.00000000000000e-02
50	74	58	66	2.09615000000000e-02	1.00000000000000e-02
51	75	59	67	2.05592000000000e-02	1.00000000000000e-02
52	76	60	68	2.03783000000000e-02	1.00000000000000e-02
53	77	61	69	2.04709000000000e-02	1.00000000000000e-02
54	78	62	70	2.08008000000000e-02	1.00000000000000e-02
55	79	63	71	2.10455000000000e-02	1.00000000000000e-02
56	80	64	72	2.11964000000000e-02	1.00000000000000e-02
57	81	65	73	2.18239000000000e-02	1.00000000000000e-02
58	82	66	74	2.22049000000000e-02	1.00000000000000e-02
59	83	67	75	2.20285000000000e-02	1.00000000000000e-02
60	84	68	76	2.17285000000000e-02	1.00000000000000e-02
61	85	69	77	2.17835000000000e-02	1.00000000000000e-02
62	86	70	78	2.16475000000000e-02	1.00000000000000e-02
68	91	76	84	2.02603000000000e-02	1.00000000000000e-02
69	92	77	85	2.00751000000000e-02	1.00000000000000e-02
70	93	78	86	2.01847000000000e-02	1.00000000000000e-02
76	99	84	91	2.01292000000000e-02	1.00000000000000e-02
1	28	10	19	1.74812000000000e-02	1.00000000000000e-02
2	29	11	20	1.74489000000000e-02	1.00000000000000e-02
3	30	12	21	1.79029000000000e-02	1.00000000000000e-02
4	31	13	22	1.83732000000000e-02	1.00000000000000e-02
5	32	14	23	1.85623000000000e-02	1.00000000000000e-02
6	33	15	24	1.82915000000000e-02	1.00000000000000e-02
7	34	16	25	1.87241000000000e-02	1.00000000000000e-02
8	35	17	26	1.88012000000000e-02	1.00000000000000e-02
9	36	18	27	1.91778000000000e-02	1.00000000000000e-02
10	37	19	28	1.93795000000000e-02	1.00000000000000e-02
11	38	20	29	1.95595000000000e-02	1.00000000000000e-02
12	39	21	30	1.94942000000000e-02	1.00000000000000e-02
13	40	22	31	1.95147000000000e-02	1.00000000000000e-02
14	41	23	32	1.94457000000000e-02	1.00000000000000e-02
15	42	24	33	1.93685000000000e-02	1.00000000000000e-02
16	43	25	34	1.88398000000000e-02	1.00000000000000e-02
17	44	26	35	1.86156000000000e-02	1.00000000000000e-02
18	45	27	36	1.84275000000000e-02	1.00000000000000e-02
19	46	28	37	1.80770000000000e-02	1.00000000000000e-02
20	47	29	38	1.80087000000000e-02	1.00000000000000e-02
21	48	30	39	1.76594000000000e-02	1.00000000000000e-02
22	49	31	40	1.77691000000000e-02	1.00000000000000e-02
23	50	32	41	1.79893000000000e-02	1.00000000000000e-02
24	51	33	42	1.81152000000000e-02	1.00000000000000e-02
25	52	34	43	1.91074000000000e-02	1.00000000000000e-02
26	53	35	44	1.96671000000000e-02	1.00000000000000e-02
27	54	36	45	1.98769000000000e-02	1.00000000000000e-02
28	55	37	46	2.04087000000000e-02	1.00000000000000e-02
29	56	38	47	2.06733000000000e-02	1.00000000000000e-02
30	57	39	48	1.92194000000000e-02	1.00000000000000e-02
31	58	40	49	2.13146000000000e-02	1.00000000000000e-02
32	59	41	50	2.18526000000000e-02	1.00000000000000e-02
33	60	42	51	2.19036000000000e-02	1.00000000000000e-02
34	61	43	52	2.17580000000000e-02	1.00000000000000e-02
35	62	44	53	2.17156000000000e-02	1.00000000000000e-02
36	63	45	54	2.18602000000000e-02	1.00000000000000e-02
37	64	46	55	2.19312000000000e-02	1.00000000000000e-02
38	65	47	56	2.21718000000000e-02	1.00000000000000e-02
39	66	48	57	2.24794000000000e-02	1.00000000000000e-02
40	67	49	58	2.23144000000000e-02	1.00000000000000e-02
41	68	50	59	2.20913000000000e-02	1.00000000000000e-02
42	69	51	60	2.20428000000000e-02	1.00000000000000e-02
43	70	52	61	2.21238000000000e-02	1.00000000000000e-02
44	71	53	62	2.18376000000000e-02	1.00000000000000e-02
45	72	54	63	2.12538000000000e-02	1.00000000000000e-02
46	73	55	64	2.09819000000000e-02	1.00000000000000e-02
47	74	56	65	2.07663000000000e-02	1.00000000000000e-02
48	75	57	66	1.98922000000000e-02	1.00000000000000e-02
49	76	58	67	1.93603000000000e-02	1.00000000000000e-02
50	77	59	68	1.94602000000000e-02	1.00000000000000e-02
51	78	60	69	1.93867000000000e-02	1.00000000000000e-02
52	79	61	70	1.95910000000000e-02	1.00000000000000e-02
53	80	62	71	1.97777000000000e-02	1.00000000000000e-02
54	81	63	72	2.02026000000000e-02	1.00000000000000e-02
55	82	64	73	2.06627000000000e-02	1.00000000000000e-02
56	83	65	74	2.06899000000000e-02	1.00000000000000e-02
57	84	66	75	2.06721000000000e-02	1.00000000000000e-02
58	85	67	76	2.08108000000000e-02	1.00000000000000e-02
59	86	68	77	2.09152000000000e-02	1.00000000000000e-02
65	91	74	83	1.95319000000000e-02	1.00000000000000e-02
66	92	75	84	1.99627000000000e-02	1.00000000000000e-02
67	93	76	85	1.98765000000000e-02	1.00000000000000e-02
68	94	77	86	1.96916000000000e-02	1.00000000000000e-02
1	31	11	21	1.69362000000000e-02	1.00000000000000e-02
2	32	12	22	1.71564000000000e-02	1.00000000000000e-02
3	33	13	23	1.76534000000000e-02	1.00000000000000e-02
4	34	14	24	1.79509000000000e-02	1.00000000000000e-02
5	35	15	25	1.85321000000000e-02	1.00000000000000e-02
6	36	16	26	1.84163000000000e-02	1.00000000000000e-02
7	37	17	27	1.87000000000000e-02	1.00000000000000e-02
8	38	18	28	1.87105000000000e-02	1.00000000000000e-02
9	39	19	29	1.92340000000000e-02	1.00000000000000e-02
10	40	20	30	1.93098000000000e-02	1.00000000000000e-02
11	41	21	31	1.92505000000000e-02	1.00000000000000e-02
12	42	22	32	1.91272000000000e-02	1.00000000000000e-02
13	43	23	33	1.86783000000000e-02	1.00000000000000e-02
14	44	24	34	1.86301000000000e-02	1.00000000000000e-02
15	45	25	35	1.80764000000000e-02	1.00000000000000e-02
16	46	26	36	2.10740000000000e-03	1.00000000000000e-03
17	47	27	37	1.76048000000000e-02	1.00000000000000e-02
18	48	28	38	1.74236000000000e-02	1.00000000000000e-02
19	49	29	39	1.71080000000000e-02	1.00000000000000e-02
20	50	30	40	1.69734000000000e-02	1.00000000000000e-02
21	51	31	41	1.70904000000000e-02	1.00000000000000e-02
22	52	32	42	1.72732000000000e-02	1.00000000000000e-02
23	53	33	43	1.80248000000000e-02	1.00000000000000e-02
24	54	34	44	1.80716000000000e-02	1.00000000000000e-02
25	55	35	45	1.87420000000000e-02	1.00000000000000e-02
26	56	36	46	1.92691000000000e-02	1.00000000000000e-02
27	57	37	47	1.94646000000000e-02	1.00000000000000e-02
28	58	38	48	1.98423000000000e-02	1.00000000000000e-02
29	59	39	49	2.01078000000000e-02	1.00000000000000e-02
30	60	40	50	2.03413000000000e-02	1.00000000000000e-02
31	61	41	51	2.08147000000000e-02	1.00000000000000e-02
32	62	42	52	2.11487000000000e-02	1.00000000000000e-02
33	63	43	53	2.09630000000000e-02	1.00000000000000e-02
34	64	44	54	2.14536000000000e-02	1.00000000000000e-02
35	65	45	55	2.15021000000000e-02	1.00000000000000e-02
36	66	46	56	2.12890000000000e-02	1.00000000000000e-02
37	67	47	57	2.13257000000000e-02	1.00000000000000e-02
38	68	48	58	2.12815000000000e-02	1.00000000000000e-02
39	69	49	59	2.14367000000000e-02	1.00000000000000e-02
40	70	50	60	2.09119000000000e-02	1.00000000000000e-02
41	71	51	61	2.06378000000000e-02	1.00000000000000e-02
42	72	52	62	2.06166000000000e-02	1.00000000000000e-02
43	73	53	63	2.04144000000000e-02	1.00000000000000e-02
44	74	54	64	2.01339000000000e-02	1.00000000000000e-02
45	75	55	65	1.95516000000000e-02	1.00000000000000e-02
46	76	56	66	1.93527000000000e-02	1.00000000000000e-02
47	77	57	67	1.90124000000000e-02	1.00000000000000e-02
48	78	58	68	1.87680000000000e-02	1.00000000000000e-02
49	79	59	69	1.84066000000000e-02	1.00000000000000e-02
50	80	60	70	1.86398000000000e-02	1.00000000000000e-02
51	81	61	71	1.87639000000000e-02	1.00000000000000e-02
52	82	62	72	1.90077000000000e-02	1.00000000000000e-02
53	83	63	73	1.93622000000000e-02	1.00000000000000e-02
54	84	64	74	1.92872000000000e-02	1.00000000000000e-02
55	85	65	75	1.96592000000000e-02	1.00000000000000e-02
56	86	66	76	1.95777000000000e-02	1.00000000000000e-02
62	91	72	82	1.95597000000000e-02	1.00000000000000e-02
63	92	73	83	1.93309000000000e-02	1.00000000000000e-02
64	93	74	84	1.96969000000000e-02	1.00000000000000e-02
65	94	75	85	1.94836000000000e-02	1.00000000000000e-02
66	95	76	86	1.94387000000000e-02	1.00000000000000e-02
1	34	12	23	1.69565000000000e-02	1.00000000000000e-02
2	35	13	24	1.70380000000000e-02	1.00000000000000e-02
3	36	14	25	1.75825000000000e-02	1.00000000000000e-02
4	37	15	26	1.79797000000000e-02	1.00000000000000e-02
5	38	16	27	1.84302000000000e-02	1.00000000000000e-02
6	39	17	28	1.84077000000000e-02	1.00000000000000e-02
7	40	18	29	1.85189000000000e-02	1.00000000000000e-02
8	41	19	30	1.88098000000000e-02	1.00000000000000e-02
9	42	20	31	1.88025000000000e-02	1.00000000000000e-02
10	43	21	32	1.87705000000000e-02	1.00000000000000e-02
11	44	22	33	1.83574000000000e-02	1.00000000000000e-02
12	45	23	34	1.79981000000000e-02	1.00000000000000e-02
13	46	24	35	1.78238000000000e-02	1.00000000000000e-02
14	47	25	36	1.86739000000000e-02	1.00000000000000e-02
15	48	26	37	1.72226000000000e-02	1.00000000000000e-02
16	49	27	38	1.68995000000000e-02	1.00000000000000e-02
17	50	28	39	1.67549000000000e-02	1.00000000000000e-02
18	51	29	40	1.64763000000000e-02	1.00000000000000e-02
19	52	30	41	1.63065000000000e-02	1.00000000000000e-02
20	53	31	42	1.66343000000000e-02	1.00000000000000e-02
21	54	32	43	1.71200000000000e-02	1.00000000000000e-02
22	55	33	44	1.69935000000000e-02	1.00000000000000e-02
23	56	34	45	1.74275000000000e-02	1.00000000000000e-02
24	57	35	46	1.79899000000000e-02	1.00000000000000e-02
25	58	36	47	1.84119000000000e-02	1.00000000000000e-02
26	59	37	48	1.87190000000000e-02	1.00000000000000e-02
27	60	38	49	1.89611000000000e-02	1.00000000000000e-02
28	61	39	50	1.94706000000000e-02	1.00000000000000e-02
29	62	40	51	1.98765000000000e-02	1.00000000000000e-02
30	63	41	52	2.02516000000000e-02	1.00000000000000e-02
31	64	42	53	2.03174000000000e-02	1.00000000000000e-02
32	65	43	54	2.04441000000000e-02	1.00000000000000e-02
33	66	44	55	2.06646000000000e-02	1.00000000000000e-02
34	67	45	56	2.08206000000000e-02	1.00000000000000e-02
35	68	46	57	2.07809000000000e-02	1.00000000000000e-02
36	69	47	58	2.04900000000000e-02	1.00000000000000e-02
37	70	48	59	2.05297000000000e-02	1.00000000000000e-02
38	71	49	60	2.03209000000000e-02	1.00000000000000e-02
39	72	50	61	2.01232000000000e-02	1.00000000000000e-02
40	73	51	62	1.95985000000000e-02	1.00000000000000e-02
41	74	52	63	1.93018000000000e-02	1.00000000000000e-02
42	75	53	64	1.91229000000000e-02	1.00000000000000e-02
43	76	54	65	1.89432000000000e-02	1.00000000000000e-02
44	77	55	66	1.82575000000000e-02	1.00000000000000e-02
45	78	56	67	1.80688000000000e-02	1.00000000000000e-02
46	79	57	68	1.80337000000000e-02	1.00000000000000e-02
47	80	58	69	1.80581000000000e-02	1.00000000000000e-02
48	81	59	70	1.77593000000000e-02	1.00000000000000e-02
49	82	60	71	1.77692000000000e-02	1.00000000000000e-02
50	83	61	72	1.81670000000000e-02	1.00000000000000e-02
51	84	62	73	1.80750000000000e-02	1.00000000000000e-02
52	85	63	74	1.82947000000000e-02	1.00000000000000e-02
53	86	64	75	1.84227000000000e-02	1.00000000000000e-02
59	91	70	81	1.93762000000000e-02	1.00000000000000e-02
60	92	71	82	1.93598000000000e-02	1.00000000000000e-02
61	93	72	83	1.90949000000000e-02	1.00000000000000e-02
62	94	73	84	1.93162000000000e-02	1.00000000000000e-02
63	95	74	85	1.89572000000000e-02	1.00000000000000e-02
64	96	75	86	1.89052000000000e-02	1.00000000000000e-02
1	37	13	25	1.68100000000000e-02	1.00000000000000e-02
2	38	14	26	1.70866000000000e-02	1.00000000000000e-02
3	39	15	27	1.75564000000000e-02	1.00000000000000e-02
4	40	16	28	1.80929000000000e-02	1.00000000000000e-02
5	41	17	29	1.84142000000000e-02	1.00000000000000e-02
6	42	18	30	1.82908000000000e-02	1.00000000000000e-02
7	43	19	31	1.82474000000000e-02	1.00000000000000e-02
8	44	20	32	1.80351000000000e-02	1.00000000000000e-02
9	45	21	33	1.79757000000000e-02	1.00000000000000e-02
10	46	22	34	1.79126000000000e-02	1.00000000000000e-02
11	47	23	35	1.74448000000000e-02	1.00000000000000e-02
12	48	24	36	1.70147000000000e-02	1.00000000000000e-02
13	49	25	37	1.67469000000000e-02	1.00000000000000e-02
14	50	26	38	1.68477000000000e-02	1.00000000000000e-02
15	51	27	39	1.63166000000000e-02	1.00000000000000e-02
16	52	28	40	1.61206000000000e-02	1.00000000000000e-02
17	53	29	41	1.59868000000000e-02	1.00000000000000e-02
18	54	30	42	1.61492000000000e-02	1.00000000000000e-02
19	55	31	43	1.63342000000000e-02	1.00000000000000e-02
20	56	32	44	1.62166000000000e-02	1.00000000000000e-02
21	57	33	45	1.65415000000000e-02	1.00000000000000e-02
22	58	34	46	1.69538000000000e-02	1.00000000000000e-02
23	59	35	47	1.74419000000000e-02	1.00000000000000e-02
24	60	36	48	1.76820000000000e-02	1.00000000000000e-02
25	61	37	49	1.79987000000000e-02	1.00000000000000e-02
26	62	38	50	1.83897000000000e-02	1.00000000000000e-02
27	63	39	51	1.88023000000000e-02	1.00000000000000e-02
28	64	40	52	1.92408000000000e-02	1.00000000000000e-02
29	65	41	53	1.97047000000000e-02	1.00000000000000e-02
30	66	42	54	1.98652000000000e-02	1.00000000000000e-02
31	67	43	55	1.98443000000000e-02	1.00000000000000e-02
32	68	44	56	2.02555000000000e-02	1.00000000000000e-02
33	69	45	57	2.02564000000000e-02	1.00000000000000e-02
34	70	46	58	1.99406000000000e-02	1.00000000000000e-02
35	71	47	59	1.95756000000000e-02	1.00000000000000e-02
36	72	48	60	1.97039000000000e-02	1.00000000000000e-02
37	73	49	61	1.91634000000000e-02	1.00000000000000e-02
38	74	50	62	1.90140000000000e-02	1.00000000000000e-02
39	75	51	63	1.87951000000000e-02	1.00000000000000e-02
40	76	52	64	1.83501000000000e-02	1.00000000000000e-02
41	77	53	65	1.78496000000000e-02	1.00000000000000e-02
42	78	54	66	1.76108000000000e-02	1.00000000000000e-02
43	79	55	67	1.75704000000000e-02	1.00000000000000e-02
44	80	56	68	1.73034000000000e-02	1.00000000000000e-02
45	81	57	69	1.71779000000000e-02	1.00000000000000e-02
46	82	58	70	1.72453000000000e-02	1.00000000000000e-02
47	83	59	71	1.71157000000000e-02	1.00000000000000e-02
48	84	60	72	1.68757000000000e-02	1.00000000000000e-02
49	85	61	73	1.71650000000000e-02	1.00000000000000e-02
50	86	62	74	1.73759000000000e-02	1.00000000000000e-02
56	91	68	80	1.86631000000000e-02	1.00000000000000e-02
57	92	69	81	1.88906000000000e-02	1.00000000000000e-02
58	93	70	82	1.87747000000000e-02	1.00000000000000e-02
59	94	71	83	1.87396000000000e-02	1.00000000000000e-02
60	95	72	84	1.88369000000000e-02	1.00000000000000e-02
61	96	73	85	1.86749000000000e-02	1.00000000000000e-02
62	97	74	86	1.86076000000000e-02	1.00000000000000e-02
1	40	14	27	1.68256000000000e-02	1.00000000000000e-02
2	41	15	28	1.71778000000000e-02	1.00000000000000e-02
3	42	16	29	1.75738000000000e-02	1.00000000000000e-02
4	43	17	30	1.76990000000000e-02	1.00000000000000e-02
5	44	18	31	1.77931000000000e-02	1.00000000000000e-02
6	45	19	32	1.77909000000000e-02	1.00000000000000e-02
7	46	20	33	1.75636000000000e-02	1.00000000000000e-02
8	47	21	34	1.72619000000000e-02	1.00000000000000e-02
9	48	22	35	1.68601000000000e-02	1.00000000000000e-02
10	49	23	36	1.67204000000000e-02	1.00000000000000e-02
11	50	24	37	1.66751000000000e-02	1.00000000000000e-02
12	51	25	38	1.63435000000000e-02	1.00000000000000e-02
13	52	26	39	1.61511000000000e-02	1.00000000000000e-02
14	53	27	40	1.59299000000000e-02	1.00000000000000e-02
15	54	28	41	1.55746000000000e-02	1.00000000000000e-02
16	55	29	42	1.55494000000000e-02	1.00000000000000e-02
17	56	30	43	1.57631000000000e-02	1.00000000000000e-02
18	57	31	44	1.58088000000000e-02	1.00000000000000e-02
19	58	32	45	1.58338000000000e-02	1.00000000000000e-02
20	59	33	46	1.60730000000000e-02	1.00000000000000e-02
21	60	34	47	1.64524000000000e-02	1.00000000000000e-02
22	61	35	48	1.69958000000000e-02	1.00000000000000e-02
23	62	36	49	1.72352000000000e-02	1.00000000000000e-02
24	63	37	50	1.74886000000000e-02	1.00000000000000e-02
25	64	38	51	1.79185000000000e-02	1.00000000000000e-02
26	65	39	52	1.83382000000000e-02	1.00000000000000e-02
27	66	40	53	1.88538000000000e-02	1.00000000000000e-02
28	67	41	54	1.91353000000000e-02	1.00000000000000e-02
29	68	42	55	1.94075000000000e-02	1.00000000000000e-02
30	69	43	56	1.94458000000000e-02	1.00000000000000e-02
31	70	44	57	1.95976000000000e-02	1.00000000000000e-02
32	71	45	58	1.95109000000000e-02	1.00000000000000e-02
33	72	46	59	1.91899000000000e-02	1.00000000000000e-02
34	73	47	60	1.88875000000000e-02	1.00000000000000e-02
35	74	48	61	1.86118000000000e-02	1.00000000000000e-02
36	75	49	62	1.83504000000000e-02	1.00000000000000e-02
37	76	50	63	1.79072000000000e-02	1.00000000000000e-02
38	77	51	64	1.76818000000000e-02	1.00000000000000e-02
39	78	52	65	1.72773000000000e-02	1.00000000000000e-02
40	79	53	66	1.71140000000000e-02	1.00000000000000e-02
41	80	54	67	1.68124000000000e-02	1.00000000000000e-02
42	81	55	68	1.64963000000000e-02	1.00000000000000e-02
43	82	56	69	1.65445000000000e-02	1.00000000000000e-02
44	83	57	70	1.66107000000000e-02	1.00000000000000e-02
45	84	58	71	1.61972000000000e-02	1.00000000000000e-02
46	85	59	72	1.62788000000000e-02	1.00000000000000e-02
47	86	60	73	1.64386000000000e-02	1.00000000000000e-02
53	91	66	79	1.76182000000000e-02	1.00000000000000e-02
54	92	67	80	1.79198000000000e-02	1.00000000000000e-02
55	93	68	81	1.81192000000000e-02	1.00000000000000e-02
56	94	69	82	1.82220000000000e-02	1.00000000000000e-02
57	95	70	83	1.81319000000000e-02	1.00000000000000e-02
58	96	71	84	1.84710000000000e-02	1.00000000000000e-02
59	97	72	85	1.82171000000000e-02	1.00000000000000e-02
60	98	73	86	1.80014000000000e-02	1.00000000000000e-02
1	43	15	29	1.65246000000000e-02	1.00000000000000e-02
2	44	16	30	1.70056000000000e-02	1.00000000000000e-02
3	45	17	31	1.69420000000000e-02	1.00000000000000e-02
4	46	18	32	1.73027000000000e-02	1.00000000000000e-02
5	47	19	33	1.71995000000000e-02	1.00000000000000e-02
6	48	20	34	1.68669000000000e-02	1.00000000000000e-02
7	49	21	35	1.63619000000000e-02	1.00000000000000e-02
8	50	22	36	1.63707000000000e-02	1.00000000000000e-02
9	51	23	37	1.60819000000000e-02	1.00000000000000e-02
10	52	24	38	1.62492000000000e-02	1.00000000000000e-02
11	53	25	39	1.58338000000000e-02	1.00000000000000e-02
12	54	26	40	1.55761000000000e-02	1.00000000000000e-02
13	55	27	41	1.52331000000000e-02	1.00000000000000e-02
14	56	28	42	1.53367000000000e-02	1.00000000000000e-02
15	57	29	43	1.53802000000000e-02	1.00000000000000e-02
16	58	30	44	1.52929000000000e-02	1.00000000000000e-02
17	59	31	45	1.54199000000000e-02	1.00000000000000e-02
18	60	32	46	1.54639000000000e-02	1.00000000000000e-02
19	61	33	47	1.58204000000000e-02	1.00000000000000e-02
20	62	34	48	1.58128000000000e-02	1.00000000000000e-02
21	63	35	49	1.64921000000000e-02	1.00000000000000e-02
22	64	36	50	1.68440000000000e-02	1.00000000000000e-02
23	65	37	51	1.69598000000000e-02	1.00000000000000e-02
24	66	38	52	1.74445000000000e-02	1.00000000000000e-02
25	67	39	53	1.77715000000000e-02	1.00000000000000e-02
26	68	40	54	1.84483000000000e-02	1.00000000000000e-02
27	69	41	55	1.85496000000000e-02	1.00000000000000e-02
28	70	42	56	1.88729000000000e-02	1.00000000000000e-02
29	71	43	57	1.85841000000000e-02	1.00000000000000e-02
30	72	44	58	1.86408000000000e-02	1.00000000000000e-02
31	73	45	59	1.84729000000000e-02	1.00000000000000e-02
32	74	46	60	1.83730000000000e-02	1.00000000000000e-02
33	75	47	61	1.80973000000000e-02	1.00000000000000e-02
34	76	48	62	1.80265000000000e-02	1.00000000000000e-02
35	77	49	63	1.71571000000000e-02	1.00000000000000e-02
36	78	50	64	1.70145000000000e-02	1.00000000000000e-02
37	79	51	65	1.68902000000000e-02	1.00000000000000e-02
38	80	52	66	1.65448000000000e-02	1.00000000000000e-02
39	81	53	67	1.65060000000000e-02	1.00000000000000e-02
40	82	54	68	1.60605000000000e-02	1.00000000000000e-02
41	83	55	69	1.56903000000000e-02	1.00000000000000e-02
42	84	56	70	1.54621000000000e-02	1.00000000000000e-02
43	85	57	71	1.54574000000000e-02	1.00000000000000e-02
44	86	58	72	1.55015000000000e-02	1.00000000000000e-02
50	91	64	78	1.66826000000000e-02	1.00000000000000e-02
51	92	65	79	1.67509000000000e-02	1.00000000000000e-02
52	93	66	80	1.69392000000000e-02	1.00000000000000e-02
53	94	67	81	1.75977000000000e-02	1.00000000000000e-02
54	95	68	82	1.74888000000000e-02	1.00000000000000e-02
55	96	69	83	1.74723000000000e-02	1.00000000000000e-02
56	97	70	84	1.77939000000000e-02	1.00000000000000e-02
57	98	71	85	1.77448000000000e-02	1.00000000000000e-02
58	99	72	86	1.77639000000000e-02	1.00000000000000e-02
1	46	16	31	1.62209000000000e-02	1.00000000000000e-02
2	47	17	32	1.62426000000000e-02	1.00000000000000e-02
3	48	18	33	1.62910000000000e-02	1.00000000000000e-02
4	49	19	34	1.65433000000000e-02	1.00000000000000e-02
5	50	20	35	1.63112000000000e-02	1.00000000000000e-02
6	51	21	36	1.58171000000000e-02	1.00000000000000e-02
7	52	22	37	1.57031000000000e-02	1.00000000000000e-02
8	53	23	38	1.55374000000000e-02	1.00000000000000e-02
9	54	24	39	1.55364000000000e-02	1.00000000000000e-02
10	55	25	40	1.51756000000000e-02	1.00000000000000e-02
11	56	26	41	1.51483000000000e-02	1.00000000000000e-02
12	57	27	42	1.48696000000000e-02	1.00000000000000e-02
13	58	28	43	1.50652000000000e-02	1.00000000000000e-02
14	59	29	44	1.49547000000000e-02	1.00000000000000e-02
15	60	30	45	1.48638000000000e-02	1.00000000000000e-02
16	61	31	46	1.51884000000000e-02	1.00000000000000e-02
17	62	32	47	1.53721000000000e-02	1.00000000000000e-02
18	63	33	48	1.55378000000000e-02	1.00000000000000e-02
19	64	34	49	1.56924000000000e-02	1.00000000000000e-02
20	65	35	50	1.60488000000000e-02	1.00000000000000e-02
21	66	36	51	1.62620000000000e-02	1.00000000000000e-02
22	67	37	52	1.67274000000000e-02	1.00000000000000e-02
23	68	38	53	1.69351000000000e-02	1.00000000000000e-02
24	69	39	54	1.74258000000000e-02	1.00000000000000e-02
25	70	40	55	1.77793000000000e-02	1.00000000000000e-02
26	71	41	56	1.78808000000000e-02	1.00000000000000e-02
27	72	42	57	1.80976000000000e-02	1.00000000000000e-02
28	73	43	58	1.79099000000000e-02	1.00000000000000e-02
29	74	44	59	1.81329000000000e-02	1.00000000000000e-02
30	75	45	60	1.77707000000000e-02	1.00000000000000e-02
31	76	46	61	1.75888000000000e-02	1.00000000000000e-02
32	77	47	62	1.70611000000000e-02	1.00000000000000e-02
33	78	48	63	1.68491000000000e-02	1.00000000000000e-02
34	79	49	64	1.65359000000000e-02	1.00000000000000e-02
35	80	50	65	1.60952000000000e-02	1.00000000000000e-02
36	81	51	66	1.60917000000000e-02	1.00000000000000e-02
37	82	52	67	1.58115000000000e-02	1.00000000000000e-02
38	83	53	68	1.57753000000000e-02	1.00000000000000e-02
39	84	54	69	1.51866000000000e-02	1.00000000000000e-02
40	85	55	70	1.48825000000000e-02	1.00000000000000e-02
41	86	56	71	1.52523000000000e-02	1.00000000000000e-02
47	91	62	77	1.57738000000000e-02	1.00000000000000e-02
48	92	63	78	1.62292000000000e-02	1.00000000000000e-02
49	93	64	79	1.64267000000000e-02	1.00000000000000e-02
50	94	65	80	1.70254000000000e-02	1.00000000000000e-02
51	95	66	81	1.63073000000000e-02	1.00000000000000e-02
52	96	67	82	1.62631000000000e-02	1.00000000000000e-02
53	97	68	83	1.71917000000000e-02	1.00000000000000e-02
54	98	69	84	1.66251000000000e-02	1.00000000000000e-02
55	99	70	85	1.68884000000000e-02	1.00000000000000e-02
1	49	17	33	1.49133000000000e-02	1.00000000000000e-02
2	50	18	34	1.51102000000000e-02	1.00000000000000e-02
3	51	19	35	1.60886000000000e-02	1.00000000000000e-02
4	52	20	36	1.59296000000000e-02	1.00000000000000e-02
5	53	21	37	1.54412000000000e-02	1.00000000000000e-02
6	54	22	38	1.48646000000000e-02	1.00000000000000e-02
7	55	23	39	1.53819000000000e-02	1.00000000000000e-02
8	56	24	40	1.54051000000000e-02	1.00000000000000e-02
9	57	25	41	1.41250000000000e-02	1.00000000000000e-02
10	58	26	42	1.46465000000000e-02	1.00000000000000e-02
11	59	27	43	1.48386000000000e-02	1.00000000000000e-02
12	60	28	44	1.45965000000000e-02	1.00000000000000e-02
13	61	29	45	1.44975000000000e-02	1.00000000000000e-02
14	62	30	46	1.51902000000000e-02	1.00000000000000e-02
15	63	31	47	1.52364000000000e-02	1.00000000000000e-02
16	64	32	48	1.47113000000000e-02	1.00000000000000e-02
17	65	33	49	1.50928000000000e-02	1.00000000000000e-02
18	66	34	50	1.54268000000000e-02	1.00000000000000e-02
19	67	35	51	1.53455000000000e-02	1.00000000000000e-02
20	68	36	52	1.58643000000000e-02	1.00000000000000e-02
21	69	37	53	1.60122000000000e-02	1.00000000000000e-02
22	70	38	54	1.63255000000000e-02	1.00000000000000e-02
23	71	39	55	1.74123000000000e-02	1.00000000000000e-02
24	72	40	56	1.76647000000000e-02	1.00000000000000e-02
25	73	41	57	1.66978000000000e-02	1.00000000000000e-02
26	74	42	58	1.70227000000000e-02	1.00000000000000e-02
27	75	43	59	1.69747000000000e-02	1.00000000000000e-02
28	76	44	60	1.71495000000000e-02	1.00000000000000e-02
29	77	45	61	1.74656000000000e-02	1.00000000000000e-02
30	78	46	62	1.72561000000000e-02	1.00000000000000e-02
31	79	47	63	1.66565000000000e-02	1.00000000000000e-02
32	80	48	64	1.56445000000000e-02	1.00000000000000e-02
33	81	49	65	1.59291000000000e-02	1.00000000000000e-02
34	82	50	66	1.60957000000000e-02	1.00000000000000e-02
35	83	51	67	1.56968000000000e-02	1.00000000000000e-02
36	84	52	68	1.49406000000000e-02	1.00000000000000e-02
37	85	53	69	1.50844000000000e-02	1.00000000000000e-02
38	86	54	70	1.49064000000000e-02	1.00000000000000e-02
44	91	60	76	1.42036000000000e-02	1.00000000000000e-02
45	92	61	77	1.48327000000000e-02	1.00000000000000e-02
46	93	62	78	1.55594000000000e-02	1.00000000000000e-02
47	94	63	79	1.60187000000000e-02	1.00000000000000e-02
48	95	64	80	1.53974000000000e-02	1.00000000000000e-02
49	96	65	81	1.55836000000000e-02	1.00000000000000e-02
50	97	66	82	1.62534000000000e-02	1.00000000000000e-02
51	98	67	83	1.62823000000000e-02	1.00000000000000e-02
52	99	68	84	1.65808000000000e-02	1.00000000000000e-02
1	52	18	35	1.47198000000000e-02	1.00000000000000e-02
2	53	19	36	1.45551000000000e-02	1.00000000000000e-02
3	54	20	37	1.44045000000000e-02	1.00000000000000e-02
4	55	21	38	1.47948000000000e-02	1.00000000000000e-02
5	56	22	39	1.52131000000000e-02	1.00000000000000e-02
6	57	23	40	1.49269000000000e-02	1.00000000000000e-02
7	58	24	41	1.50858000000000e-02	1.00000000000000e-02
8	59	25	42	1.47172000000000e-02	1.00000000000000e-02
9	60	26	43	1.45526000000000e-02	1.00000000000000e-02
10	61	27	44	1.46234000000000e-02	1.00000000000000e-02
11	62	28	45	1.48737000000000e-02	1.00000000000000e-02
12	63	29	46	1.45492000000000e-02	1.00000000000000e-02
13	64	30	47	1.48755000000000e-02	1.00000000000000e-02
14	65	31	48	1.43383000000000e-02	1.00000000000000e-02
15	66	32	49	1.47830000000000e-02	1.00000000000000e-02
16	67	33	50	1.49874000000000e-02	1.00000000000000e-02
17	68	34	51	1.50021000000000e-02	1.00000000000000e-02
18	69	35	52	1.58420000000000e-02	1.00000000000000e-02
19	70	36	53	1.56852000000000e-02	1.00000000000000e-02
20	71	37	54	1.59001000000000e-02	1.00000000000000e-02
21	72	38	55	1.64766000000000e-02	1.00000000000000e-02
22	73	39	56	1.68504000000000e-02	1.00000000000000e-02
23	74	40	57	1.60710000000000e-02	1.00000000000000e-02
24	75	41	58	1.60222000000000e-02	1.00000000000000e-02
25	76	42	59	1.70836000000000e-02	1.00000000000000e-02
26	77	43	60	1.62100000000000e-02	1.00000000000000e-02
27	78	44	61	1.69740000000000e-02	1.00000000000000e-02
28	79	45	62	1.64649000000000e-02	1.00000000000000e-02
29	80	46	63	1.58568000000000e-02	1.00000000000000e-02
30	81	47	64	1.53092000000000e-02	1.00000000000000e-02
31	82	48	65	1.54428000000000e-02	1.00000000000000e-02
32	83	49	66	1.55323000000000e-02	1.00000000000000e-02
33	84	50	67	1.52323000000000e-02	1.00000000000000e-02
34	85	51	68	1.45567000000000e-02	1.00000000000000e-02
35	86	52	69	1.47330000000000e-02	1.00000000000000e-02
41	91	58	75	1.37576000000000e-02	1.00000000000000e-02
42	92	59	76	1.43172000000000e-02	1.00000000000000e-02
43	93	60	77	1.43842000000000e-02	1.00000000000000e-02
44	94	61	78	1.44445000000000e-02	1.00000000000000e-02
45	95	62	79	1.48613000000000e-02	1.00000000000000e-02
46	96	63	80	1.54123000000000e-02	1.00000000000000e-02
47	97	64	81	1.57488000000000e-02	1.00000000000000e-02
48	98	65	82	1.47472000000000e-02	1.00000000000000e-02
49	99	66	83	1.51368000000000e-02	1.00000000000000e-02
1	55	19	37	1.42950000000000e-02	1.00000000000000e-02
2	56	20	38	1.41698000000000e-02	1.00000000000000e-02
3	57	21	39	1.46625000000000e-02	1.00000000000000e-02
4	58	22	40	1.48014000000000e-02	1.00000000000000e-02
5	59	23	41	1.38011000000000e-02	1.00000000000000e-02
6	60	24	42	1.43207000000000e-02	1.00000000000000e-02
7	61	25	43	1.40026000000000e-02	1.00000000000000e-02
8	62	26	44	1.46591000000000e-02	1.00000000000000e-02
9	63	27	45	1.45816000000000e-02	1.00000000000000e-02
10	64	28	46	1.42523000000000e-02	1.00000000000000e-02
11	65	29	47	1.47601000000000e-02	1.00000000000000e-02
12	66	30	48	1.44379000000000e-02	1.00000000000000e-02
13	67	31	49	1.45605000000000e-02	1.00000000000000e-02
14	68	32	50	1.47240000000000e-02	1.00000000000000e-02
15	69	33	51	1.47809000000000e-02	1.00000000000000e-02
16	70	34	52	1.48705000000000e-02	1.00000000000000e-02
17	71	35	53	1.53772000000000e-02	1.00000000000000e-02
18	72	36	54	1.55608000000000e-02	1.00000000000000e-02
19	73	37	55	1.52410000000000e-02	1.00000000000000e-02
20	74	38	56	1.55726000000000e-02	1.00000000000000e-02
21	75	39	57	1.58190000000000e-02	1.00000000000000e-02
22	76	40	58	1.59853000000000e-02	1.00000000000000e-02
23	77	41	59	1.59585000000000e-02	1.00000000000000e-02
24	78	42	60	1.59725000000000e-02	1.00000000000000e-02
25	79	43	61	1.56678000000000e-02	1.00000000000000e-02
26	80	44	62	1.55752000000000e-02	1.00000000000000e-02
27	81	45	63	1.54782000000000e-02	1.00000000000000e-02
28	82	46	64	1.52882000000000e-02	1.00000000000000e-02
29	83	47	65	1.50332000000000e-02	1.00000000000000e-02
30	84	48	66	1.47858000000000e-02	1.00000000000000e-02
31	85	49	67	1.44274000000000e-02	1.00000000000000e-02
32	86	50	68	1.42595000000000e-02	1.00000000000000e-02
38	91	56	74	1.35873000000000e-02	1.00000000000000e-02
39	92	57	75	1.37699000000000e-02	1.00000000000000e-02
40	93	58	76	1.38849000000000e-02	1.00000000000000e-02
41	94	59	77	1.40511000000000e-02	1.00000000000000e-02
42	95	60	78	1.38416000000000e-02	1.00000000000000e-02
43	96	61	79	1.42149000000000e-02	1.00000000000000e-02
44	97	62	80	1.43952000000000e-02	1.00000000000000e-02
45	98	63	81	1.45100000000000e-02	1.00000000000000e-02
46	99	64	82	1.49052000000000e-02	1.00000000000000e-02
1	58	20	39	1.36380000000000e-02	1.00000000000000e-02
2	59	21	40	1.35286000000000e-02	1.00000000000000e-02
3	60	22	41	1.36851000000000e-02	1.00000000000000e-02
4	61	23	42	1.38793000000000e-02	1.00000000000000e-02
5	62	24	43	1.42344000000000e-02	1.00000000000000e-02
6	63	25	44	1.41200000000000e-02	1.00000000000000e-02
7	64	26	45	1.41821000000000e-02	1.00000000000000e-02
8	65	27	46	1.41349000000000e-02	1.00000000000000e-02
9	66	28	47	1.41780000000000e-02	1.00000000000000e-02
10	67	29	48	1.41454000000000e-02	1.00000000000000e-02
11	68	30	49	1.43877000000000e-02	1.00000000000000e-02
12	69	31	50	1.45060000000000e-02	1.00000000000000e-02
13	70	32	51	1.47419000000000e-02	1.00000000000000e-02
14	71	33	52	1.45514000000000e-02	1.00000000000000e-02
15	72	34	53	1.45585000000000e-02	1.00000000000000e-02
16	73	35	54	1.48200000000000e-02	1.00000000000000e-02
17	74	36	55	1.48336000000000e-02	1.00000000000000e-02
18	75	37	56	1.51616000000000e-02	1.00000000000000e-02
19	76	38	57	1.52176000000000e-02	1.00000000000000e-02
20	77	39	58	1.50451000000000e-02	1.00000000000000e-02
21	78	40	59	1.50548000000000e-02	1.00000000000000e-02
22	79	41	60	1.53547000000000e-02	1.00000000000000e-02
23	80	42	61	1.51145000000000e-02	1.00000000000000e-02
24	81	43	62	1.49172000000000e-02	1.00000000000000e-02
25	82	44	63	1.48441000000000e-02	1.00000000000000e-02
26	83	45	64	1.48097000000000e-02	1.00000000000000e-02
27	84	46	65	1.43259000000000e-02	1.00000000000000e-02
28	85	47	66	1.42123000000000e-02	1.00000000000000e-02
29	86	48	67	1.38710000000000e-02	1.00000000000000e-02
35	91	54	73	1.35398000000000e-02	1.00000000000000e-02
36	92	55	74	1.36146000000000e-02	1.00000000000000e-02
37	93	56	75	1.34953000000000e-02	1.00000000000000e-02
38	94	57	76	1.34702000000000e-02	1.00000000000000e-02
39	95	58	77	1.38487000000000e-02	1.00000000000000e-02
40	96	59	78	1.34016000000000e-02	1.00000000000000e-02
41	97	60	79	1.36027000000000e-02	1.00000000000000e-02
42	98	61	80	1.35996000000000e-02	1.00000000000000e-02
43	99	62	81	1.36949000000000e-02	1.00000000000000e-02
1	61	21	41	1.29937000000000e-02	1.00000000000000e-02
2	62	22	42	1.33491000000000e-02	1.00000000000000e-02
3	63	23	43	1.37229000000000e-02	1.00000000000000e-02
4	64	24	44	1.38920000000000e-02	1.00000000000000e-02
5	65	25	45	1.39532000000000e-02	1.00000000000000e-02
6	66	26	46	1.39563000000000e-02	1.00000000000000e-02
7	67	27	47	1.37550000000000e-02	1.00000000000000e-02
8	68	28	48	1.35182000000000e-02	1.00000000000000e-02
9	69	29	49	1.43252000000000e-02	1.00000000000000e-02
10	70	30	50	1.44396000000000e-02	1.00000000000000e-02
11	71	31	51	1.41687000000000e-02	1.00000000000000e-02
12	72	32	52	1.40233000000000e-02	1.00000000000000e-02
13	73	33	53	1.38858000000000e-02	1.00000000000000e-02
14	74	34	54	1.45246000000000e-02	1.00000000000000e-02
15	75	35	55	1.48995000000000e-02	1.00000000000000e-02
16	76	36	56	1.48659000000000e-02	1.00000000000000e-02
17	77	37	57	1.48986000000000e-02	1.00000000000000e-02
18	78	38	58	1.42482000000000e-02	1.00000000000000e-02
19	79	39	59	1.42210000000000e-02	1.00000000000000e-02
20	80	40	60	1.50397000000000e-02	1.00000000000000e-02
21	81	41	61	1.48614000000000e-02	1.00000000000000e-02
22	82	42	62	1.46835000000000e-02	1.00000000000000e-02
23	83	43	63	1.42484000000000e-02	1.00000000000000e-02
24	84	44	64	1.41624000000000e-02	1.00000000000000e-02
25	85	45	65	1.39024000000000e-02	1.00000000000000e-02
26	86	46	66	1.38287000000000e-02	1.00000000000000e-02
32	91	52	72	1.36388000000000e-02	1.00000000000000e-02
33	92	53	73	1.36765000000000e-02	1.00000000000000e-02
34	93	54	74	1.30001000000000e-02	1.00000000000000e-02
35	94	55	75	1.32412000000000e-02	1.00000000000000e-02
36	95	56	76	1.31611000000000e-02	1.00000000000000e-02
37	96	57	77	1.32322000000000e-02	1.00000000000000e-02
38	97	58	78	1.31989000000000e-02	1.00000000000000e-02
39	98	59	79	1.34043000000000e-02	1.00000000000000e-02
40	99	60	80	1.35690000000000e-02	1.00000000000000e-02
1	64	22	43	1.30205000000000e-02	1.00000000000000e-02
2	65	23	44	1.27877000000000e-02	1.00000000000000e-02
3	66	24	45	1.30435000000000e-02	1.00000000000000e-02
4	67	25	46	1.36611000000000e-02	1.00000000000000e-02
5	68	26	47	1.35445000000000e-02	1.00000000000000e-02
6	69	27	48	1.32921000000000e-02	1.00000000000000e-02
7	70	28	49	1.35938000000000e-02	1.00000000000000e-02
8	71	29	50	1.39478000000000e-02	1.00000000000000e-02
9	72	30	51	1.39450000000000e-02	1.00000000000000e-02
10	73	31	52	1.35917000000000e-02	1.00000000000000e-02
11	74	32	53	1.36204000000000e-02	1.00000000000000e-02
12	75	33	54	1.39819000000000e-02	1.00000000000000e-02
13	76	34	55	1.42419000000000e-02	1.00000000000000e-02
14	77	35	56	1.39665000000000e-02	1.00000000000000e-02
15	78	36	57	1.41177000000000e-02	1.00000000000000e-02
16	79	37	58	1.38293000000000e-02	1.00000000000000e-02
17	80	38	59	1.41045000000000e-02	1.00000000000000e-02
18	81	39	60	1.41956000000000e-02	1.00000000000000e-02
19	82	40	61	1.39236000000000e-02	1.00000000000000e-02
20	83	41	62	1.41343000000000e-02	1.00000000000000e-02
21	84	42	63	1.38475000000000e-02	1.00000000000000e-02
22	85	43	64	1.38333000000000e-02	1.00000000000000e-02
23	86	44	65	1.36290000000000e-02	1.00000000000000e-02
29	91	50	71	1.31445000000000e-02	1.00000000000000e-02
30	92	51	72	1.32424000000000e-02	1.00000000000000e-02
31	93	52	73	1.31030000000000e-02	1.00000000000000e-02
32	94	53	74	1.31634000000000e-02	1.00000000000000e-02
33	95	54	75	1.32430000000000e-02	1.00000000000000e-02
34	96	55	76	1.31051000000000e-02	1.00000000000000e-02
35	97	56	77	1.28044000000000e-02	1.00000000000000e-02
36	98	57	78	1.26819000000000e-02	1.00000000000000e-02
37	99	58	79	1.33736000000000e-02	1.00000000000000e-02
1	67	23	45	1.30656000000000e-02	1.00000000000000e-02
2	68	24	46	1.29875000000000e-02	1.00000000000000e-02
3	69	25	47	1.34193000000000e-02	1.00000000000000e-02
4	70	26	48	1.33646000000000e-02	1.00000000000000e-02
5	71	27	49	1.36879000000000e-02	1.00000000000000e-02
6	72	28	50	1.34444000000000e-02	1.00000000000000e-02
7	73	29	51	1.35034000000000e-02	1.00000000000000e-02
8	74	30	52	1.33778000000000e-02	1.00000000000000e-02
9	75	31	53	1.34020000000000e-02	1.00000000000000e-02
10	76	32	54	1.34553000000000e-02	1.00000000000000e-02
11	77	33	55	1.36786000000000e-02	1.00000000000000e-02
12	78	34	56	1.37472000000000e-02	1.00000000000000e-02
13	79	35	57	1.38342000000000e-02	1.00000000000000e-02
14	80	36	58	1.38433000000000e-02	1.00000000000000e-02
15	81	37	59	1.40129000000000e-02	1.00000000000000e-02
16	82	38	60	1.34746000000000e-02	1.00000000000000e-02
17	83	39	61	1.35505000000000e-02	1.00000000000000e-02
18	84	40	62	1.37597000000000e-02	1.00000000000000e-02
19	85	41	63	1.36006000000000e-02	1.00000000000000e-02
20	86	42	64	1.32752000000000e-02	1.00000000000000e-02
26	91	48	70	1.27580000000000e-02	1.00000000000000e-02
27	92	49	71	1.29159000000000e-02	1.00000000000000e-02
28	93	50	72	1.30296000000000e-02	1.00000000000000e-02
29	94	51	73	1.33113000000000e-02	1.00000000000000e-02
30	95	52	74	1.30175000000000e-02	1.00000000000000e-02
31	96	53	75	1.29661000000000e-02	1.00000000000000e-02
32	97	54	76	1.26814000000000e-02	1.00000000000000e-02
33	98	55	77	1.26345000000000e-02	1.00000000000000e-02
34	99	56	78	1.28386000000000e-02	1.00000000000000e-02
1	70	24	47	1.29108000000000e-02	1.00000000000000e-02
2	71	25	48	1.30359000000000e-02	1.00000000000000e-02
3	72	26	49	1.32087000000000e-02	1.00000000000000e-02
4	73	27	50	1.32183000000000e-02	1.00000000000000e-02
5	74	28	51	1.31676000000000e-02	1.00000000000000e-02
6	75	29	52	1.30674000000000e-02	1.00000000000000e-02
7	76	30	53	1.29957000000000e-02	1.00000000000000e-02
8	77	31	54	1.32230000000000e-02	1.00000000000000e-02
9	78	32	55	1.30355000000000e-02	1.00000000000000e-02
10	79	33	56	1.36071000000000e-02	1.00000000000000e-02
11	80	34	57	1.32886000000000e-02	1.00000000000000e-02
12	81	35	58	1.35304000000000e-02	1.00000000000000e-02
13	82	36	59	1.34702000000000e-02	1.00000000000000e-02
14	83	37	60	1.31612000000000e-02	1.00000000000000e-02
15	84	38	61	1.29149000000000e-02	1.00000000000000e-02
16	85	39	62	1.31906000000000e-02	1.00000000000000e-02
17	86	40	63	1.31740000000000e-02	1.00000000000000e-02
23	91	46	69	1.23527000000000e-02	1.00000000000000e-02
24	92	47	70	1.25803000000000e-02	1.00000000000000e-02
25	93	48	71	1.24901000000000e-02	1.00000000000000e-02
26	94	49	72	1.24347000000000e-02	1.00000000000000e-02
27	95	50	73	1.26949000000000e-02	1.00000000000000e-02
28	96	51	74	1.27501000000000e-02	1.00000000000000e-02
29	97	52	75	1.26103000000000e-02	1.00000000000000e-02
30	98	53	76	1.24665000000000e-02	1.00000000000000e-02
31	99	54	77	1.26724000000000e-02	1.00000000000000e-02
1	73	25	49	1.24481000000000e-02	1.00000000000000e-02
2	74	26	50	1.26314000000000e-02	1.00000000000000e-02
3	75	27	51	1.27339000000000e-02	1.00000000000000e-02
4	76	28	52	1.29257000000000e-02	1.00000000000000e-02
5	77	29	53	1.29908000000000e-02	1.00000000000000e-02
6	78	30	54	1.27112000000000e-02	1.00000000000000e-02
7	79	31	55	1.27717000000000e-02	1.00000000000000e-02
8	80	32	56	1.28512000000000e-02	1.00000000000000e-02
9	81	33	57	1.27674000000000e-02	1.00000000000000e-02
10	82	34	58	1.30042000000000e-02	1.00000000000000e-02
11	83	35	59	1.31170000000000e-02	1.00000000000000e-02
12	84	36	60	1.28936000000000e-02	1.00000000000000e-02
13	85	37	61	1.26886000000000e-02	1.00000000000000e-02
14	86	38	62	1.29791000000000e-02	1.00000000000000e-02
20	91	44	68	1.27666000000000e-02	1.00000000000000e-02
21	92	45	69	1.25005000000000e-02	1.00000000000000e-02
22	93	46	70	1.20950000000000e-02	1.00000000000000e-02
23	94	47	71	1.26436000000000e-02	1.00000000000000e-02
24	95	48	72	1.18669000000000e-02	1.00000000000000e-02
25	96	49	73	1.19348000000000e-02	1.00000000000000e-02
26	97	50	74	1.21661000000000e-02	1.00000000000000e-02
27	98	51	75	1.23305000000000e-02	1.00000000000000e-02
28	99	52	76	1.23464000000000e-02	1.00000000000000e-02
1	76	26	51	1.21016000000000e-02	1.00000000000000e-02
2	77	27	52	1.24906000000000e-02	1.00000000000000e-02
3	78	28	53	1.25432000000000e-02	1.00000000000000e-02
4	79	29	54	1.27438000000000e-02	1.00000000000000e-02
5	80	30	55	1.25077000000000e-02	1.00000000000000e-02
6	81	31	56	1.26200000000000e-02	1.00000000000000e-02
7	82	32	57	1.25138000000000e-02	1.00000000000000e-02
8	83	33	58	1.26081000000000e-02	1.00000000000000e-02
9	84	34	59	1.23551000000000e-02	1.00000000000000e-02
10	85	35	60	1.24528000000000e-02	1.00000000000000e-02
11	86	36	61	1.25039000000000e-02	1.00000000000000e-02
17	91	42	67	1.22569000000000e-02	1.00000000000000e-02
18	92	43	68	1.19263000000000e-02	1.00000000000000e-02
19	93	44	69	1.22601000000000e-02	1.00000000000000e-02
20	94	45	70	1.23304000000000e-02	1.00000000000000e-02
21	95	46	71	1.21203000000000e-02	1.00000000000000e-02
22	96	47	72	1.25037000000000e-02	1.00000000000000e-02
23	97	48	73	1.24631000000000e-02	1.00000000000000e-02
24	98	49	74	1.17419000000000e-02	1.00000000000000e-02
25	99	50	75	1.17423000000000e-02	1.00000000000000e-02
1	79	27	53	1.19404000000000e-02	1.00000000000000e-02
2	80	28	54	1.24780000000000e-02	1.00000000000000e-02
3	81	29	55	1.16746000000000e-02	1.00000000000000e-02
4	82	30	56	1.17248000000000e-02	1.00000000000000e-02
5	83	31	57	1.24974000000000e-02	1.00000000000000e-02
6	84	32	58	1.23475000000000e-02	1.00000000000000e-02
7	85	33	59	1.20832000000000e-02	1.00000000000000e-02
8	86	34	60	1.22207000000000e-02	1.00000000000000e-02
14	91	40	66	1.15469000000000e-02	1.00000000000000e-02
15	92	41	67	1.14215000000000e-02	1.00000000000000e-02
16	93	42	68	1.17885000000000e-02	1.00000000000000e-02
17	94	43	69	1.18889000000000e-02	1.00000000000000e-02
18	95	44	70	1.23541000000000e-02	1.00000000000000e-02
19	96	45	71	1.13374000000000e-02	1.00000000000000e-02
20	97	46	72	1.18463000000000e-02	1.00000000000000e-02
21	98	47	73	1.15799000000000e-02	1.00000000000000e-02
22	99	48	74	1.10830000000000e-02	1.00000000000000e-02
1	82	28	55	1.22267000000000e-02	1.00000000000000e-02
2	83	29	56	1.11995000000000e-02	1.00000000000000e-02
3	84	30	57	1.24827000000000e-02	1.00000000000000e-02
4	85	31	58	1.11128000000000e-02	1.00000000000000e-02
5	86	32	59	1.13934000000000e-02	1.00000000000000e-02
11	91	38	65	1.22093000000000e-02	1.00000000000000e-02
12	92	39	66	1.15175000000000e-02	1.00000000000000e-02
13	93	40	67	1.23526000000000e-02	1.00000000000000e-02
14	94	41	68	1.12898000000000e-02	1.00000000000000e-02
15	95	42	69	1.18888000000000e-02	1.00000000000000e-02
16	96	43	70	1.19621000000000e-02	1.00000000000000e-02
17	97	44	71	1.17397000000000e-02	1.00000000000000e-02
18	98	45	72	1.10587000000000e-02	1.00000000000000e-02
19	99	46	73	1.08174000000000e-02	1.00000000000000e-02
1	85	29	57	1.18358000000000e-02	1.00000000000000e-02
2	86	30	58	1.16427000000000e-02	1.00000000000000e-02
8	91	36	64	1.27067000000000e-02	1.00000000000000e-02
9	92	37	65	1.23254000000000e-02	1.00000000000000e-02
10	93	38	66	1.22687000000000e-02	1.00000000000000e-02
11	94	39	67	1.10643000000000e-02	1.00000000000000e-02
12	95	40	68	1.09471000000000e-02	1.00000000000000e-02
13	96	41	69	1.11052000000000e-02	1.00000000000000e-02
14	97	42	70	1.12020000000000e-02	1.00000000000000e-02
15	98	43	71	1.11381000000000e-02	1.00000000000000e-02
16	99	44	72	1.09778000000000e-02	1.00000000000000e-02
5	91	34	63	1.10132000000000e-02	1.00000000000000e-02
6	92	35	64	1.16075000000000e-02	1.00000000000000e-02
7	93	36	65	1.19355000000000e-02	1.00000000000000e-02
8	94	37	66	1.07393000000000e-02	1.00000000000000e-02
9	95	38	67	1.09143000000000e-02	1.00000000000000e-02
10	96	39	68	1.18014000000000e-02	1.00000000000000e-02
11	97	40	69	1.11996000000000e-02	1.00000000000000e-02
12	98	41	70	1.14834000000000e-02	1.00000000000000e-02
13	99	42	71	1.14986000000000e-02	1.00000000000000e-02
2	91	32	62	1.08060000000000e-02	1.00000000000000e-02
3	92	33	63	1.08630000000000e-02	1.00000000000000e-02
4	93	34	64	1.08226000000000e-02	1.00000000000000e-02
5	94	35	65	1.10924000000000e-02	1.00000000000000e-02
6	95	36	66	1.09894000000000e-02	1.00000000000000e-02
7	96	37	67	1.09164000000000e-02	1.00000000000000e-02
8	97	38	68	1.09631000000000e-02	1.00000000000000e-02
9	98	39	69	1.09357000000000e-02	1.00000000000000e-02
10	99	40	70	1.10603000000000e-02	1.00000000000000e-02
1	93	32	63	1.03798000000000e-02	1.00000000000000e-02
2	94	33	64	1.06152000000000e-02	1.00000000000000e-02
3	95	34	65	1.06983000000000e-02	1.00000000000000e-02
4	96	35	66	1.06899000000000e-02	1.00000000000000e-02
5	97	36	67	1.08065000000000e-02	1.00000000000000e-02
6	98	37	68	1.05821000000000e-02	1.00000000000000e-02
7	99	38	69	1.06371000000000e-02	1.00000000000000e-02
1	96	33	65	1.02614000000000e-02	1.00000000000000e-02
2	97	34	66	1.03533000000000e-02	1.00000000000000e-02
3	98	35	67	1.06178000000000e-02	1.00000000000000e-02
4	99	36	68	1.06783000000000e-02	1.00000000000000e-02
1	99	34	67	1.00686000000000e-02	1.00000000000000e-02
0
